-149055.84072338772 1.0000000000000000
-18972.576631179385 1.0000000000000000
42381.985530002174 1.0000000000000000
431063.09811306983 1.0000000000000000
676372.89821953012 1.0000000000000000
1581839.2741325076 1.0000000000000000
-347.08397733986556 1.0000000000000000
-171392.62249653897 1.0000000000000000
3122.3150066440353 1.0000000000000000
-1494.9683833751506 1.0000000000000000
7920.9863822076850 1.0000000000000000
15544.498341439376 1.0000000000000000
2466.7611759669489 1.0000000000000000
-102951.09174825900 1.0000000000000000
-449.30031268143915 1.0000000000000000
566.71219290001227 1.0000000000000000
-18877.774711693248 1.0000000000000000
174773.80808753794 1.0000000000000000
-751553.51411266520 1.0000000000000000
11171.810413327152 1.0000000000000000
215908.27292053003 1.0000000000000000
-11208.804142528012 1.0000000000000000
-117409.63829556572 1.0000000000000000
-599455.04951575329 1.0000000000000000
-12479.051471853931 1.0000000000000000
-73983.995928569493 1.0000000000000000
80981.794383936285 1.0000000000000000
-8836.9766526803687 1.0000000000000000
23542.418882174072 1.0000000000000000
-2981.7157925998663 1.0000000000000000
-349688.93875937752 1.0000000000000000
2509.6098576517238 1.0000000000000000
73869.778803626803 1.0000000000000000
44675.114503483870 1.0000000000000000
-789216.42081512080 1.0000000000000000
46634.164018856558 1.0000000000000000
20432.517252150446 1.0000000000000000
293745.56711093173 1.0000000000000000
-88205.364822908814 1.0000000000000000
-5246.1390835014345 1.0000000000000000
-127.11611573273856 1.0000000000000000
5795.4017612346352 1.0000000000000000
-5352.5734735504102 1.0000000000000000
4649.4560397158366 1.0000000000000000
-109241.51613836821 1.0000000000000000
-220215.12426192747 1.0000000000000000
-4645.2678010379932 1.0000000000000000
-4649.6429559007274 1.0000000000000000
-536017.70235365664 1.0000000000000000
30962.275057255589 1.0000000000000000
212013.84140338047 1.0000000000000000
16628.399398526926 1.0000000000000000
-507949.41401898256 1.0000000000000000
116411.13066520441 1.0000000000000000
-18714.485693337298 1.0000000000000000
-9742.6056366980920 1.0000000000000000
-9163.5990508705036 1.0000000000000000
140198.08190356626 1.0000000000000000
-61081.751382375769 1.0000000000000000
13413.563640009113 1.0000000000000000
43517.020492864001 1.0000000000000000
22865.320626142235 1.0000000000000000
-77366.558614859794 1.0000000000000000
183030.46248173609 1.0000000000000000
-8250.0346717809043 1.0000000000000000
295895.76268199022 1.0000000000000000
268888.32838278561 1.0000000000000000
-90130.284594263459 1.0000000000000000
100374.14948648991 1.0000000000000000
-42811.979367329717 1.0000000000000000
53167.638382598139 1.0000000000000000
116079.22583465256 1.0000000000000000
272163.57373089978 1.0000000000000000
32814.603853247398 1.0000000000000000
16486.731142746085 1.0000000000000000
-73565.498891950745 1.0000000000000000
-29215.979563491008 1.0000000000000000
150722.10161932485 1.0000000000000000
12690.204869738885 1.0000000000000000
105231.21613767141 1.0000000000000000
200170.39372587245 1.0000000000000000
4496.7944093977576 1.0000000000000000
103.93307145404501 1.0000000000000000
2712.0474470667941 1.0000000000000000
68745.985440202945 1.0000000000000000
-196042.99657808430 1.0000000000000000
-6471.8924979634785 1.0000000000000000
633.37392173283661 1.0000000000000000
53539.153761419926 1.0000000000000000
30581.852740146860 1.0000000000000000
13723.095921157279 1.0000000000000000
34192.980585883794 1.0000000000000000
-35941.941481468733 1.0000000000000000
-7813.6425682279742 1.0000000000000000
-10321.168216359503 1.0000000000000000
-89600.856757563408 1.0000000000000000
28575.459782442391 1.0000000000000000
4404.0634238071316 1.0000000000000000
68436.556407859593 1.0000000000000000
-3901.5756958011243 1.0000000000000000
2952.8060582017738 1.0000000000000000
-21940.718262405982 1.0000000000000000
11126.150784533031 1.0000000000000000
60678.601282994321 1.0000000000000000
10682.675109467305 1.0000000000000000
-136750.90525397661 1.0000000000000000
-177495.18700976664 1.0000000000000000
-54308.757611123357 1.0000000000000000
22740.466666949815 1.0000000000000000
22957.552428890227 1.0000000000000000
39332.473675890607 1.0000000000000000
1112.7410104160140 1.0000000000000000
1120.8636448098780 1.0000000000000000
1602.3829071825094 1.0000000000000000
-93954.110971869741 1.0000000000000000
-16770.187121505169 1.0000000000000000
-41223.177528359942 1.0000000000000000
-76759.509003566418 1.0000000000000000
61967.423231302935 1.0000000000000000
239865.84146316859 1.0000000000000000
-18990.530960077187 1.0000000000000000
-284.39828893839228 1.0000000000000000
79939.292475794733 1.0000000000000000
5002.7442486820937 1.0000000000000000
-30565.465104355539 1.0000000000000000
14481.767075036218 1.0000000000000000
217418.66884820192 1.0000000000000000
10389.235754382475 1.0000000000000000
11737.083866760635 1.0000000000000000
7217.7257039439201 1.0000000000000000
-14202.617886689246 1.0000000000000000
-310254.89432002214 1.0000000000000000
-2677.3972669910431 1.0000000000000000
-54278.493057555002 1.0000000000000000
-14540.458207460897 1.0000000000000000
-8601.0854783514769 1.0000000000000000
-44380.647150678269 1.0000000000000000
-76590.089799781883 1.0000000000000000
23609.384834533979 1.0000000000000000
-14137.364091093265 1.0000000000000000
-11432.735018382764 1.0000000000000000
-37405.794938389517 1.0000000000000000
-53389.068756190194 1.0000000000000000
9599.3618294844073 1.0000000000000000
43908.869489767392 1.0000000000000000
111445.60420823612 1.0000000000000000
70669.129346125410 1.0000000000000000
150326.14571072278 1.0000000000000000
-153950.80471744630 1.0000000000000000
119982.62542966673 1.0000000000000000
-109776.36385274917 1.0000000000000000
18218.423802602454 1.0000000000000000
3354.5032964384141 1.0000000000000000
-28910.379100641378 1.0000000000000000
18224.600111512395 1.0000000000000000
-41278.218153007809 1.0000000000000000
-16598.607339539634 1.0000000000000000
-1096.3548059887130 1.0000000000000000
-30734.971827669342 1.0000000000000000
-32123.655456862401 1.0000000000000000
-30934.823418980352 1.0000000000000000
14019.531211635212 1.0000000000000000
105645.79067508566 1.0000000000000000
-38474.614557213143 1.0000000000000000
3518.6751548834682 1.0000000000000000
85770.799168477271 1.0000000000000000
299246.31184926844 1.0000000000000000
-8528.0782361165293 1.0000000000000000
6907.5139753308085 1.0000000000000000
-20300.274907115687 1.0000000000000000
-21019.490307361481 1.0000000000000000
-70604.124539727767 1.0000000000000000
19785.212307913334 1.0000000000000000
-269649.46340598696 1.0000000000000000
-22247.718490817959 1.0000000000000000
-20997.278775846455 1.0000000000000000
11461.426262599349 1.0000000000000000
-25638.657461911163 1.0000000000000000
11754.386158188945 1.0000000000000000
47149.883639625441 1.0000000000000000
3914.7366698900719 1.0000000000000000
11380.773031832477 1.0000000000000000
-10859.029525468097 1.0000000000000000
41222.985280229972 1.0000000000000000
451.06615274254608 1.0000000000000000
-71920.745771281669 1.0000000000000000
6169.7428359421665 1.0000000000000000
-61670.490407044803 1.0000000000000000
9886.1015753108950 1.0000000000000000
-154623.23240406744 1.0000000000000000
98301.086009485240 1.0000000000000000
2075.4888288022280 1.0000000000000000
-44259.209020374925 1.0000000000000000
55704.863221681706 1.0000000000000000
-78097.000879598418 1.0000000000000000
-43346.160691298617 1.0000000000000000
-3902.7159203687752 1.0000000000000000
41980.843094388489 1.0000000000000000
8139.2101196999502 1.0000000000000000
-69299.724587513687 1.0000000000000000
18617.607190973631 1.0000000000000000
26341.019266833122 1.0000000000000000
-40170.520297088377 1.0000000000000000
-34906.661164039957 1.0000000000000000
18262.501327178881 1.0000000000000000
28255.387197377924 1.0000000000000000
-33013.630867461579 1.0000000000000000
-10190.152369690446 1.0000000000000000
33347.386105407408 1.0000000000000000
-293612.14228108368 1.0000000000000000
-7891.4288672865105 1.0000000000000000
-31292.006370159947 1.0000000000000000
-7810.3598267392099 1.0000000000000000
20924.070199810947 1.0000000000000000
11423.005938438757 1.0000000000000000
-22490.497068564215 1.0000000000000000
1307.4766677248126 1.0000000000000000
-39637.531103587295 1.0000000000000000
-131899.33411698227 1.0000000000000000
33489.087524180039 1.0000000000000000
9494.9722368932962 1.0000000000000000
9530.2323620199040 1.0000000000000000
-7543.3838335663713 1.0000000000000000
-66972.254508035941 1.0000000000000000
-29858.039167708441 1.0000000000000000
-22250.626104978455 1.0000000000000000
10025.424539479765 1.0000000000000000
-25287.456266056284 1.0000000000000000
42048.202381134295 1.0000000000000000
7366.9911145187089 1.0000000000000000
15624.035358461610 1.0000000000000000
42178.552150585470 1.0000000000000000
-26782.057871811059 1.0000000000000000
-56393.023487129183 1.0000000000000000
-11637.571797573111 1.0000000000000000
-2526.4115790742926 1.0000000000000000
-23684.262771097558 1.0000000000000000
33853.035311207292 1.0000000000000000
-28411.405896337619 1.0000000000000000
245806.23776506403 1.0000000000000000
-28741.542484754111 1.0000000000000000
-31638.344321383658 1.0000000000000000
-1739.8844710789438 1.0000000000000000
7359.4535378537912 1.0000000000000000
-34535.181545907049 1.0000000000000000
148785.25271300678 1.0000000000000000
124594.54168843494 1.0000000000000000
-44611.595715246149 1.0000000000000000
-32640.490883723127 1.0000000000000000
-33657.755525273024 1.0000000000000000
-405.25304386377417 1.0000000000000000
-24348.079479790940 1.0000000000000000
-2806.6253191701949 1.0000000000000000
9759.8269469036313 1.0000000000000000
-48972.195571042881 1.0000000000000000
-5455.2370557502572 1.0000000000000000
19889.057395072472 1.0000000000000000
-18564.098372375203 1.0000000000000000
63452.957255765628 1.0000000000000000
-11137.062666471393 1.0000000000000000
-22497.085670134496 1.0000000000000000
-113114.08177568037 1.0000000000000000
-1684.1520741427253 1.0000000000000000
82565.306550640336 1.0000000000000000
-1776.4259707103179 1.0000000000000000
-56883.321212591225 1.0000000000000000
-28418.266122190544 1.0000000000000000
79124.741789130669 1.0000000000000000
31894.879292915521 1.0000000000000000
-9775.2321836286264 1.0000000000000000
61.911807499668086 1.0000000000000000
109411.84759482223 1.0000000000000000
29174.909948959685 1.0000000000000000
6434.0467340745563 1.0000000000000000
-160092.16316669231 1.0000000000000000
5.1334631855254846 1.0000000000000000
199113.77529928079 1.0000000000000000
23371.845805137236 1.0000000000000000
-18886.449407809047 1.0000000000000000
-626.38683434842756 1.0000000000000000
57469.185928539293 1.0000000000000000
-79991.605705054069 1.0000000000000000
-129551.85751235444 1.0000000000000000
37063.842456731487 1.0000000000000000
-99426.194392575009 1.0000000000000000
15311.303775649236 1.0000000000000000
49905.208199461937 1.0000000000000000
-36547.079677895039 1.0000000000000000
18069.605852841160 1.0000000000000000
-40046.148488909806 1.0000000000000000
-59074.919203908350 1.0000000000000000
83208.502665983484 1.0000000000000000
20985.398922793433 1.0000000000000000
2975.6821311269969 1.0000000000000000
-25005.999455601996 1.0000000000000000
113776.67989937408 1.0000000000000000
-30020.925674908995 1.0000000000000000
1925.0430170798327 1.0000000000000000
-89150.506308155673 1.0000000000000000
-29361.478736034540 1.0000000000000000
-13925.975035662877 1.0000000000000000
-134880.25840424749 1.0000000000000000
-9785.1458387159728 1.0000000000000000
177741.08231294976 1.0000000000000000
47486.729555549224 1.0000000000000000
36194.281620531874 1.0000000000000000
7556.1773880963565 1.0000000000000000
-65565.254002643938 1.0000000000000000
96391.873146297046 1.0000000000000000
-78712.636180410860 1.0000000000000000
-37690.060026502826 1.0000000000000000
100859.59722823602 1.0000000000000000
-23827.301691554236 1.0000000000000000
55693.438448805413 1.0000000000000000
5599.3890089438182 1.0000000000000000
4890.8932229109450 1.0000000000000000
2929.6932845120123 1.0000000000000000
33839.981600275765 1.0000000000000000
7921.9637312928508 1.0000000000000000
7044.0891519122197 1.0000000000000000
-26810.450516606437 1.0000000000000000
-27954.095345978309 1.0000000000000000
-19863.246468201305 1.0000000000000000
31780.092566698233 1.0000000000000000
12366.435139623869 1.0000000000000000
410.25645108279184 1.0000000000000000
157494.37954937352 1.0000000000000000
-6863.1397080209881 1.0000000000000000
-2393.6308595980495 1.0000000000000000
-20477.112568743447 1.0000000000000000
18011.417825597000 1.0000000000000000
2154.6113536381240 1.0000000000000000
-2962.8905958821142 1.0000000000000000
40580.217378808324 1.0000000000000000
-147.66866856726674 1.0000000000000000
1559.5007432894540 1.0000000000000000
22547.289453740115 1.0000000000000000
30113.649341491171 1.0000000000000000
-6471.2339035887790 1.0000000000000000
17215.160128156727 1.0000000000000000
-1862.9063797338097 1.0000000000000000
45493.867258552746 1.0000000000000000
-61683.080041027431 1.0000000000000000
-85168.308102656738 1.0000000000000000
-3073.8983818895872 1.0000000000000000
10095.633104214225 1.0000000000000000
48314.449625674337 1.0000000000000000
-35060.659635195057 1.0000000000000000
14711.139426701973 1.0000000000000000
-129036.91407512991 1.0000000000000000
-87149.554499966267 1.0000000000000000
37300.064068872693 1.0000000000000000
-43457.504240832022 1.0000000000000000
8991.1022212870066 1.0000000000000000
-78749.236690870632 1.0000000000000000
-67277.864626136332 1.0000000000000000
-6146.3732562404120 1.0000000000000000
1025.7505530231433 1.0000000000000000
13400.114080070140 1.0000000000000000
-27653.538844968349 1.0000000000000000
44353.908192437608 1.0000000000000000
13797.105631978422 1.0000000000000000
3732.6878047126665 1.0000000000000000
-10311.762510412756 1.0000000000000000
-49934.741937253712 1.0000000000000000
-40359.526906076768 1.0000000000000000
10373.940170040407 1.0000000000000000
-26737.505219126433 1.0000000000000000
-75623.978151076706 1.0000000000000000
5214.1613527905502 1.0000000000000000
32452.891727233568 1.0000000000000000
492.88174274361307 1.0000000000000000
-4851.3244728198324 1.0000000000000000
-24870.956579680285 1.0000000000000000
-9225.4981402234789 1.0000000000000000
24693.612104838634 1.0000000000000000
92857.048796343457 1.0000000000000000
-20030.003741680161 1.0000000000000000
18614.494224692800 1.0000000000000000
-20440.392542636437 1.0000000000000000
-2608.4884148291408 1.0000000000000000
13558.917182617259 1.0000000000000000
20786.397393252581 1.0000000000000000
-22517.224203605663 1.0000000000000000
18203.246829160627 1.0000000000000000
-6223.4829073396531 1.0000000000000000
23184.435640566662 1.0000000000000000
28720.510891638434 1.0000000000000000
-54795.018804693456 1.0000000000000000
-34835.017727592574 1.0000000000000000
-10347.302101885965 1.0000000000000000
-4530.6299439856766 1.0000000000000000
-2405.6139603418128 1.0000000000000000
13808.490271251932 1.0000000000000000
18946.546405113091 1.0000000000000000
34431.736374174652 1.0000000000000000
-38940.654664108930 1.0000000000000000
34303.398343542816 1.0000000000000000
-14140.219611365497 1.0000000000000000
150792.07609060625 1.0000000000000000
60770.747131862612 1.0000000000000000
79530.933849172477 1.0000000000000000
-43982.743148001442 1.0000000000000000
-29262.169318834189 1.0000000000000000
-135882.02374796773 1.0000000000000000
12889.319636018550 1.0000000000000000
33900.737060326304 1.0000000000000000
50828.686734487361 1.0000000000000000
74620.772890082473 1.0000000000000000
-27581.321942497325 1.0000000000000000
-9243.6205660313899 1.0000000000000000
142140.03286013092 1.0000000000000000
-81687.636303303181 1.0000000000000000
58825.894352927542 1.0000000000000000
-3252.1397108881310 1.0000000000000000
-410007.38732320064 1.0000000000000000
570504.83108326024 1.0000000000000000
-437010.37710630492 1.0000000000000000
-159874.56200197764 1.0000000000000000
388653.60377794941 1.0000000000000000
78274.391792634502 1.0000000000000000
-100512.69470966270 1.0000000000000000
97719.276959616196 1.0000000000000000
51231.464741781943 1.0000000000000000
-312193.91668583715 1.0000000000000000
35800.843019935710 1.0000000000000000
-249564.54272240822 1.0000000000000000
145474.88413949890 1.0000000000000000
8664.9860997692922 1.0000000000000000
48824.299900791368 1.0000000000000000
148088.99284076144 1.0000000000000000
8361.9725517754123 1.0000000000000000
-220330.12182915036 1.0000000000000000
173928.87883799884 1.0000000000000000
-28411.776935441107 1.0000000000000000
-15142.545200950381 1.0000000000000000
-48660.105975575440 1.0000000000000000
167646.14055574517 1.0000000000000000
-187595.83426614103 1.0000000000000000
-83324.095432857954 1.0000000000000000
-106433.31032467625 1.0000000000000000
34028.899837996069 1.0000000000000000
-162704.27402282279 1.0000000000000000
-84616.871927866436 1.0000000000000000
-23892.772140041809 1.0000000000000000
-83488.550419461477 1.0000000000000000
-132579.20933185462 1.0000000000000000
-19013.082657314575 1.0000000000000000
71652.702911986606 1.0000000000000000
-644.66696172908439 1.0000000000000000
-79454.361099092188 1.0000000000000000
196724.81338418910 1.0000000000000000
-80673.648258656685 1.0000000000000000
54118.314368947642 1.0000000000000000
116062.39587104737 1.0000000000000000
-9654.2243334338345 1.0000000000000000
-118261.02805275178 1.0000000000000000
-90446.044391644260 1.0000000000000000
-89964.268697190157 1.0000000000000000
7226.4606495619073 1.0000000000000000
5518.2055457364295 1.0000000000000000
-39607.503790027899 1.0000000000000000
65430.498135740141 1.0000000000000000
-3105.4322934079792 1.0000000000000000
22051.904937923220 1.0000000000000000
-53082.792774141759 1.0000000000000000
568276.65639096848 1.0000000000000000
30377.780235875733 1.0000000000000000
-62818.644394472292 1.0000000000000000
-6045.9196139798196 1.0000000000000000
-82594.923866202880 1.0000000000000000
404946.32272128522 1.0000000000000000
156655.65173540777 1.0000000000000000
133249.68617864733 1.0000000000000000
74000.824943140498 1.0000000000000000
124882.13078129399 1.0000000000000000
-131022.67855619888 1.0000000000000000
23618.871257813476 1.0000000000000000
10843.729722795631 1.0000000000000000
24386.570928705401 1.0000000000000000
62740.353520636498 1.0000000000000000
67630.763583238120 1.0000000000000000
57734.269770350205 1.0000000000000000
-19822.946280152024 1.0000000000000000
-851083.20340570249 1.0000000000000000
-590658.67109467089 1.0000000000000000
-1198.4500837372684 1.0000000000000000
-33207.419318643530 1.0000000000000000
-83964.105092217971 1.0000000000000000
-549.26250655981073 1.0000000000000000
-50169.724435921395 1.0000000000000000
179808.86640520900 1.0000000000000000
75368.734430075419 1.0000000000000000
-26320.695486488687 1.0000000000000000
-22797.830669996456 1.0000000000000000
8865.1680013011628 1.0000000000000000
125861.97157083309 1.0000000000000000
125390.34126697265 1.0000000000000000
148739.47975284522 1.0000000000000000
30862.792946755788 1.0000000000000000
