-424999.42652301345 1.0000000000000000
-154888.22014722324 1.0000000000000000
55270.557093395008 1.0000000000000000
-78522.091450383188 1.0000000000000000
1062646.2180638239 1.0000000000000000
700338.49656293972 1.0000000000000000
-181175.79925997555 1.0000000000000000
4804.3921410995636 1.0000000000000000
12234.555591842209 1.0000000000000000
-7452.1454905862583 1.0000000000000000
131628.33179693858 1.0000000000000000
-189649.86242409982 1.0000000000000000
-1463047.2892821629 1.0000000000000000
252286.44294246929 1.0000000000000000
70721.965619823924 1.0000000000000000
-744492.21014201152 1.0000000000000000
-42208.905147170895 1.0000000000000000
12580.859941886760 1.0000000000000000
-278413.33739793469 1.0000000000000000
180705.94416793241 1.0000000000000000
-94980.083109436368 1.0000000000000000
91783.233940719001 1.0000000000000000
-3819.5996276745909 1.0000000000000000
21435.655648345182 1.0000000000000000
33102.323792043157 1.0000000000000000
-209436.01653836007 1.0000000000000000
124732.53928681496 1.0000000000000000
151666.11141080922 1.0000000000000000
-17045.931079901944 1.0000000000000000
353184.74627765646 1.0000000000000000
5614.5796112903399 1.0000000000000000
-5926.0402972996744 1.0000000000000000
16180.863769081963 1.0000000000000000
51.386890203160775 1.0000000000000000
-27876.245393389174 1.0000000000000000
7887.7637091251345 1.0000000000000000
12893.608215551081 1.0000000000000000
-375961.88431551721 1.0000000000000000
567756.58975374897 1.0000000000000000
-2615.0879249430363 1.0000000000000000
22943.042080172130 1.0000000000000000
103140.29292346012 1.0000000000000000
1501582.7033862101 1.0000000000000000
29228.314116634192 1.0000000000000000
96886.501228259964 1.0000000000000000
82181.079254344018 1.0000000000000000
-12392.829906577652 1.0000000000000000
-1117.6362458024405 1.0000000000000000
35865.903689963823 1.0000000000000000
-155441.39873178763 1.0000000000000000
-1733052.6338635881 1.0000000000000000
-370896.37290352600 1.0000000000000000
-7215.9095155285568 1.0000000000000000
-12700.283369979050 1.0000000000000000
-291.60753747248981 1.0000000000000000
-1328461.3988930944 1.0000000000000000
352142.08584775578 1.0000000000000000
-307152.19801490469 1.0000000000000000
788733.10479800880 1.0000000000000000
928754.44672667014 1.0000000000000000
2965.0536894560382 1.0000000000000000
138168.63439605295 1.0000000000000000
-1730.1435941491784 1.0000000000000000
-53785.074028789699 1.0000000000000000
-51758.641721257700 1.0000000000000000
-3101.2841673127937 1.0000000000000000
-13868.692189042418 1.0000000000000000
3706.2483514337923 1.0000000000000000
25709.348556058016 1.0000000000000000
-21713.727172960305 1.0000000000000000
-22463.212789453359 1.0000000000000000
15853.944126386534 1.0000000000000000
-7066.8372422017492 1.0000000000000000
-83331.990829917966 1.0000000000000000
26938.854459390597 1.0000000000000000
6140.5496168015297 1.0000000000000000
-67060.186395322409 1.0000000000000000
22909.220984745793 1.0000000000000000
3398.5111625391928 1.0000000000000000
-37996.485983373052 1.0000000000000000
-4977.0911342707386 1.0000000000000000
-199030.35689038658 1.0000000000000000
238889.03123428763 1.0000000000000000
75092.047420912058 1.0000000000000000
-10483.329091402091 1.0000000000000000
-6801.3808475351989 1.0000000000000000
69899.880118534449 1.0000000000000000
23493.239638737999 1.0000000000000000
-1952.6017065471779 1.0000000000000000
25313.613979519327 1.0000000000000000
11506.467580825982 1.0000000000000000
-10345.453698108218 1.0000000000000000
-255729.37243043218 1.0000000000000000
-250852.46904312502 1.0000000000000000
692461.08239334251 1.0000000000000000
-146615.32274735926 1.0000000000000000
119712.18695772524 1.0000000000000000
-66643.610665203640 1.0000000000000000
328252.09165512677 1.0000000000000000
-1112574.5662408553 1.0000000000000000
202289.17214111926 1.0000000000000000
-118023.79837403067 1.0000000000000000
-30573.172234287489 1.0000000000000000
-132379.92079726822 1.0000000000000000
859460.50222266733 1.0000000000000000
65372.908955339008 1.0000000000000000
-16823.810251896331 1.0000000000000000
-36764.718887105133 1.0000000000000000
-49980.533048716301 1.0000000000000000
-479749.18146174325 1.0000000000000000
-37447.918229047289 1.0000000000000000
62927.198638775619 1.0000000000000000
88498.945031666823 1.0000000000000000
-38527.648149362642 1.0000000000000000
-108482.71774247028 1.0000000000000000
100490.51116978769 1.0000000000000000
-152579.82755241709 1.0000000000000000
-475872.50465641875 1.0000000000000000
88180.238034751819 1.0000000000000000
284694.82935934793 1.0000000000000000
225877.71302212554 1.0000000000000000
302821.27653266169 1.0000000000000000
1044446.3511092213 1.0000000000000000
-30260.075432334801 1.0000000000000000
23901.325916065070 1.0000000000000000
21057.330311592039 1.0000000000000000
-24167.378273675407 1.0000000000000000
250923.14592123593 1.0000000000000000
102218.68444085827 1.0000000000000000
53812.908757387675 1.0000000000000000
82228.730789004447 1.0000000000000000
69048.422605489919 1.0000000000000000
-95771.803551360354 1.0000000000000000
438.13433357886714 1.0000000000000000
-30906.194191486211 1.0000000000000000
-226595.08716354481 1.0000000000000000
-36471.084111652461 1.0000000000000000
-37355.706295993768 1.0000000000000000
-384365.90288668667 1.0000000000000000
19244.043473914615 1.0000000000000000
25029.763547149600 1.0000000000000000
-315913.53910837322 1.0000000000000000
17140.320465959870 1.0000000000000000
188572.06009181699 1.0000000000000000
-84757.986768301416 1.0000000000000000
38793.626912654174 1.0000000000000000
30832.411404847262 1.0000000000000000
6005.9783007517626 1.0000000000000000
62335.980065346608 1.0000000000000000
102202.26661000861 1.0000000000000000
-1706.8299372378608 1.0000000000000000
34686.032459974747 1.0000000000000000
-17838.881732777267 1.0000000000000000
-84625.078089848161 1.0000000000000000
-5019.5109333971077 1.0000000000000000
-180531.04838185920 1.0000000000000000
51631.141053700434 1.0000000000000000
-24620.576552442701 1.0000000000000000
18976.895515388682 1.0000000000000000
-87932.000885747519 1.0000000000000000
61420.051413332498 1.0000000000000000
-19727.737773767338 1.0000000000000000
415.49432330766786 1.0000000000000000
299505.02123148966 1.0000000000000000
-22613.324508571357 1.0000000000000000
122018.04638002290 1.0000000000000000
-79931.455595487074 1.0000000000000000
95727.608723129364 1.0000000000000000
34899.613715347252 1.0000000000000000
49165.163451180502 1.0000000000000000
-15001.010324802557 1.0000000000000000
215751.17544307254 1.0000000000000000
-119492.78136825413 1.0000000000000000
-164235.70589676674 1.0000000000000000
180067.18771794363 1.0000000000000000
-229426.27984677505 1.0000000000000000
-52059.284861614236 1.0000000000000000
178737.33506385985 1.0000000000000000
65464.245811376219 1.0000000000000000
7063.6035552569128 1.0000000000000000
22416.322089998615 1.0000000000000000
71582.412072552121 1.0000000000000000
-17230.990330715318 1.0000000000000000
11699.609230139995 1.0000000000000000
86803.005029643202 1.0000000000000000
-1422.4772758458018 1.0000000000000000
-96145.216710223060 1.0000000000000000
19101.833306413973 1.0000000000000000
10481.243551113097 1.0000000000000000
-38806.911748839106 1.0000000000000000
92244.061510465588 1.0000000000000000
887.23011449965691 1.0000000000000000
-6718.4652957767748 1.0000000000000000
3407.6668740772170 1.0000000000000000
-4092.2238949874418 1.0000000000000000
55336.233155374495 1.0000000000000000
71802.893603364006 1.0000000000000000
-26357.248106797215 1.0000000000000000
-114316.35186793398 1.0000000000000000
-26626.655355663876 1.0000000000000000
-71158.574456934322 1.0000000000000000
-18833.943293533019 1.0000000000000000
-5554.7688295950511 1.0000000000000000
26498.127520579012 1.0000000000000000
-12484.722959954919 1.0000000000000000
-11331.308813294838 1.0000000000000000
-27329.695452663851 1.0000000000000000
824.05777338900589 1.0000000000000000
-58574.493367561859 1.0000000000000000
662.84861780155200 1.0000000000000000
11077.890168310309 1.0000000000000000
-11210.259499600632 1.0000000000000000
-4495.2846191037943 1.0000000000000000
-21165.400156820051 1.0000000000000000
-34503.463314409906 1.0000000000000000
33944.171233254783 1.0000000000000000
57623.047395154237 1.0000000000000000
-4449.6976798342830 1.0000000000000000
27775.701908812596 1.0000000000000000
32498.860855532956 1.0000000000000000
-133588.08449602616 1.0000000000000000
3801.8473456257343 1.0000000000000000
-24286.344998610133 1.0000000000000000
-5342.6743640627064 1.0000000000000000
-6193.8489587399854 1.0000000000000000
-110747.84070653762 1.0000000000000000
2278.4044945001601 1.0000000000000000
-11149.369502787040 1.0000000000000000
10643.456239295363 1.0000000000000000
31243.703106885332 1.0000000000000000
7209.3961513139411 1.0000000000000000
-27364.073833658647 1.0000000000000000
13124.669521504638 1.0000000000000000
20261.558766951526 1.0000000000000000
25700.831081919729 1.0000000000000000
44667.103354689993 1.0000000000000000
-5095.0678660083222 1.0000000000000000
5758.7435220798852 1.0000000000000000
2158.8900171953419 1.0000000000000000
82481.672060055382 1.0000000000000000
54573.205404528882 1.0000000000000000
41300.158062102804 1.0000000000000000
369453.13808201603 1.0000000000000000
-52143.616864579541 1.0000000000000000
227.88481709597792 1.0000000000000000
323.15580367427395 1.0000000000000000
17583.450991057511 1.0000000000000000
31623.478515777417 1.0000000000000000
-45105.708433057727 1.0000000000000000
18073.402846153764 1.0000000000000000
3281.1819441405050 1.0000000000000000
40153.277740128178 1.0000000000000000
-10215.172207950960 1.0000000000000000
45361.528193282589 1.0000000000000000
-75454.215659633745 1.0000000000000000
-33903.666098049551 1.0000000000000000
-126676.49721375651 1.0000000000000000
-139629.97795217927 1.0000000000000000
-13940.503759630825 1.0000000000000000
-595.05415685423327 1.0000000000000000
38716.927109729884 1.0000000000000000
-70390.050186779728 1.0000000000000000
-26680.462432076016 1.0000000000000000
-101358.34319254193 1.0000000000000000
-179948.81774221882 1.0000000000000000
17104.506739271263 1.0000000000000000
108450.13575263323 1.0000000000000000
-3459.7205701166909 1.0000000000000000
-74075.518558040334 1.0000000000000000
5977.0349918769070 1.0000000000000000
-32635.477710699441 1.0000000000000000
-24324.731049883041 1.0000000000000000
35868.721576392636 1.0000000000000000
43102.786209099700 1.0000000000000000
-8978.4550847234004 1.0000000000000000
-3055.4518872660256 1.0000000000000000
-12672.411578905614 1.0000000000000000
191861.90242152265 1.0000000000000000
2305.0438309814267 1.0000000000000000
-53868.696221425278 1.0000000000000000
45434.921183132996 1.0000000000000000
-7243.6073057088824 1.0000000000000000
-4029.3091543612977 1.0000000000000000
-34170.287270481640 1.0000000000000000
24552.321276938943 1.0000000000000000
-27527.381737270873 1.0000000000000000
-11372.886206604733 1.0000000000000000
-53793.999013999055 1.0000000000000000
30476.787132874015 1.0000000000000000
-26326.686357711791 1.0000000000000000
46294.111360467265 1.0000000000000000
122463.00145613770 1.0000000000000000
-36507.356229804725 1.0000000000000000
-710.41000195323124 1.0000000000000000
11067.009003950307 1.0000000000000000
-70775.919015378036 1.0000000000000000
3964.4979820375552 1.0000000000000000
-68005.648753944290 1.0000000000000000
-2375.6196745419779 1.0000000000000000
20601.861849445624 1.0000000000000000
-64008.547494312552 1.0000000000000000
16593.259776935192 1.0000000000000000
-16956.347777615887 1.0000000000000000
-70023.633164202285 1.0000000000000000
-12018.952025692284 1.0000000000000000
-9753.9611227334990 1.0000000000000000
66017.196902124022 1.0000000000000000
31385.245439399238 1.0000000000000000
-65250.631296308740 1.0000000000000000
54212.213868697145 1.0000000000000000
-1550.1551133893588 1.0000000000000000
21443.634559626251 1.0000000000000000
-47602.914181759108 1.0000000000000000
34055.056977097855 1.0000000000000000
-3611.8944205303178 1.0000000000000000
-3747.5998823590357 1.0000000000000000
11361.703313399577 1.0000000000000000
-45878.713133004661 1.0000000000000000
-7632.4326187384077 1.0000000000000000
-40148.302446189562 1.0000000000000000
-32135.152342672216 1.0000000000000000
8157.3644660230066 1.0000000000000000
-1814.4491333564463 1.0000000000000000
-59787.666100829847 1.0000000000000000
-167.77435290502919 1.0000000000000000
5550.0837749091961 1.0000000000000000
33152.462213957733 1.0000000000000000
14453.858048638951 1.0000000000000000
37976.657013340264 1.0000000000000000
95293.299337470380 1.0000000000000000
-85937.832803682410 1.0000000000000000
529876.22331061948 1.0000000000000000
48960.325073107415 1.0000000000000000
-415247.17767482786 1.0000000000000000
226355.79760845049 1.0000000000000000
-143486.68539694423 1.0000000000000000
51433.548756695447 1.0000000000000000
-389839.77015716844 1.0000000000000000
46123.513773555722 1.0000000000000000
199750.49866582811 1.0000000000000000
153984.76644000632 1.0000000000000000
-14725.429126183997 1.0000000000000000
-659209.44368607050 1.0000000000000000
123666.22266982427 1.0000000000000000
66788.419760882476 1.0000000000000000
-148.99710852956514 1.0000000000000000
-145967.72268575311 1.0000000000000000
181284.16145502153 1.0000000000000000
-443769.22679152607 1.0000000000000000
108384.75566164844 1.0000000000000000
126075.60750608108 1.0000000000000000
265424.10017148545 1.0000000000000000
142354.38568304089 1.0000000000000000
28462.318943425198 1.0000000000000000
66284.938527283593 1.0000000000000000
-186729.84698852847 1.0000000000000000
-92195.986144651426 1.0000000000000000
-1198.3709057755573 1.0000000000000000
-422386.15933606395 1.0000000000000000
456971.12531217677 1.0000000000000000
285132.06060861557 1.0000000000000000
46391.796384690984 1.0000000000000000
52475.398572035097 1.0000000000000000
21987.213442787634 1.0000000000000000
-10473.655191229955 1.0000000000000000
-526541.66491798905 1.0000000000000000
17396.899259969028 1.0000000000000000
-128078.89031424205 1.0000000000000000
64554.475971116393 1.0000000000000000
966946.31669568445 1.0000000000000000
874401.43560856185 1.0000000000000000
-7644.4560936592579 1.0000000000000000
139363.95804285485 1.0000000000000000
-217024.41915378868 1.0000000000000000
-291840.10428167024 1.0000000000000000
-420898.54375841352 1.0000000000000000
-4501.2258886127711 1.0000000000000000
-122879.61897854487 1.0000000000000000
82896.673988847760 1.0000000000000000
-172239.38057930444 1.0000000000000000
-205844.85223607571 1.0000000000000000
-98566.147814069438 1.0000000000000000
465023.55471651745 1.0000000000000000
57752.742701564188 1.0000000000000000
39076.459737334902 1.0000000000000000
47552.623740173964 1.0000000000000000
-319854.66101939825 1.0000000000000000
50055.428309840718 1.0000000000000000
32528.533410627104 1.0000000000000000
219338.99115618796 1.0000000000000000
443834.99474520044 1.0000000000000000
-86245.375679027871 1.0000000000000000
-745180.52524152049 1.0000000000000000
165225.31105385872 1.0000000000000000
-87499.735052844611 1.0000000000000000
-21680.488697559653 1.0000000000000000
-62444.061005575983 1.0000000000000000
184786.41959152411 1.0000000000000000
-59872.692794070528 1.0000000000000000
-689221.31933858199 1.0000000000000000
90308.920920216973 1.0000000000000000
265767.87969541020 1.0000000000000000
8548.7997129673477 1.0000000000000000
-60212.281441412269 1.0000000000000000
58915.180307161034 1.0000000000000000
326551.32290313009 1.0000000000000000
-172966.25849424346 1.0000000000000000
-10403.881926541088 1.0000000000000000
-55718.085997227390 1.0000000000000000
28525.110841664344 1.0000000000000000
94990.880221668573 1.0000000000000000
304403.64204907534 1.0000000000000000
11989.421816118460 1.0000000000000000
15457.405674120249 1.0000000000000000
53968.317022374285 1.0000000000000000
139163.44733129244 1.0000000000000000
-102928.78039043794 1.0000000000000000
79471.130694822874 1.0000000000000000
122925.38290230931 1.0000000000000000
65566.459721330204 1.0000000000000000
11136.999916535549 1.0000000000000000
-23285.064911641028 1.0000000000000000
484469.90521522204 1.0000000000000000
-10866.160005166437 1.0000000000000000
-47406.279100566906 1.0000000000000000
593549.74102353409 1.0000000000000000
-11435.422785927181 1.0000000000000000
-7572.5899168933229 1.0000000000000000
-10428.552138195120 1.0000000000000000
-80930.181528528396 1.0000000000000000
165305.27835442137 1.0000000000000000
-425568.40296306112 1.0000000000000000
298103.23075785796 1.0000000000000000
-15024.718972597508 1.0000000000000000
-36072.901256014717 1.0000000000000000
-59583.026193396647 1.0000000000000000
-570989.96860861091 1.0000000000000000
14496.547361271923 1.0000000000000000
-47868.376696857529 1.0000000000000000
46815.042265106509 1.0000000000000000
279842.73249817936 1.0000000000000000
-607063.48564835673 1.0000000000000000
799841.01264608570 1.0000000000000000
27768.785252968868 1.0000000000000000
-718339.14833487652 1.0000000000000000
108966.57641335260 1.0000000000000000
366854.27966628229 1.0000000000000000
107203.40583357154 1.0000000000000000
118934.92435622784 1.0000000000000000
104455.75487730002 1.0000000000000000
16996.767625234519 1.0000000000000000
-220691.55364273681 1.0000000000000000
21498.207532112447 1.0000000000000000
-441775.32276697736 1.0000000000000000
-67800.763342707825 1.0000000000000000
469092.83207962220 1.0000000000000000
-1050127.7697728944 1.0000000000000000
-72635.385254335517 1.0000000000000000
-261305.63372487293 1.0000000000000000
-131296.92549168598 1.0000000000000000
-457610.43040562433 1.0000000000000000
29401.307289031905 1.0000000000000000
-5428.1206413760583 1.0000000000000000
30108.986235632554 1.0000000000000000
-108759.06204755304 1.0000000000000000
-897831.65638634691 1.0000000000000000
93536.037365913653 1.0000000000000000
-422395.61396755569 1.0000000000000000
-291605.91001580423 1.0000000000000000
-180477.32648517902 1.0000000000000000
-169124.91796036990 1.0000000000000000
-243510.54180601449 1.0000000000000000
-734946.54632514541 1.0000000000000000
262367.47655913455 1.0000000000000000
-60317.054352766900 1.0000000000000000
-99806.286425922677 1.0000000000000000
-230338.06530371026 1.0000000000000000
111555.79406032908 1.0000000000000000
468484.47816555575 1.0000000000000000
16938.945789162906 1.0000000000000000
301980.70564778172 1.0000000000000000
540704.58957759466 1.0000000000000000
-11683.230228650784 1.0000000000000000
666389.27786346630 1.0000000000000000
65878.654862172058 1.0000000000000000
85367.668717583481 1.0000000000000000
38464.324197012051 1.0000000000000000
83326.302071883023 1.0000000000000000
98583.174590848284 1.0000000000000000
-90601.475758228335 1.0000000000000000
37429.618202346617 1.0000000000000000
-138413.75320419911 1.0000000000000000
-385058.51745383261 1.0000000000000000
-33396.393300296681 1.0000000000000000
-48007.383552325344 1.0000000000000000
-46784.578216801958 1.0000000000000000
6322.2087969013955 1.0000000000000000
-5717.2701019128790 1.0000000000000000
400789.86678811698 1.0000000000000000
546930.59646836482 1.0000000000000000
