-201.90643690400037 1.0000000000000000
-11448.387972368573 1.0000000000000000
-4218.9027850378761 1.0000000000000000
4076.3885618605859 1.0000000000000000
-322.98103620496187 1.0000000000000000
66098.649538571146 1.0000000000000000
4697.6511432862753 1.0000000000000000
2629.6016004467165 1.0000000000000000
-2403.9361416037027 1.0000000000000000
-692.13884323110324 1.0000000000000000
16975.442705646994 1.0000000000000000
-7606.9362965536202 1.0000000000000000
358.31884310914825 1.0000000000000000
2127.1136505895820 1.0000000000000000
-25498.022577813063 1.0000000000000000
4792.9376257904105 1.0000000000000000
-4501.2606406615432 1.0000000000000000
-15325.720476303859 1.0000000000000000
1985.1869309286594 1.0000000000000000
-18171.506364940538 1.0000000000000000
-375.59229231588381 1.0000000000000000
-3627.4168133088688 1.0000000000000000
65647.694070315978 1.0000000000000000
7962.5039403939927 1.0000000000000000
-27885.827594835464 1.0000000000000000
-5295.1750860393104 1.0000000000000000
-8988.6239641532466 1.0000000000000000
36108.241221699092 1.0000000000000000
-16460.526803701003 1.0000000000000000
-2770.5744437190037 1.0000000000000000
3133.4934067920708 1.0000000000000000
-13604.650656674612 1.0000000000000000
-7271.0870062252297 1.0000000000000000
135436.46025497656 1.0000000000000000
56287.934662152860 1.0000000000000000
88996.842644691627 1.0000000000000000
1031.1851544691817 1.0000000000000000
-95426.704432820654 1.0000000000000000
-40711.301374916686 1.0000000000000000
-23047.557977042517 1.0000000000000000
-7546.3265480755035 1.0000000000000000
-17603.284029422066 1.0000000000000000
7575.2322182879079 1.0000000000000000
-42696.623802723239 1.0000000000000000
-7937.5552456916903 1.0000000000000000
7961.5294476610488 1.0000000000000000
-9817.2784043292086 1.0000000000000000
-6436.9999655583488 1.0000000000000000
16778.279416390418 1.0000000000000000
32502.234549799381 1.0000000000000000
-476.10189706759240 1.0000000000000000
23940.020408021606 1.0000000000000000
-5744.2406386673902 1.0000000000000000
-3509.6143465727164 1.0000000000000000
-58872.794961791151 1.0000000000000000
-2362.3586619579501 1.0000000000000000
25407.481465835623 1.0000000000000000
273.16119941610054 1.0000000000000000
6424.1659201006769 1.0000000000000000
30706.646859561235 1.0000000000000000
-28601.706100174139 1.0000000000000000
29979.659797610493 1.0000000000000000
-20372.465547945321 1.0000000000000000
28812.759943189343 1.0000000000000000
-29803.217293041820 1.0000000000000000
-253.19379821856091 1.0000000000000000
4364.0845649238872 1.0000000000000000
-302753.81829817494 1.0000000000000000
8002.8542375977922 1.0000000000000000
-58747.234593627451 1.0000000000000000
-6064.9856993240974 1.0000000000000000
-3939.8980876516753 1.0000000000000000
6435.6077704191111 1.0000000000000000
123966.80368935368 1.0000000000000000
-474.81766693721170 1.0000000000000000
-7606.9661131852854 1.0000000000000000
8143.3049371682373 1.0000000000000000
-30061.258539322749 1.0000000000000000
9923.3302453953020 1.0000000000000000
-249.99884733293567 1.0000000000000000
-6321.3140212936987 1.0000000000000000
-219.81325547542849 1.0000000000000000
-265.81107247657081 1.0000000000000000
66426.860232369232 1.0000000000000000
-73941.702461500012 1.0000000000000000
626.15861770008723 1.0000000000000000
26813.402408405706 1.0000000000000000
-3927.9410811380153 1.0000000000000000
7927.9968997975966 1.0000000000000000
8833.2083676668954 1.0000000000000000
3169.5383900523452 1.0000000000000000
56652.054197584555 1.0000000000000000
-17626.884762248108 1.0000000000000000
-6613.8523464120817 1.0000000000000000
-384.05921295022046 1.0000000000000000
-41076.775885288596 1.0000000000000000
14379.653222410017 1.0000000000000000
-8707.4080378396011 1.0000000000000000
-17665.244885806733 1.0000000000000000
-60762.525283010968 1.0000000000000000
13738.233961340567 1.0000000000000000
9099.3949146678387 1.0000000000000000
9672.3104206012740 1.0000000000000000
-32416.632113268686 1.0000000000000000
-10397.016908135112 1.0000000000000000
27430.598598814384 1.0000000000000000
35062.010071556251 1.0000000000000000
5864.5215741007160 1.0000000000000000
131842.62396683058 1.0000000000000000
125219.37895731728 1.0000000000000000
-9822.5723226594473 1.0000000000000000
-1044.2235445004835 1.0000000000000000
-11060.586754372149 1.0000000000000000
27543.986421505757 1.0000000000000000
1726.4144032390307 1.0000000000000000
-80515.360284883980 1.0000000000000000
220.46392470383418 1.0000000000000000
3536.5506412850377 1.0000000000000000
16564.978791543501 1.0000000000000000
-4502.5518848336060 1.0000000000000000
21605.701818784197 1.0000000000000000
-10999.842410071351 1.0000000000000000
-50210.584836944552 1.0000000000000000
278.32222745207594 1.0000000000000000
10871.869002795956 1.0000000000000000
-19933.123662959690 1.0000000000000000
-26763.159686828880 1.0000000000000000
-12185.846309130537 1.0000000000000000
1301.8472415201807 1.0000000000000000
3914.1859069312613 1.0000000000000000
1004.5854248858149 1.0000000000000000
-9162.5264241854074 1.0000000000000000
6688.3586422554981 1.0000000000000000
6854.9847544456397 1.0000000000000000
59838.327687951081 1.0000000000000000
-41774.693972686553 1.0000000000000000
4584.1181336643640 1.0000000000000000
3732.8167370299443 1.0000000000000000
105277.92042656260 1.0000000000000000
15941.572067028235 1.0000000000000000
5260.6810134602865 1.0000000000000000
-5060.5146524094189 1.0000000000000000
12951.472863986366 1.0000000000000000
18030.833099661952 1.0000000000000000
10108.306027573528 1.0000000000000000
35212.693272072538 1.0000000000000000
-24525.858130306056 1.0000000000000000
1413.1619497935776 1.0000000000000000
-3325.2773974774504 1.0000000000000000
-2024.1653675198663 1.0000000000000000
-4371.4686684521830 1.0000000000000000
-260866.59085333577 1.0000000000000000
-18561.560317084779 1.0000000000000000
-3976.9840636127688 1.0000000000000000
-88054.850723701064 1.0000000000000000
-320300.64732768218 1.0000000000000000
-28774.005598691529 1.0000000000000000
-18591.224215537721 1.0000000000000000
-17885.883172140850 1.0000000000000000
-18303.356800617177 1.0000000000000000
-55216.877724966289 1.0000000000000000
-11992.554877919272 1.0000000000000000
-4010.8530547462697 1.0000000000000000
-7113.8821515428817 1.0000000000000000
-18004.132533757627 1.0000000000000000
-21496.689069724900 1.0000000000000000
-35721.429815320211 1.0000000000000000
31836.355415803551 1.0000000000000000
5105.6392286412611 1.0000000000000000
-14731.005540875027 1.0000000000000000
-20040.517845219510 1.0000000000000000
29009.123870714251 1.0000000000000000
717.77131639660536 1.0000000000000000
5796.6553499032125 1.0000000000000000
47045.178792671060 1.0000000000000000
-15149.789128640654 1.0000000000000000
46959.110006668408 1.0000000000000000
-24992.825762359847 1.0000000000000000
2352.0442347384351 1.0000000000000000
3532.5272812658741 1.0000000000000000
-7247.2397720122681 1.0000000000000000
6595.0941228846978 1.0000000000000000
22252.403355832954 1.0000000000000000
11388.073321341664 1.0000000000000000
-1910.5717081765169 1.0000000000000000
72121.230596668596 1.0000000000000000
-13436.123380316536 1.0000000000000000
20604.996194196508 1.0000000000000000
8717.4640584698227 1.0000000000000000
-30401.525370390944 1.0000000000000000
2878.3565553937165 1.0000000000000000
15975.134226307044 1.0000000000000000
8157.7401536162597 1.0000000000000000
-22188.228850289575 1.0000000000000000
-5600.1103425008396 1.0000000000000000
-218944.11489550126 1.0000000000000000
-88321.641852935063 1.0000000000000000
-9470.4249767264428 1.0000000000000000
-7887.9540540469407 1.0000000000000000
86847.955632133802 1.0000000000000000
-56615.149500624415 1.0000000000000000
69568.859977006650 1.0000000000000000
37774.023638357176 1.0000000000000000
11057.742900607822 1.0000000000000000
118092.54208151944 1.0000000000000000
-3144.5810830022674 1.0000000000000000
-46404.021659260346 1.0000000000000000
15520.990471208775 1.0000000000000000
-3361.4685456561378 1.0000000000000000
-8152.2387614553973 1.0000000000000000
12818.574793795095 1.0000000000000000
3717.6784279961080 1.0000000000000000
22244.624080844314 1.0000000000000000
49260.392343230647 1.0000000000000000
37903.853835013448 1.0000000000000000
-11617.781401955297 1.0000000000000000
-1861.3916140988292 1.0000000000000000
-7397.5109377955623 1.0000000000000000
4696.5541320012371 1.0000000000000000
8769.2607052929397 1.0000000000000000
7183.9138824643787 1.0000000000000000
-6089.3155464615411 1.0000000000000000
6023.9639215415646 1.0000000000000000
4796.9216956237024 1.0000000000000000
27790.500769034312 1.0000000000000000
18590.279567067006 1.0000000000000000
19372.978662016016 1.0000000000000000
-14673.271410528374 1.0000000000000000
58702.341021163433 1.0000000000000000
-12558.558874589995 1.0000000000000000
6948.9568411030423 1.0000000000000000
535.55126683131016 1.0000000000000000
1846.6687504008537 1.0000000000000000
3745.9636572753402 1.0000000000000000
-4981.2942675403592 1.0000000000000000
147.41239466710388 1.0000000000000000
-8080.7855830869594 1.0000000000000000
-13333.486485737636 1.0000000000000000
-48083.172476812557 1.0000000000000000
-53461.252715137533 1.0000000000000000
2776.0149831908448 1.0000000000000000
43626.985490678213 1.0000000000000000
122040.72408427889 1.0000000000000000
-19268.630140844140 1.0000000000000000
245814.25667508494 1.0000000000000000
304122.56213554484 1.0000000000000000
-109923.03867240250 1.0000000000000000
-36444.458746763223 1.0000000000000000
34599.747721824839 1.0000000000000000
20263.511348872453 1.0000000000000000
23717.541743009871 1.0000000000000000
21694.664881602501 1.0000000000000000
22672.969958394980 1.0000000000000000
43300.981266936084 1.0000000000000000
-62479.339354550371 1.0000000000000000
67681.788847167598 1.0000000000000000
22372.980941112895 1.0000000000000000
1342.8808064742641 1.0000000000000000
-20824.742354307054 1.0000000000000000
73271.197606154587 1.0000000000000000
209832.41840855591 1.0000000000000000
-4372.8248149438887 1.0000000000000000
-4469.4615328803648 1.0000000000000000
11045.575109682683 1.0000000000000000
29302.338769891587 1.0000000000000000
-23034.740566802982 1.0000000000000000
-151.90034142661145 1.0000000000000000
-39203.808860334408 1.0000000000000000
10063.138993130384 1.0000000000000000
-10032.517824103752 1.0000000000000000
48108.315728226509 1.0000000000000000
-46893.180657195328 1.0000000000000000
-9301.4594287302316 1.0000000000000000
3589.9804223078595 1.0000000000000000
-59313.745417955957 1.0000000000000000
36234.176330292044 1.0000000000000000
-5977.7861838845856 1.0000000000000000
-31548.389609470585 1.0000000000000000
-10436.929923904627 1.0000000000000000
3058.7472485545436 1.0000000000000000
-11510.125415003928 1.0000000000000000
29443.009550644092 1.0000000000000000
16208.915625489488 1.0000000000000000
-7140.6604711489144 1.0000000000000000
6125.5907248608419 1.0000000000000000
12408.848274062304 1.0000000000000000
-24274.523200834352 1.0000000000000000
-5101.8997956172434 1.0000000000000000
-2550.4354412744351 1.0000000000000000
-4419.2637186880647 1.0000000000000000
-29387.936404380653 1.0000000000000000
-39992.456626396182 1.0000000000000000
-6566.7747393817926 1.0000000000000000
4391.7136309332973 1.0000000000000000
-6874.5535984452763 1.0000000000000000
2823.6874582887835 1.0000000000000000
10704.041419806821 1.0000000000000000
-51763.149306864056 1.0000000000000000
28547.749536374580 1.0000000000000000
141381.80227401204 1.0000000000000000
28841.870921498048 1.0000000000000000
121965.68008277094 1.0000000000000000
-15106.603495181736 1.0000000000000000
17993.363471654389 1.0000000000000000
125904.40219132442 1.0000000000000000
70674.843187850449 1.0000000000000000
-12154.575378196936 1.0000000000000000
1141.2147699746031 1.0000000000000000
3142.7040928840561 1.0000000000000000
-33826.048380857610 1.0000000000000000
21376.063806410373 1.0000000000000000
-10030.715271439120 1.0000000000000000
14460.187007280219 1.0000000000000000
-3184.1586919913161 1.0000000000000000
9587.5976099112177 1.0000000000000000
-52575.989197794828 1.0000000000000000
27152.404808287629 1.0000000000000000
-12358.452427996874 1.0000000000000000
-198.34699932986888 1.0000000000000000
-3518.8379446433046 1.0000000000000000
1066.2855782789175 1.0000000000000000
-45.535605088711293 1.0000000000000000
-103410.47853257309 1.0000000000000000
-77909.682667345900 1.0000000000000000
5281.0364531074156 1.0000000000000000
3287.6844389905023 1.0000000000000000
5076.1392264802653 1.0000000000000000
-12465.153460020651 1.0000000000000000
17711.641946357693 1.0000000000000000
21272.394315613092 1.0000000000000000
-3878.6046430005690 1.0000000000000000
-3743.2615712570373 1.0000000000000000
-45487.398780308402 1.0000000000000000
-2223.9489515171003 1.0000000000000000
22624.160084410334 1.0000000000000000
417.04647765741663 1.0000000000000000
-161980.84337449854 1.0000000000000000
3404.3992506164350 1.0000000000000000
-5907.1858318158875 1.0000000000000000
-86097.210998131646 1.0000000000000000
39119.584638569249 1.0000000000000000
10325.542175689348 1.0000000000000000
12053.865922569390 1.0000000000000000
-26790.701775727786 1.0000000000000000
4130.1637374761722 1.0000000000000000
-5230.2067404131076 1.0000000000000000
-32529.220587454027 1.0000000000000000
4892.4378033893299 1.0000000000000000
-2197.2154994715679 1.0000000000000000
206254.55065397773 1.0000000000000000
31963.818258815503 1.0000000000000000
-3996.5314365190479 1.0000000000000000
8263.0586422237011 1.0000000000000000
624.02841078871893 1.0000000000000000
-15222.014951069839 1.0000000000000000
-18947.381204684771 1.0000000000000000
-34797.191656166040 1.0000000000000000
-50541.350396443908 1.0000000000000000
6917.6866643336043 1.0000000000000000
1894.8266442884606 1.0000000000000000
17055.884254525794 1.0000000000000000
-9535.2495967842860 1.0000000000000000
-3552.2316790191062 1.0000000000000000
-21299.584257917468 1.0000000000000000
1339.1107862086062 1.0000000000000000
-2014.3422256037964 1.0000000000000000
-8854.0060642882108 1.0000000000000000
125169.36808108399 1.0000000000000000
-1402.0109773072847 1.0000000000000000
-4778.4032662943400 1.0000000000000000
-22631.165211862808 1.0000000000000000
47030.889782562779 1.0000000000000000
23784.152895283718 1.0000000000000000
-12906.918418718442 1.0000000000000000
-1238.2245489216141 1.0000000000000000
5525.1101975079564 1.0000000000000000
-69568.919357127903 1.0000000000000000
4021.5748892302308 1.0000000000000000
3185.5096370557726 1.0000000000000000
-5217.5514045581440 1.0000000000000000
179172.41705352365 1.0000000000000000
25568.447352612806 1.0000000000000000
-16109.515473781794 1.0000000000000000
-45026.304349151949 1.0000000000000000
-6227.3689553931326 1.0000000000000000
-279560.23701461783 1.0000000000000000
13997.922663463582 1.0000000000000000
-4069.4480865129121 1.0000000000000000
-20860.744627852586 1.0000000000000000
-23649.826849339050 1.0000000000000000
-51349.760631558427 1.0000000000000000
-10864.351910619573 1.0000000000000000
-26251.132623744386 1.0000000000000000
-7502.0459071252017 1.0000000000000000
3582.8990748640531 1.0000000000000000
-25786.687349165451 1.0000000000000000
-3494.3488958700577 1.0000000000000000
-29757.597680017465 1.0000000000000000
-37348.843478240458 1.0000000000000000
-3238.4561542987922 1.0000000000000000
-37817.263784141389 1.0000000000000000
17168.744566728295 1.0000000000000000
19909.129480723754 1.0000000000000000
14381.445549432403 1.0000000000000000
-9475.3952091714436 1.0000000000000000
-10808.318328479903 1.0000000000000000
30526.224863945597 1.0000000000000000
11959.664286612333 1.0000000000000000
60018.883995094038 1.0000000000000000
891.67411742747868 1.0000000000000000
42740.085042028863 1.0000000000000000
-28232.849273163418 1.0000000000000000
33583.651068209998 1.0000000000000000
12162.613324939419 1.0000000000000000
2724.5877442208021 1.0000000000000000
22276.626245632484 1.0000000000000000
23259.207807298113 1.0000000000000000
23071.330929635962 1.0000000000000000
-3818.4666979376316 1.0000000000000000
-10978.312889014163 1.0000000000000000
201784.11468439907 1.0000000000000000
5865.3668934817788 1.0000000000000000
-64558.694761776409 1.0000000000000000
-760.09616581550426 1.0000000000000000
-10179.454259671285 1.0000000000000000
-10719.997044647016 1.0000000000000000
111831.80700253457 1.0000000000000000
38707.451783507873 1.0000000000000000
2061.0830439155984 1.0000000000000000
-44518.656231482695 1.0000000000000000
30800.374766099787 1.0000000000000000
-4881.0551371568854 1.0000000000000000
-34256.883742442937 1.0000000000000000
-51697.783334103289 1.0000000000000000
13124.509783565027 1.0000000000000000
9143.1989334387727 1.0000000000000000
-39106.125118800432 1.0000000000000000
50032.523123332823 1.0000000000000000
-6307.6095271584481 1.0000000000000000
-69393.104951722125 1.0000000000000000
-7362.3976211957051 1.0000000000000000
-5330.5888110853693 1.0000000000000000
-76693.281595644337 1.0000000000000000
-14323.274467589832 1.0000000000000000
891.80570391665253 1.0000000000000000
-6235.8688708449627 1.0000000000000000
508.59663911421330 1.0000000000000000
2001.8822241752630 1.0000000000000000
3562.7086126376889 1.0000000000000000
-1178.2726567743766 1.0000000000000000
53040.293522264503 1.0000000000000000
-4319.4189984701234 1.0000000000000000
4751.4543556062381 1.0000000000000000
-35781.491470217363 1.0000000000000000
-58966.333655561248 1.0000000000000000
6742.6444739295739 1.0000000000000000
8713.2926618818146 1.0000000000000000
-562.50077242060456 1.0000000000000000
-13935.002496616296 1.0000000000000000
-11585.690696289024 1.0000000000000000
23704.971271435075 1.0000000000000000
46127.629494863453 1.0000000000000000
-65866.390615788288 1.0000000000000000
22717.420543342829 1.0000000000000000
14401.382355922948 1.0000000000000000
-14494.786560953251 1.0000000000000000
43101.177163297463 1.0000000000000000
-210352.28288708098 1.0000000000000000
-15860.901822296946 1.0000000000000000
-11944.704735830041 1.0000000000000000
5342.9950132529775 1.0000000000000000
18951.531637711891 1.0000000000000000
-11604.306900562411 1.0000000000000000
12514.270676046857 1.0000000000000000
2750.6761929619497 1.0000000000000000
973.79600996208944 1.0000000000000000
23632.233006869497 1.0000000000000000
45965.707343283953 1.0000000000000000
6293.1515734146969 1.0000000000000000
-9893.2372555069342 1.0000000000000000
15917.659341858691 1.0000000000000000
-4544.7578199776599 1.0000000000000000
-75428.335538557658 1.0000000000000000
8749.8007328704643 1.0000000000000000
-20883.042861954793 1.0000000000000000
58580.311735782961 1.0000000000000000
-28781.694795412022 1.0000000000000000
7444.7708287475043 1.0000000000000000
-2917.2746738048581 1.0000000000000000
21961.774691298269 1.0000000000000000
2770.1066071939294 1.0000000000000000
5609.6353734038748 1.0000000000000000
-4371.0876949011854 1.0000000000000000
20760.489847419576 1.0000000000000000
1366.2371459988158 1.0000000000000000
15295.898619778418 1.0000000000000000
-14657.257784523821 1.0000000000000000
23383.262915599829 1.0000000000000000
-14190.447043580401 1.0000000000000000
160.62240777294551 1.0000000000000000
-2724.1110206365806 1.0000000000000000
-4447.0099659560801 1.0000000000000000
59.268848244578045 1.0000000000000000
38556.886172630409 1.0000000000000000
-6420.4358020320533 1.0000000000000000
15128.551932138384 1.0000000000000000
17980.537517562232 1.0000000000000000
-8562.0743830931824 1.0000000000000000
44309.859782036874 1.0000000000000000
-2200.8589029437117 1.0000000000000000
-13188.851029626452 1.0000000000000000
35338.028025883141 1.0000000000000000
-714.14638437821475 1.0000000000000000
3314.8446526416033 1.0000000000000000
312.46195014735275 1.0000000000000000
-41285.190103608751 1.0000000000000000
9790.1037882296223 1.0000000000000000
-29946.404479115386 1.0000000000000000
-164397.21070625589 1.0000000000000000
-159489.30482966907 1.0000000000000000
190030.70257976619 1.0000000000000000
-6459.4811325535375 1.0000000000000000
-184341.56490917478 1.0000000000000000
21623.695680499899 1.0000000000000000
-232293.37666094149 1.0000000000000000
5503.4546927214669 1.0000000000000000
-4206.1723806555228 1.0000000000000000
8558.5186206756880 1.0000000000000000
-5540.5481697631240 1.0000000000000000
2913.0498759267716 1.0000000000000000
-12943.010640523260 1.0000000000000000
13187.437914528507 1.0000000000000000
-3235.2516144816868 1.0000000000000000
-13834.238944666751 1.0000000000000000
-15918.421299846234 1.0000000000000000
52366.035004513695 1.0000000000000000
-113422.11031414794 1.0000000000000000
-1352.5993573144658 1.0000000000000000
-22757.920903816521 1.0000000000000000
3287.0333541293212 1.0000000000000000
-12722.794992888048 1.0000000000000000
-11760.664872229510 1.0000000000000000
13217.196435225433 1.0000000000000000
2779.8528009799866 1.0000000000000000
-4611.4160162303369 1.0000000000000000
27588.957496087576 1.0000000000000000
-21438.269330467869 1.0000000000000000
61959.230201600745 1.0000000000000000
-20156.236860152869 1.0000000000000000
98881.331427103272 1.0000000000000000
6707.3771853435537 1.0000000000000000
-47061.196154238438 1.0000000000000000
47227.790683592648 1.0000000000000000
-25477.781256551556 1.0000000000000000
1814.5130138137431 1.0000000000000000
5303.8139687639214 1.0000000000000000
-76224.691623677863 1.0000000000000000
4241.0017228998859 1.0000000000000000
7034.7325749128677 1.0000000000000000
16826.591071397819 1.0000000000000000
-41847.234651779494 1.0000000000000000
-72295.136075325325 1.0000000000000000
-3245.7129110123833 1.0000000000000000
-76447.705073658581 1.0000000000000000
14914.664740480735 1.0000000000000000
-93897.684261542483 1.0000000000000000
-2528.8687253890462 1.0000000000000000
-255695.94963590044 1.0000000000000000
-130299.33005777781 1.0000000000000000
-27118.279357551459 1.0000000000000000
-23588.339175309793 1.0000000000000000
-66825.305604285648 1.0000000000000000
-59148.465683821778 1.0000000000000000
8211.3590406512594 1.0000000000000000
-18568.985295377159 1.0000000000000000
-1249.9636965818622 1.0000000000000000
5355.8762208807848 1.0000000000000000
-23632.592988864875 1.0000000000000000
3082.2914346290768 1.0000000000000000
3234.0096998450163 1.0000000000000000
3348.2602427033275 1.0000000000000000
14203.886301454724 1.0000000000000000
8734.9164483693057 1.0000000000000000
-726.67532860578694 1.0000000000000000
11514.658187996391 1.0000000000000000
44104.947861766399 1.0000000000000000
-6822.7282141392161 1.0000000000000000
-4027.0104391198806 1.0000000000000000
23283.058175881430 1.0000000000000000
-37703.015306837195 1.0000000000000000
-32256.191659716638 1.0000000000000000
11838.720365465637 1.0000000000000000
4101.3568963000935 1.0000000000000000
17864.831812137592 1.0000000000000000
-87892.419731660179 1.0000000000000000
17706.199178732517 1.0000000000000000
5328.5963045363924 1.0000000000000000
4425.2885061210627 1.0000000000000000
36456.675695013459 1.0000000000000000
2510.0873771595543 1.0000000000000000
4313.0113680122240 1.0000000000000000
163469.93202570750 1.0000000000000000
-45510.028468879791 1.0000000000000000
6306.8842057550764 1.0000000000000000
-72425.715126872383 1.0000000000000000
-16561.273273110604 1.0000000000000000
-13301.344033216403 1.0000000000000000
-9436.6711457530873 1.0000000000000000
16410.133159836263 1.0000000000000000
102672.98245911339 1.0000000000000000
9611.5641316368692 1.0000000000000000
37922.187817348655 1.0000000000000000
-11566.100390650674 1.0000000000000000
-2837.4925231544294 1.0000000000000000
-47936.562829918112 1.0000000000000000
8856.4438149357175 1.0000000000000000
69085.808825757791 1.0000000000000000
-2143.8818579426979 1.0000000000000000
-58346.947552056532 1.0000000000000000
36066.577858530363 1.0000000000000000
20338.873239967641 1.0000000000000000
7444.3762003847032 1.0000000000000000
-24849.327383686588 1.0000000000000000
42130.746130215652 1.0000000000000000
24655.930722856501 1.0000000000000000
-24712.410584844427 1.0000000000000000
2028.0133972037743 1.0000000000000000
-22707.959989942436 1.0000000000000000
5390.8320071581984 1.0000000000000000
-5834.7466657448922 1.0000000000000000
-27488.486699367626 1.0000000000000000
16806.184098910693 1.0000000000000000
-8771.4782780211845 1.0000000000000000
-53547.581759027118 1.0000000000000000
8537.8125109098928 1.0000000000000000
1599.5167188237067 1.0000000000000000
-62574.804198921949 1.0000000000000000
-2591.4130155760340 1.0000000000000000
-137173.66486430250 1.0000000000000000
46294.254583773465 1.0000000000000000
-24851.175548564308 1.0000000000000000
7223.8497684410340 1.0000000000000000
-70463.647328964740 1.0000000000000000
702.03360745921964 1.0000000000000000
-934.55772261789275 1.0000000000000000
-1593.8751138038617 1.0000000000000000
9802.7363648850751 1.0000000000000000
45880.701813159067 1.0000000000000000
-24291.096895479557 1.0000000000000000
-4882.8473895268917 1.0000000000000000
11229.475275412258 1.0000000000000000
-18723.769275415820 1.0000000000000000
-16114.949208879985 1.0000000000000000
53678.923973216188 1.0000000000000000
7267.9705736320175 1.0000000000000000
84476.279794359973 1.0000000000000000
-96594.912359784983 1.0000000000000000
-31063.007261381514 1.0000000000000000
-38650.605461978688 1.0000000000000000
8558.0386204048300 1.0000000000000000
6237.4542770562211 1.0000000000000000
-3038.5983459276435 1.0000000000000000
1686.7488204271065 1.0000000000000000
-23724.450337319347 1.0000000000000000
-7683.2376617224045 1.0000000000000000
-50653.503657177258 1.0000000000000000
22680.276780110315 1.0000000000000000
6953.9983959199963 1.0000000000000000
-11587.757724600238 1.0000000000000000
-50800.937338921096 1.0000000000000000
344.69536591536746 1.0000000000000000
-11311.744718315820 1.0000000000000000
7887.9375493392436 1.0000000000000000
2833.2163828363605 1.0000000000000000
-8229.6514557547453 1.0000000000000000
18052.718282800386 1.0000000000000000
-921.90835357086189 1.0000000000000000
-2573.3229816013045 1.0000000000000000
-1636.7805667728330 1.0000000000000000
-2094.1646358594453 1.0000000000000000
-12753.800856295136 1.0000000000000000
26358.494603021627 1.0000000000000000
-67505.101352542973 1.0000000000000000
52657.597933413133 1.0000000000000000
-4334.3476827825025 1.0000000000000000
204505.50606405316 1.0000000000000000
47962.476235607588 1.0000000000000000
-6451.1728722480248 1.0000000000000000
39327.558290981236 1.0000000000000000
8493.8849889400881 1.0000000000000000
16453.153207728035 1.0000000000000000
-370336.51519845304 1.0000000000000000
9386.3768343688971 1.0000000000000000
-1089.2624168290340 1.0000000000000000
22637.639951655325 1.0000000000000000
34097.798592239073 1.0000000000000000
48864.679588421590 1.0000000000000000
-19970.591208971262 1.0000000000000000
-11700.467038415631 1.0000000000000000
-10859.422471711408 1.0000000000000000
-4219.4888161580520 1.0000000000000000
-59390.649314079841 1.0000000000000000
34978.657922207509 1.0000000000000000
-3789.5368570125406 1.0000000000000000
-1028.9873732987128 1.0000000000000000
23590.418784249352 1.0000000000000000
-7777.8472789582111 1.0000000000000000
-5647.6080532525557 1.0000000000000000
9909.9157064917981 1.0000000000000000
-42828.312080925949 1.0000000000000000
16265.587100377350 1.0000000000000000
29940.778653904628 1.0000000000000000
85523.960231699952 1.0000000000000000
-38094.727065901046 1.0000000000000000
38776.484319188050 1.0000000000000000
280.11741482466596 1.0000000000000000
-6113.7784356169686 1.0000000000000000
-10041.800749576001 1.0000000000000000
5041.0595969143196 1.0000000000000000
-8988.7668361817759 1.0000000000000000
59636.851330855949 1.0000000000000000
-34125.770571387606 1.0000000000000000
-1271.0833782949039 1.0000000000000000
3631.7991939733479 1.0000000000000000
69756.365541015999 1.0000000000000000
23449.424973299749 1.0000000000000000
75584.579382520984 1.0000000000000000
-9835.5606463434433 1.0000000000000000
6437.1490584212615 1.0000000000000000
10327.814779395279 1.0000000000000000
-80146.272957813926 1.0000000000000000
-11787.840902842780 1.0000000000000000
-20670.499737277474 1.0000000000000000
-92.514426454630936 1.0000000000000000
26650.419260172850 1.0000000000000000
-3875.6589525001496 1.0000000000000000
-6219.4122686575874 1.0000000000000000
-1192.0174489131546 1.0000000000000000
-7470.1833701017340 1.0000000000000000
47264.902368592862 1.0000000000000000
7134.6086360397785 1.0000000000000000
-9487.9121999694325 1.0000000000000000
18941.128466134858 1.0000000000000000
-57681.070096406256 1.0000000000000000
852.44056625735982 1.0000000000000000
10182.354523427361 1.0000000000000000
10599.822208935826 1.0000000000000000
-43380.282475721084 1.0000000000000000
105916.45425459799 1.0000000000000000
6211.3491166979893 1.0000000000000000
-12090.207478408027 1.0000000000000000
6550.3800405594648 1.0000000000000000
6164.1948885988804 1.0000000000000000
-6981.1184414303107 1.0000000000000000
8901.7700754950747 1.0000000000000000
-19296.478316569897 1.0000000000000000
-20214.490368303977 1.0000000000000000
-826.69904358429415 1.0000000000000000
-15403.006693067842 1.0000000000000000
-19287.759035827836 1.0000000000000000
-9142.9980794583971 1.0000000000000000
2638.1922063911911 1.0000000000000000
80863.469056442496 1.0000000000000000
-353421.80016455008 1.0000000000000000
-4525.4569039416183 1.0000000000000000
-20170.630068847575 1.0000000000000000
-62455.435777453909 1.0000000000000000
4262.2414460893942 1.0000000000000000
2416.7348840023851 1.0000000000000000
-42792.470893284539 1.0000000000000000
15624.845349460291 1.0000000000000000
-17006.734433500762 1.0000000000000000
156640.27188422528 1.0000000000000000
10464.760881276208 1.0000000000000000
-30980.203300106812 1.0000000000000000
-28511.402384369725 1.0000000000000000
56759.130028664207 1.0000000000000000
-44903.169589907578 1.0000000000000000
-18552.007416355016 1.0000000000000000
11556.466948439780 1.0000000000000000
29598.047674502788 1.0000000000000000
58404.246884641812 1.0000000000000000
87477.021257699496 1.0000000000000000
-10363.989573216279 1.0000000000000000
33736.701079571176 1.0000000000000000
-22200.640836553299 1.0000000000000000
-21237.687456248263 1.0000000000000000
-13089.565841108035 1.0000000000000000
-1545.5221196204452 1.0000000000000000
-18055.697923549298 1.0000000000000000
-7289.0567262899522 1.0000000000000000
-3749.5852360450726 1.0000000000000000
-8683.6482685637056 1.0000000000000000
-12218.784633866990 1.0000000000000000
-11780.533459955046 1.0000000000000000
-2453.7137063024379 1.0000000000000000
-46192.100976627065 1.0000000000000000
60397.953200071926 1.0000000000000000
-23296.470234370114 1.0000000000000000
592.75172443514555 1.0000000000000000
-4580.4944070971860 1.0000000000000000
34223.872117271589 1.0000000000000000
33906.143094677602 1.0000000000000000
8874.3162049584207 1.0000000000000000
-229426.67292397702 1.0000000000000000
5644.0691738194373 1.0000000000000000
31814.526949234063 1.0000000000000000
12960.816792965294 1.0000000000000000
10380.165784413601 1.0000000000000000
69759.944474552496 1.0000000000000000
4941.1339497606377 1.0000000000000000
-15663.337886158872 1.0000000000000000
29362.858262315611 1.0000000000000000
-13512.210856097754 1.0000000000000000
-20141.026244415822 1.0000000000000000
-11368.295929549049 1.0000000000000000
-17557.333046531512 1.0000000000000000
-10592.010191872858 1.0000000000000000
13305.627814183566 1.0000000000000000
58974.499631110681 1.0000000000000000
27863.410105165123 1.0000000000000000
4717.7360537488021 1.0000000000000000
-2863.6195487048021 1.0000000000000000
-1004.1904996971839 1.0000000000000000
45998.280059544057 1.0000000000000000
-13232.741369117948 1.0000000000000000
-4335.4339607359097 1.0000000000000000
-22927.290489763556 1.0000000000000000
51571.262994538811 1.0000000000000000
11908.452730232682 1.0000000000000000
-14907.832115146135 1.0000000000000000
21422.371805449104 1.0000000000000000
86889.736335009191 1.0000000000000000
-46875.847355254664 1.0000000000000000
9264.9406872909531 1.0000000000000000
1236.6069899433026 1.0000000000000000
-53778.107335256958 1.0000000000000000
-22732.425763003943 1.0000000000000000
-22918.763480374422 1.0000000000000000
23532.490667342197 1.0000000000000000
-27088.244994540699 1.0000000000000000
7864.8631261606906 1.0000000000000000
26309.637864260236 1.0000000000000000
-224480.09658670679 1.0000000000000000
27146.170099000530 1.0000000000000000
22332.753436971365 1.0000000000000000
23089.961829341166 1.0000000000000000
1329.7512909775528 1.0000000000000000
-7340.8403535324906 1.0000000000000000
890.20712246968344 1.0000000000000000
-24839.979565268066 1.0000000000000000
-5089.6320979362345 1.0000000000000000
-42325.157612738360 1.0000000000000000
5422.5439555905186 1.0000000000000000
8317.6015339445803 1.0000000000000000
15479.707650921951 1.0000000000000000
29001.708996520814 1.0000000000000000
-25290.942899277383 1.0000000000000000
-55871.093662156520 1.0000000000000000
-33654.361537593373 1.0000000000000000
9322.7589188970687 1.0000000000000000
-58193.081782653142 1.0000000000000000
15020.299156248062 1.0000000000000000
-15710.456045276784 1.0000000000000000
-21633.631143495964 1.0000000000000000
-53338.980916526438 1.0000000000000000
-17660.218986240368 1.0000000000000000
-1657.4434368333277 1.0000000000000000
-159743.49616383444 1.0000000000000000
48784.959204938736 1.0000000000000000
-3807.0793913633688 1.0000000000000000
29702.487356903373 1.0000000000000000
27178.365721439244 1.0000000000000000
38216.291114594060 1.0000000000000000
-2767.6893423202091 1.0000000000000000
10454.148850604630 1.0000000000000000
-66593.327508591494 1.0000000000000000
-45673.953064176872 1.0000000000000000
-84248.576293261809 1.0000000000000000
27756.196515274783 1.0000000000000000
21597.960543570440 1.0000000000000000
-10386.008488703692 1.0000000000000000
17559.805142668272 1.0000000000000000
13337.471045392409 1.0000000000000000
170973.44937264887 1.0000000000000000
15328.027912979509 1.0000000000000000
-4434.2415265437285 1.0000000000000000
-3001.0885141160775 1.0000000000000000
74650.997790691981 1.0000000000000000
-28747.205826517347 1.0000000000000000
-2478.4718036963063 1.0000000000000000
-6676.9278182184316 1.0000000000000000
153.28062867869562 1.0000000000000000
-12447.583970726739 1.0000000000000000
3138.3700551586262 1.0000000000000000
-4536.9245216451554 1.0000000000000000
24189.584777226581 1.0000000000000000
11654.839019685962 1.0000000000000000
5101.4921345894090 1.0000000000000000
25655.690033969091 1.0000000000000000
-8352.3499438842482 1.0000000000000000
4012.0920545463841 1.0000000000000000
-26871.931294742884 1.0000000000000000
-34388.620375836166 1.0000000000000000
11467.751655962200 1.0000000000000000
-13305.294885495030 1.0000000000000000
-229.31069486163543 1.0000000000000000
-9921.1364704240295 1.0000000000000000
-9274.3659448564831 1.0000000000000000
21809.963648783545 1.0000000000000000
-6137.7143533802891 1.0000000000000000
61949.281444497043 1.0000000000000000
5760.2353534548620 1.0000000000000000
1725.7750457733564 1.0000000000000000
6241.8729300311288 1.0000000000000000
-108233.80919637592 1.0000000000000000
-6155.0114700577515 1.0000000000000000
39711.876437191706 1.0000000000000000
769.31954047484726 1.0000000000000000
9379.6509585961030 1.0000000000000000
-90084.744289599781 1.0000000000000000
-101147.85372119855 1.0000000000000000
1296.9095861889709 1.0000000000000000
13684.424122210534 1.0000000000000000
6194.9022094278162 1.0000000000000000
31671.426630880695 1.0000000000000000
35344.852717705529 1.0000000000000000
42552.750156542766 1.0000000000000000
-16782.722340537352 1.0000000000000000
-3948.6031727676736 1.0000000000000000
19857.154408907998 1.0000000000000000
29886.530658524793 1.0000000000000000
-6456.8568788331322 1.0000000000000000
40209.053415761293 1.0000000000000000
9870.4327465934730 1.0000000000000000
-8904.1524173812377 1.0000000000000000
32410.580431572744 1.0000000000000000
8927.2100920430985 1.0000000000000000
-3050.9790737607682 1.0000000000000000
3329.8235130167204 1.0000000000000000
24252.075975158332 1.0000000000000000
4177.1523301723100 1.0000000000000000
-10859.765739035691 1.0000000000000000
145659.32779914854 1.0000000000000000
29514.136086062732 1.0000000000000000
23422.772955456880 1.0000000000000000
-67362.905447680299 1.0000000000000000
74453.828763509329 1.0000000000000000
338821.16120005242 1.0000000000000000
-1064.4266465899500 1.0000000000000000
-16415.076966119363 1.0000000000000000
165148.02639660783 1.0000000000000000
-14390.774403126090 1.0000000000000000
-100.66951847865343 1.0000000000000000
64487.769801575159 1.0000000000000000
-57302.509005739528 1.0000000000000000
-2347.3344764039530 1.0000000000000000
75750.208359809520 1.0000000000000000
2660.6931862920787 1.0000000000000000
-29538.347972429925 1.0000000000000000
-104945.76937686271 1.0000000000000000
-9048.1054198936235 1.0000000000000000
28512.390041523984 1.0000000000000000
-10970.074931947664 1.0000000000000000
6943.6635655470809 1.0000000000000000
33355.341495778019 1.0000000000000000
22082.591997060550 1.0000000000000000
-55229.710225838739 1.0000000000000000
-28555.173381726880 1.0000000000000000
1632.2580323905238 1.0000000000000000
-53016.281468020374 1.0000000000000000
-62754.593188454855 1.0000000000000000
-278.61781961539560 1.0000000000000000
-36192.178740868847 1.0000000000000000
40155.435895709612 1.0000000000000000
-9017.5495948264015 1.0000000000000000
27170.393995433755 1.0000000000000000
-36282.356658221215 1.0000000000000000
13934.653551084264 1.0000000000000000
-19007.552768532467 1.0000000000000000
-32694.047979286635 1.0000000000000000
16008.630414470001 1.0000000000000000
-8671.7734534936972 1.0000000000000000
3624.1167448063352 1.0000000000000000
3956.2473863983851 1.0000000000000000
-43807.611728749544 1.0000000000000000
68456.740884601575 1.0000000000000000
56460.757611244255 1.0000000000000000
-8241.1310297658401 1.0000000000000000
15351.856776037159 1.0000000000000000
-2222.3512091768421 1.0000000000000000
313931.86068623606 1.0000000000000000
-2862.5460118872975 1.0000000000000000
-8280.2343371587340 1.0000000000000000
450440.84354308358 1.0000000000000000
14836.126858447025 1.0000000000000000
68527.703235428402 1.0000000000000000
75731.758040897636 1.0000000000000000
3307.6192739654934 1.0000000000000000
96927.183330337226 1.0000000000000000
