-8744.7657690720789 .98536615387162163
3713.9351927334824 1.0000000000000000
354.25002466703961 1.0000000000000000
-1575.7542660957313 .59662359954797661
-113508.88404384714 .66656761741778037E-001
-3151.5771615108265 .94776539675400562
84364.967997116168 .63174972238533481E-001
-337.04162217126043 .89371445524080850
6440.5225546019719 .11371306041996770
-145924.97578577820 .36919948879610580E-001
-18724.244806224840 .11371306041996770
6035.7185402652985 .11371306041996770
-8211.3139683231439 .98371692299602731
-15785.470210013793 .98371692299602731
-172.47269490567899 1.0000000000000000
28173.802474288983 .32467641573674100
-64060.274963728014 .20468748774750356E-001
4135.0655485849811 .93597170096542937
7326.6957506006311 1.0000000000000000
3707.5730642025692 1.0000000000000000
2768.2208973287761 1.0000000000000000
-62272.325803189167 .97663846029626376E-002
-31663.602473950894 .10495543699335197E-001
-28986.330910384804 .14004664900669853E-001
-5199.9973604404559 .10099776839119720E-002
39570.288827992343 1.0000000000000000
3893.8257126381559 .22544410527786194E-002
-8409.4481679016681 .30053990107430156
36977.308593658941 .61192239825234696E-001
26498.911578717951 .62792566932248828E-001
-337.43926759294197 .10629644522020532E-002
102865.17995045675 .63640178932931279E-001
-1369.0373670669126 1.0000000000000000
5343.0259715254833 1.0000000000000000
8863.5310903827776 .37714124292543394
31901.459222868340 .50250089245120633
4578.5648653608696 .72388898577337213
-5582.0234410842395 1.0000000000000000
-5439.7161401158191 .66886598457930879E-002
-9042.3046491261248 .25350198541831481
-22551.424689986081 .43153007212014538E-002
-2433.8042872594774 1.0000000000000000
-12681.898345064974 1.0000000000000000
1218.7305634083812 1.0000000000000000
-1547.8679368677158 .63178751910086373E-001
-8783.9055151509783 .36589562401500997
20853.863251109844 1.0000000000000000
-5193.3040455551782 .30564825706866822
16434.429628378875 .21305348689457015
-2152.4647347807140 .14614389382577586E-001
-761.61466980318414 .54346979294280895
-528.69596169866884 .44815011362991930E-003
-1643.9655574173203 1.0000000000000000
-340.46517445497636 1.0000000000000000
6953.1703272507812 1.0000000000000000
10384.761893046991 .27913583661549723E-001
1004.9362716968551 1.0000000000000000
-8323.1517820027930 1.0000000000000000
-30092.729562026161 .29313976328637492
-5814.9048909148105 .79922371873594744E-003
3710.9069137662736 1.0000000000000000
15299.714618677956 1.0000000000000000
12166.852429924287 1.0000000000000000
-39559.594293873000 .31132211544160127E-001
19914.994419662522 .48705724740109940
-469.90731057405719 .98977386939213063
6578.2872498628740 .96257930150603221
2347.2305573435538 1.0000000000000000
650.56733302236728 1.0000000000000000
-1626.0884704832320 1.0000000000000000
-225.56343216349347 1.0000000000000000
-37902.000065704648 .52225956253006576E-002
-10591.492336594143 .74270362674457491
252.99952584469332 .25397397954459567E-003
-12845.860044849833 .17596396143068155
7702.4596517297150 .39081590948461919E-001
3171.6813227257189 .68766931621297145
15710.093969706957 .30241271403160674
19392.952602667756 .81351376299872324E-001
-17218.446083427578 .32522295909188703E-001
3135.8965125623290 1.0000000000000000
3816.4316406110047 .59273598266911642E-001
-8994.6489121035720 1.0000000000000000
-7816.9163359380464 .27752207357272707
51226.463533978291 .37827128679337574E-001
-16943.589638961170 .18074830676253625
20949.851733336753 .22889464185211839
1981.9998142512104 .54508813200233597E-002
-5442.6082212760111 .68655590864885307
6210.6579776398312 .42842185207945360E-001
10511.814717940804 .57097940988581297
-7884.2050311630601 .66714877632670810
-9202.7151364555393 .79299233852208006
3458.3854326706282 .62449268975944272E-001
-11495.278437306240 .15525006317406520E-002
-2988.5988024255930 .14653899426928553E-002
29233.404835938902 .96405224446344945E-002
7348.3216803663317 .93953001863590624E-001
-16603.915769544808 .45725581924979629E-002
-475.80347958493172 1.0000000000000000
-11565.385431573020 1.0000000000000000
-7867.1430024731662 .18523932061212889E-001
2109.0622990207362 .51447574037246646E-002
20866.939303693740 .46384660970256120
643.10712308283473 .57010984615437854E-001
20108.705980601520 .61936376666922498E-001
39491.138537003630 .42977127314010086E-001
11187.684490871083 .22794952553933934E-001
-507.93871595458364 .20981858474738714E-003
4787.2566688378829 1.0000000000000000
7927.9584388390522 .98771675063356268E-001
961.85632438436164 .11930323013018664E-001
-2979.3525789490459 .99989564535275233
-2525.9053243038311 1.0000000000000000
-33150.373209894031 1.0000000000000000
8745.4324408597131 .14067120878070383E-001
4079.6525201520531 .87736075900945476
-39139.895117679189 .80426526633098183E-001
-1115.1025360075541 1.0000000000000000
997.30559255712603 .99313521378720226
-7393.6578365246160 .11920489163230652
12883.241869135920 .28652622377198445
24895.217023364276 .40533040064000875
-1248.1305441447696 .15277086927911743E-002
-19324.315471095517 .12923373797613102E-001
29018.260747237204 .12099206572979693
15876.582938759715 .26780915177161135E-001
-306.13072856981955 .64020464400584487
-5886.0253055746034 .14402099817129022
920.08163690693880 1.0000000000000000
-7782.8053198497282 .75086664567295369
292.69147725504030 .49963665466423629
-21746.965757365429 1.0000000000000000
3922.1782874989731 .85560408249113307
-2836.8048336560282 1.0000000000000000
-411.94560285484084 .16590021307771163
2682.1168452122329 .19532056907429057
-780.53451485280641 .52684332968571668E-002
-28666.358131476314 .65517065431033839
935.97693918069683 .68834281425641112E-002
1929.6833301760851 1.0000000000000000
6384.6886918081282 1.0000000000000000
1718.6972640467111 1.0000000000000000
-31837.045023345599 .22551919511153373E-001
-966.96120404023679 1.0000000000000000
389.07259245836468 .18063343146137274E-002
-862.74363864615896 .12632854451951059E-002
-13179.185671954705 .85703149814671156E-001
-198.73587320045954 .20068843121801017E-003
3125.5411547018462 .81973117820051711
240.41409743194629 1.0000000000000000
-2804.5583958145835 1.0000000000000000
12718.331003790274 1.0000000000000000
2648.4008793669650 .79860896362828182
-8608.7867940214528 .46397566328543999
7571.6825100450260 .30699567283380635
378.48823950403880 .15350248501872998E-001
-708.92308629067418 1.0000000000000000
-1762.0558105427212 .97913445614408201
-1.3126243656468870 .23852459710462065E-004
2334.9639171663130 1.0000000000000000
-5349.3873345862576 .36465226792809835E-001
1163.2296496150150 1.0000000000000000
-8956.1476878937974 .75720646793954738E-002
-19690.825358971750 .21559014918696157
-274.57501980435933 1.0000000000000000
-2904.9173907762520 1.0000000000000000
-3314.6070948977681 .54618673429541298E-001
-831.53879109778609 .13091231165668515E-001
10598.557733160338 .52378542489807389
-9209.3804404788571 .27752123090559344
1870.2831150838490 .97598674978753697
-21425.847212319914 1.0000000000000000
43.864174619019025 .67771414741133837E-004
-880.12081984147562 1.0000000000000000
-7130.8921589722058 1.0000000000000000
-35997.642969334585 .39213299614295836E-001
24117.007487875744 .87669049563677635E-002
-2605.7640300224075 .65052831353575757
-2765.2637238724365 .59540606969782350
-6415.2966830346049 .14282634269878303
1095.1312027380945 .49466897587195913E-002
-1272.6113598429445 .86011672504552994
-11146.709083384116 .57252703395858728
-2072.2644259759186 .99179474642535492
649.28225731867292 1.0000000000000000
13021.611378875627 .10906664361807406
1832.5121590908577 1.0000000000000000
-2180.2371997224450 .97917947007732309
22674.467900816064 .16290338153413846E-001
-18334.534521755213 .17827836121390145
-4258.7978948924656 1.0000000000000000
-22502.542592416419 .25682437672523323
22603.376396852917 .80342963999913974E-001
-7058.0504581242149 1.0000000000000000
21401.385241682485 1.0000000000000000
4094.2400118519545 1.0000000000000000
17351.797832600936 .13685958579802454
-2178.9335201785052 .36259799796148195
10418.672384793865 .99997152717184323
