821277.03082747047 1.0000000000000000
2612.6970274282830 1.0000000000000000
106573.59592881968 1.0000000000000000
-100873.08581313798 1.0000000000000000
146864.96673632524 1.0000000000000000
-34887.597489533095 1.0000000000000000
14328.229791702808 1.0000000000000000
-13804.988330856568 1.0000000000000000
7164.7974092712293 1.0000000000000000
7067.7365301063483 1.0000000000000000
-58643.389209929024 1.0000000000000000
19282.034833609578 1.0000000000000000
180372.67360200791 1.0000000000000000
-21163.897078639337 1.0000000000000000
61437.394185994708 1.0000000000000000
107929.62957964207 1.0000000000000000
43090.960146583107 1.0000000000000000
-622.28873394191532 1.0000000000000000
1098.1802435126133 1.0000000000000000
6966.8393559353035 1.0000000000000000
21881.775148661622 1.0000000000000000
-2155.9007510106476 1.0000000000000000
65021.683832104434 1.0000000000000000
62601.424368328771 1.0000000000000000
30401.425185116834 1.0000000000000000
-32985.707369517077 1.0000000000000000
-12673.253976113456 1.0000000000000000
29630.285052677591 1.0000000000000000
315023.78976455977 1.0000000000000000
-230918.25942408011 1.0000000000000000
-479.58259365334368 1.0000000000000000
-7389.9067575106383 1.0000000000000000
129991.68803889462 1.0000000000000000
-18746.980626627879 1.0000000000000000
-12990.652269513168 1.0000000000000000
8605.1642173088294 1.0000000000000000
832.46015816469844 1.0000000000000000
41755.916552785493 1.0000000000000000
61507.490017804113 1.0000000000000000
-11470.664359852359 1.0000000000000000
-89.946104457954959 1.0000000000000000
135.43835733806648 1.0000000000000000
35492.980337201443 1.0000000000000000
-1597.4992466622666 1.0000000000000000
37416.228999052837 1.0000000000000000
-16873.818887564459 1.0000000000000000
116638.07767894112 1.0000000000000000
19059.380046982547 1.0000000000000000
-8578.5622413482524 1.0000000000000000
5847.8845904934678 1.0000000000000000
14287.578277432214 1.0000000000000000
5095.5840207842302 1.0000000000000000
35832.564840457177 1.0000000000000000
19979.829036765321 1.0000000000000000
16004.438242235148 1.0000000000000000
-399.68117046046683 1.0000000000000000
-233053.06225960288 1.0000000000000000
8191.5685885313969 1.0000000000000000
-4042.7426955976043 1.0000000000000000
8744.1439836780064 1.0000000000000000
-32749.028605851297 1.0000000000000000
24595.351394330333 1.0000000000000000
58843.512755156975 1.0000000000000000
-3461.4939326015165 1.0000000000000000
-4831.4095935065916 1.0000000000000000
-17861.032494309256 1.0000000000000000
4215.4723504406184 1.0000000000000000
-1260.6152619461782 1.0000000000000000
-86439.255283800507 1.0000000000000000
-85089.600088035877 1.0000000000000000
9607.9314221249479 1.0000000000000000
4123.6438454557119 1.0000000000000000
-27094.559670256396 1.0000000000000000
-65792.739719840276 1.0000000000000000
2210.5413657143190 1.0000000000000000
9797.3669699068978 1.0000000000000000
-7728.0668239637625 1.0000000000000000
-4807.4164860401361 1.0000000000000000
15417.147333899253 1.0000000000000000
-3272.5697065195700 1.0000000000000000
6762.3498441724669 1.0000000000000000
46088.888613570554 1.0000000000000000
40918.488758968422 1.0000000000000000
-14298.277450506172 1.0000000000000000
11865.430002194709 1.0000000000000000
45689.743185095147 1.0000000000000000
-8146.0969044590938 1.0000000000000000
27621.242650574972 1.0000000000000000
16784.293997684174 1.0000000000000000
-55512.603770887596 1.0000000000000000
3637.1379023669183 1.0000000000000000
218.45664852845402 1.0000000000000000
3044.4995237745447 1.0000000000000000
31768.159636869179 1.0000000000000000
-436.07277177753258 1.0000000000000000
-31105.037814490137 1.0000000000000000
1751.5000797228556 1.0000000000000000
-1387.8165543446241 1.0000000000000000
-2408.2398810282143 1.0000000000000000
62361.550999809020 1.0000000000000000
-46981.201444995073 1.0000000000000000
-3289.8906722841853 1.0000000000000000
-17441.184522894317 1.0000000000000000
-16532.930339599527 1.0000000000000000
-1403.8205340545064 1.0000000000000000
-32310.982903543096 1.0000000000000000
-244.65273899603682 1.0000000000000000
-122.55058048305884 1.0000000000000000
8886.0415625648966 1.0000000000000000
90.010258247749434 1.0000000000000000
22.890980732734157 1.0000000000000000
-74.695015934622063 1.0000000000000000
20571.095556098673 1.0000000000000000
4072.7909729230914 1.0000000000000000
23415.809273124727 1.0000000000000000
-189695.02379471579 1.0000000000000000
-21534.823453782690 1.0000000000000000
-61704.566615275129 1.0000000000000000
-198235.09527657376 1.0000000000000000
-24.314164042630232 1.0000000000000000
-1812.9048519796831 1.0000000000000000
319237.77288943646 1.0000000000000000
59519.630148028482 1.0000000000000000
137673.66648603423 1.0000000000000000
23257.755076360532 1.0000000000000000
12018.063849087679 1.0000000000000000
11661.213462350548 1.0000000000000000
-11341.082815683478 1.0000000000000000
-81085.493191978632 1.0000000000000000
31029.140694499234 1.0000000000000000
9888.9355862412067 1.0000000000000000
-2454.2338020183529 1.0000000000000000
1106.0443432110167 1.0000000000000000
4713.4406339599254 1.0000000000000000
20385.512724958895 1.0000000000000000
921.86451423174742 1.0000000000000000
-6236.3841551943769 1.0000000000000000
-3963.4247269170805 1.0000000000000000
-23576.301991701999 1.0000000000000000
7134.6368268535953 1.0000000000000000
7636.7101904937062 1.0000000000000000
1261.7551383641644 1.0000000000000000
-16485.089193049145 1.0000000000000000
49465.943151060572 1.0000000000000000
69885.368128109461 1.0000000000000000
16145.406810442064 1.0000000000000000
20461.180290403667 1.0000000000000000
17870.993494338614 1.0000000000000000
22154.579823101689 1.0000000000000000
-8287.6199123919287 1.0000000000000000
733.89411812209926 1.0000000000000000
-2478.4923467430363 1.0000000000000000
-9707.0636633070917 1.0000000000000000
-45.244832009117204 1.0000000000000000
-6845.1489062085247 1.0000000000000000
-2909.9043841560638 1.0000000000000000
164328.28404359377 1.0000000000000000
-35152.337407421735 1.0000000000000000
76391.311039177177 1.0000000000000000
-26502.719915917016 1.0000000000000000
-47631.302214636038 1.0000000000000000
-18191.072003139485 1.0000000000000000
6760.3440910737563 1.0000000000000000
27394.748107416257 1.0000000000000000
-114523.05397230248 1.0000000000000000
19583.074161178403 1.0000000000000000
-4780.6240325964172 1.0000000000000000
-1761.2682616681664 1.0000000000000000
6480.8147378535723 1.0000000000000000
5734.9019610357100 1.0000000000000000
3951.2102963994353 1.0000000000000000
-27185.013687936240 1.0000000000000000
-99124.772149195400 1.0000000000000000
-74855.232982840433 1.0000000000000000
-28739.990348123283 1.0000000000000000
-22975.610521163275 1.0000000000000000
-21431.939840888084 1.0000000000000000
-39180.653774806306 1.0000000000000000
11998.809278718549 1.0000000000000000
71060.255765642214 1.0000000000000000
-366.52190991305474 1.0000000000000000
-17804.981203365591 1.0000000000000000
-1297.0216055597216 1.0000000000000000
134856.39861726802 1.0000000000000000
-3675.2086340986707 1.0000000000000000
438119.53743937309 1.0000000000000000
826.20333497829779 1.0000000000000000
8389.7276478430940 1.0000000000000000
-27074.003210759274 1.0000000000000000
51330.825205665962 1.0000000000000000
-169045.68158678210 1.0000000000000000
48074.801066052321 1.0000000000000000
46509.516667976226 1.0000000000000000
-99266.017517610060 1.0000000000000000
-13965.037357753426 1.0000000000000000
15521.817060818397 1.0000000000000000
19846.907989496500 1.0000000000000000
-54130.039693543818 1.0000000000000000
323980.64968838281 1.0000000000000000
-48805.461984218462 1.0000000000000000
78662.271841595226 1.0000000000000000
-31781.909054972763 1.0000000000000000
-21670.091658716261 1.0000000000000000
-43073.124512131049 1.0000000000000000
3979.1634696652559 1.0000000000000000
1476.5244533587438 1.0000000000000000
8623.6826796369569 1.0000000000000000
13005.070291741473 1.0000000000000000
-8930.1994447476027 1.0000000000000000
-10280.454019684441 1.0000000000000000
6036.9650761790881 1.0000000000000000
15256.274259876374 1.0000000000000000
1917.3006947133067 1.0000000000000000
-8719.5255747370520 1.0000000000000000
7634.6229337652176 1.0000000000000000
22527.147559446064 1.0000000000000000
-5390.0872944568555 1.0000000000000000
22906.120800815948 1.0000000000000000
-59037.337421852717 1.0000000000000000
1723.8145790273174 1.0000000000000000
-9142.7133619204342 1.0000000000000000
18582.292107263533 1.0000000000000000
735.87972063357074 1.0000000000000000
1433.0639739119881 1.0000000000000000
-110.48936368503749 1.0000000000000000
50203.031400769265 1.0000000000000000
1624.7555564242946 1.0000000000000000
-48131.958987003221 1.0000000000000000
169493.62409260042 1.0000000000000000
9303.5315579246835 1.0000000000000000
-10059.006483806219 1.0000000000000000
-6166.7786893388966 1.0000000000000000
831.64411110722301 1.0000000000000000
139.33009455142800 1.0000000000000000
2925.1794197676682 1.0000000000000000
27341.296479470482 1.0000000000000000
28198.220427402237 1.0000000000000000
-3185.4594817532761 1.0000000000000000
54123.947304726062 1.0000000000000000
-49774.340928853489 1.0000000000000000
113928.72595584215 1.0000000000000000
1720.7988376550002 1.0000000000000000
-846.91514379305181 1.0000000000000000
-30837.523206309721 1.0000000000000000
-10313.431294878776 1.0000000000000000
-7775.9843556895676 1.0000000000000000
-37310.342691077043 1.0000000000000000
4646.4047850576781 1.0000000000000000
135598.67662202561 1.0000000000000000
-71254.458581579151 1.0000000000000000
-6584.3027017658651 1.0000000000000000
-22031.853778182543 1.0000000000000000
9020.1882473435544 1.0000000000000000
-4373.9250848867678 1.0000000000000000
640.19600734975256 1.0000000000000000
-2027.3713864103941 1.0000000000000000
-20609.902905573595 1.0000000000000000
-27966.239690960931 1.0000000000000000
-7109.9939705772622 1.0000000000000000
-30248.425879953316 1.0000000000000000
-64862.450741587309 1.0000000000000000
-250.19365246103348 1.0000000000000000
21600.171080853881 1.0000000000000000
-175752.77730058643 1.0000000000000000
79881.765084227125 1.0000000000000000
12191.873611436815 1.0000000000000000
76823.239561354392 1.0000000000000000
76063.088958737048 1.0000000000000000
-4528.2914783733959 1.0000000000000000
-3599.1613129068696 1.0000000000000000
8580.6153017583420 1.0000000000000000
-1968.3669041291757 1.0000000000000000
47743.784297976163 1.0000000000000000
374.25640117766386 1.0000000000000000
2199.1792594417975 1.0000000000000000
490.59131585806472 1.0000000000000000
-81602.063597263783 1.0000000000000000
313136.17600837821 1.0000000000000000
-3287.2720954282031 1.0000000000000000
1108.6377106061675 1.0000000000000000
3964.9504130105006 1.0000000000000000
-11985.301345016458 1.0000000000000000
-93727.421886112541 1.0000000000000000
3485.0928741668513 1.0000000000000000
-1270.7609596582363 1.0000000000000000
-27790.161617390808 1.0000000000000000
-718.14234734967567 1.0000000000000000
40853.959770364381 1.0000000000000000
-30462.641327222478 1.0000000000000000
32115.926232995629 1.0000000000000000
-9797.0091623179160 1.0000000000000000
4509.1260178633238 1.0000000000000000
5146.6987273793020 1.0000000000000000
-16923.604177775076 1.0000000000000000
7175.3806348532971 1.0000000000000000
-8973.2544926606824 1.0000000000000000
19550.508410065791 1.0000000000000000
16952.016104383798 1.0000000000000000
-102827.65803244092 1.0000000000000000
-29221.536506276309 1.0000000000000000
45540.504848702694 1.0000000000000000
-19339.958163333446 1.0000000000000000
-95890.604114202390 1.0000000000000000
3213.6419328608627 1.0000000000000000
-25222.889770832146 1.0000000000000000
12627.009753379205 1.0000000000000000
-13073.395127011390 1.0000000000000000
19323.256811765332 1.0000000000000000
-15716.507844291757 1.0000000000000000
-4039.4213107001933 1.0000000000000000
-31746.771467583931 1.0000000000000000
-431.74042442286384 1.0000000000000000
136488.26381002410 1.0000000000000000
-71980.116961726017 1.0000000000000000
128689.24144154793 1.0000000000000000
2027.7199154164318 1.0000000000000000
63075.367957634669 1.0000000000000000
6516.6250513106243 1.0000000000000000
21760.246769540092 1.0000000000000000
-1085.5921067818667 1.0000000000000000
-4612.1617034582532 1.0000000000000000
-3993.7427976331933 1.0000000000000000
-341.92293560184407 1.0000000000000000
-1797.9997972950684 1.0000000000000000
2124.8937124153772 1.0000000000000000
1221.8962649580171 1.0000000000000000
1484.8417741617582 1.0000000000000000
-32323.355167465452 1.0000000000000000
-12340.245232264620 1.0000000000000000
66559.239994223113 1.0000000000000000
-14992.939904590050 1.0000000000000000
-396.74761915590500 1.0000000000000000
-40250.015628925896 1.0000000000000000
18376.923099090822 1.0000000000000000
23453.734215784138 1.0000000000000000
-15088.251594708867 1.0000000000000000
-11360.569877195772 1.0000000000000000
53187.569635192878 1.0000000000000000
24607.021793352549 1.0000000000000000
24715.003696408308 1.0000000000000000
116797.35545406085 1.0000000000000000
-148223.32419895221 1.0000000000000000
-11246.882664688559 1.0000000000000000
7025.0599821349315 1.0000000000000000
898.21874631289359 1.0000000000000000
-3979.3026412457443 1.0000000000000000
-2239.6928092778608 1.0000000000000000
-9248.3856814796454 1.0000000000000000
-14286.383296756716 1.0000000000000000
692.81158861744814 1.0000000000000000
-11880.350759068328 1.0000000000000000
3247.4921547511117 1.0000000000000000
-138666.80172204564 1.0000000000000000
2298.0735540369751 1.0000000000000000
4132.7925402269248 1.0000000000000000
-641024.76335879450 1.0000000000000000
33095.979598270904 1.0000000000000000
32839.864669880597 1.0000000000000000
4317.3483536869016 1.0000000000000000
-1699.1763315349137 1.0000000000000000
565.23216774765774 1.0000000000000000
12305.520631251848 1.0000000000000000
416.34658190668875 1.0000000000000000
-684.92100843149717 1.0000000000000000
434.04826031522197 1.0000000000000000
-3102.8468507987204 1.0000000000000000
-2464.3458676965483 1.0000000000000000
55863.408745442684 1.0000000000000000
24521.148093166987 1.0000000000000000
14492.002356023788 1.0000000000000000
-16870.520882420162 1.0000000000000000
32890.378589291584 1.0000000000000000
-42479.138199799592 1.0000000000000000
-36233.477872306736 1.0000000000000000
4010.1616270627469 1.0000000000000000
-43773.323980700610 1.0000000000000000
-6929.9938640957698 1.0000000000000000
-20132.233149948457 1.0000000000000000
-20017.925222357095 1.0000000000000000
-28985.926669903798 1.0000000000000000
7253.8544252841202 1.0000000000000000
-249956.23587745114 1.0000000000000000
-161515.65186664372 1.0000000000000000
-21034.740933827608 1.0000000000000000
-11442.467175568137 1.0000000000000000
-42088.183257116849 1.0000000000000000
5410.8714446762779 1.0000000000000000
-2178.3232275721330 1.0000000000000000
29098.977788813252 1.0000000000000000
-1385.7221085610192 1.0000000000000000
-3404.1618939204936 1.0000000000000000
14104.235811949357 1.0000000000000000
-15859.772873462371 1.0000000000000000
-3475.3297119632994 1.0000000000000000
21522.141709749660 1.0000000000000000
32458.751228739260 1.0000000000000000
-1309.9611951465827 1.0000000000000000
4978.7948895578656 1.0000000000000000
-37336.318619024394 1.0000000000000000
-4711.1784978284722 1.0000000000000000
61772.183935339213 1.0000000000000000
695.26280739372112 1.0000000000000000
-63900.130290388755 1.0000000000000000
-3186.4217938481634 1.0000000000000000
-66132.370210385634 1.0000000000000000
-74045.976084262395 1.0000000000000000
4.6881132325143779 1.0000000000000000
251674.72123141002 1.0000000000000000
491530.79320994351 1.0000000000000000
-13709.021456690714 1.0000000000000000
118423.09162288120 1.0000000000000000
-2874.5342747246409 1.0000000000000000
-22935.899472525638 1.0000000000000000
-288874.32722967508 1.0000000000000000
26433.660074571071 1.0000000000000000
-94604.681630041421 1.0000000000000000
-11006.806711493989 1.0000000000000000
17643.969085539335 1.0000000000000000
-26673.882223808127 1.0000000000000000
239513.37445792052 1.0000000000000000
119951.88206393948 1.0000000000000000
-98.292327262192956 1.0000000000000000
61800.679068752172 1.0000000000000000
-10468.013940216935 1.0000000000000000
41499.553566302588 1.0000000000000000
-10782.205301678941 1.0000000000000000
3784.9854611121405 1.0000000000000000
4883.4758359543857 1.0000000000000000
10349.634953250437 1.0000000000000000
-4928.6809871095256 1.0000000000000000
4986.4173121754784 1.0000000000000000
56449.593679975733 1.0000000000000000
21823.414486736609 1.0000000000000000
-699.43959306217050 1.0000000000000000
-16255.929014725218 1.0000000000000000
-6582.9771384744299 1.0000000000000000
756.18999632758789 1.0000000000000000
-151736.07759544486 1.0000000000000000
-25352.684953753156 1.0000000000000000
34350.346652866778 1.0000000000000000
-208139.57871481249 1.0000000000000000
-2276.6281299585407 1.0000000000000000
14055.999969343913 1.0000000000000000
5095.4678123852973 1.0000000000000000
-77123.253991254853 1.0000000000000000
-274280.22398540599 1.0000000000000000
-573561.33337262645 1.0000000000000000
-21972.664843158069 1.0000000000000000
-17448.179605667359 1.0000000000000000
-49722.467474237128 1.0000000000000000
15639.813405765635 1.0000000000000000
-7147.7544531726444 1.0000000000000000
11816.876657201890 1.0000000000000000
13423.970983056510 1.0000000000000000
72174.447197199785 1.0000000000000000
7369.6039798982738 1.0000000000000000
-4948.6686303172337 1.0000000000000000
-520.16795220894596 1.0000000000000000
-575.46081838169164 1.0000000000000000
-22014.170474844497 1.0000000000000000
132725.36844584928 1.0000000000000000
12617.849451493496 1.0000000000000000
-22946.866231183671 1.0000000000000000
17151.016720418760 1.0000000000000000
1061.5685941552183 1.0000000000000000
18704.839998395801 1.0000000000000000
40853.160814251292 1.0000000000000000
-24125.029581269871 1.0000000000000000
3210.9616009505689 1.0000000000000000
-15258.561025286557 1.0000000000000000
-4380.9046418586067 1.0000000000000000
275.74480711733781 1.0000000000000000
4243.6294315363884 1.0000000000000000
-8716.7838137009494 1.0000000000000000
-15843.423513120479 1.0000000000000000
-21619.415219801384 1.0000000000000000
4234.1039563405329 1.0000000000000000
-4965.1686047874764 1.0000000000000000
9329.1794339621065 1.0000000000000000
21222.498751376599 1.0000000000000000
-43259.314470807323 1.0000000000000000
8002.5760969099492 1.0000000000000000
225768.64485212261 1.0000000000000000
-1388.9378341308702 1.0000000000000000
-2896.7503121083382 1.0000000000000000
-30943.223438710535 1.0000000000000000
82736.465314368295 1.0000000000000000
-3852.8101187543944 1.0000000000000000
-8421.8659842342659 1.0000000000000000
-105209.39288109430 1.0000000000000000
-57687.898222812299 1.0000000000000000
-236639.36132772887 1.0000000000000000
19081.223686485886 1.0000000000000000
7217.6884098515293 1.0000000000000000
-76959.276594530820 1.0000000000000000
-51456.106081569371 1.0000000000000000
142645.24657746122 1.0000000000000000
-89973.164491965741 1.0000000000000000
92803.633110517490 1.0000000000000000
-168935.80974066630 1.0000000000000000
64137.526606539010 1.0000000000000000
11674.206865558055 1.0000000000000000
14585.383377229819 1.0000000000000000
-628.37921565557383 1.0000000000000000
-1824.6851859929959 1.0000000000000000
-10932.933319985752 1.0000000000000000
59250.980472469288 1.0000000000000000
6736.7472534460312 1.0000000000000000
-19494.836869166080 1.0000000000000000
-9419.8599457565597 1.0000000000000000
-27562.233763173765 1.0000000000000000
9940.2660315223020 1.0000000000000000
34996.886528650371 1.0000000000000000
-3356.8605502819228 1.0000000000000000
-7237.4721914904158 1.0000000000000000
5858.7232480759003 1.0000000000000000
-38303.460682674900 1.0000000000000000
5471.2944542825489 1.0000000000000000
-48945.016264647311 1.0000000000000000
-62235.021333143472 1.0000000000000000
-13422.754210594923 1.0000000000000000
5899.9467789450619 1.0000000000000000
-68619.513538676154 1.0000000000000000
-45923.712847401752 1.0000000000000000
2570.4533962616542 1.0000000000000000
8736.5763778303644 1.0000000000000000
-8103.9734675845884 1.0000000000000000
5480.6202536178007 1.0000000000000000
3535.1333550266909 1.0000000000000000
1520.7303913656399 1.0000000000000000
-818.58609261105835 1.0000000000000000
6911.2069599891665 1.0000000000000000
7598.7360135852596 1.0000000000000000
-52890.889201986494 1.0000000000000000
8832.3574709139266 1.0000000000000000
-14413.616660620144 1.0000000000000000
-86752.909362391365 1.0000000000000000
-56904.342425976982 1.0000000000000000
109686.31182476709 1.0000000000000000
-125854.02023554803 1.0000000000000000
57029.704458953594 1.0000000000000000
334023.56278143055 1.0000000000000000
38030.800010085070 1.0000000000000000
2260.1624300768608 1.0000000000000000
197371.96618694402 1.0000000000000000
-41803.354518584252 1.0000000000000000
-21871.323438125331 1.0000000000000000
2227.1234889539987 1.0000000000000000
40805.167944390792 1.0000000000000000
8853.9830838022535 1.0000000000000000
-4076.3320592717441 1.0000000000000000
918.62447319200396 1.0000000000000000
71912.356666081920 1.0000000000000000
-60512.527986224457 1.0000000000000000
-14693.047391990081 1.0000000000000000
-5183.1357259640554 1.0000000000000000
-2525.9324737150805 1.0000000000000000
34591.873214402738 1.0000000000000000
60734.736675695589 1.0000000000000000
906.57895961667464 1.0000000000000000
764.93371061926177 1.0000000000000000
33552.065354822524 1.0000000000000000
-51261.683272362337 1.0000000000000000
-60750.675675128019 1.0000000000000000
60346.888722436401 1.0000000000000000
-38999.611781078238 1.0000000000000000
-19419.685079977506 1.0000000000000000
-36440.250564487731 1.0000000000000000
-282296.51221373922 1.0000000000000000
42546.553721208591 1.0000000000000000
24843.849998604888 1.0000000000000000
31091.173213799495 1.0000000000000000
-1559.4255283731143 1.0000000000000000
-6240.4398202465372 1.0000000000000000
-12045.080659661638 1.0000000000000000
120406.06462538634 1.0000000000000000
-29462.544460654542 1.0000000000000000
-14696.477675339107 1.0000000000000000
-8679.2994912506165 1.0000000000000000
56.300709540322124 1.0000000000000000
-43451.313480104029 1.0000000000000000
-12150.782701019301 1.0000000000000000
-31972.021748926389 1.0000000000000000
-753140.31890143373 1.0000000000000000
289217.89807275397 1.0000000000000000
-78617.090902802651 1.0000000000000000
831.66060111884985 1.0000000000000000
-81426.327092825974 1.0000000000000000
-3779.6327255615593 1.0000000000000000
6047.1927185360937 1.0000000000000000
-25450.815619605688 1.0000000000000000
36162.083634223476 1.0000000000000000
464.21109105959295 1.0000000000000000
-14222.637707180449 1.0000000000000000
27159.075382153831 1.0000000000000000
9322.7276071609649 1.0000000000000000
8917.3350604560528 1.0000000000000000
22340.009864219912 1.0000000000000000
-4453.3351808921798 1.0000000000000000
3957.0814440303607 1.0000000000000000
8240.8153055177354 1.0000000000000000
30417.975482721347 1.0000000000000000
7238.3216047134529 1.0000000000000000
-173534.46496610230 1.0000000000000000
7760.2500257423389 1.0000000000000000
-2068.0244631448918 1.0000000000000000
249287.04227642465 1.0000000000000000
-16425.062911402092 1.0000000000000000
186926.12444423273 1.0000000000000000
-44420.739166139363 1.0000000000000000
2126.8808040794379 1.0000000000000000
-632.21850285433072 1.0000000000000000
-1502.7976034069843 1.0000000000000000
5705.3623774638390 1.0000000000000000
-8479.2758907622338 1.0000000000000000
334.06220596232697 1.0000000000000000
8895.7479753848565 1.0000000000000000
-55.858149654590697 1.0000000000000000
1947.8874168034943 1.0000000000000000
-40738.682806108292 1.0000000000000000
33318.028543975553 1.0000000000000000
-12412.377635107307 1.0000000000000000
14698.211660245255 1.0000000000000000
12808.014736361481 1.0000000000000000
4233.5590668518225 1.0000000000000000
1683.7470045634980 1.0000000000000000
-124597.98059353830 1.0000000000000000
-38708.565371747492 1.0000000000000000
-5203.7516873680324 1.0000000000000000
11493.666337720841 1.0000000000000000
-3375.4375265646131 1.0000000000000000
13897.441535907172 1.0000000000000000
-556.59183448023862 1.0000000000000000
-1168.1804756369993 1.0000000000000000
13296.699954656133 1.0000000000000000
16986.187394664736 1.0000000000000000
9905.4010927638355 1.0000000000000000
42671.368982172658 1.0000000000000000
12678.927498989033 1.0000000000000000
-124.32642099278972 1.0000000000000000
-822.00185917322699 1.0000000000000000
-12994.799144563589 1.0000000000000000
-42209.487207508857 1.0000000000000000
-5512.7099991119221 1.0000000000000000
33438.430631808435 1.0000000000000000
-25434.012075740295 1.0000000000000000
97875.214358019002 1.0000000000000000
398.04146597452615 1.0000000000000000
98281.598892483089 1.0000000000000000
18095.524712259205 1.0000000000000000
-3161.5026962704223 1.0000000000000000
-2663.9260053104194 1.0000000000000000
4854.9965778339392 1.0000000000000000
-62148.400700211751 1.0000000000000000
46711.214909263639 1.0000000000000000
-58324.537237706812 1.0000000000000000
1099.9048427137534 1.0000000000000000
-6035.1764440975348 1.0000000000000000
89072.803081734979 1.0000000000000000
-32602.680173259494 1.0000000000000000
65325.853906871846 1.0000000000000000
37323.266356196480 1.0000000000000000
-5505.4688323304345 1.0000000000000000
3352.2263267030985 1.0000000000000000
-136323.79984759691 1.0000000000000000
-145714.65425150323 1.0000000000000000
-4165.8673290772267 1.0000000000000000
-58540.100305291526 1.0000000000000000
-14588.772230098028 1.0000000000000000
10914.505471655191 1.0000000000000000
-19696.734202251715 1.0000000000000000
-11023.405817916442 1.0000000000000000
30205.204308416931 1.0000000000000000
-11900.237082490510 1.0000000000000000
18723.621912413586 1.0000000000000000
-6700.5733384459372 1.0000000000000000
-5372.7690816732256 1.0000000000000000
-1587.8546426543542 1.0000000000000000
49660.869618311881 1.0000000000000000
25799.790217104368 1.0000000000000000
-17350.874861735581 1.0000000000000000
2648.6432107991482 1.0000000000000000
-7221.8359751827711 1.0000000000000000
-118.07975560707573 1.0000000000000000
111999.68263835621 1.0000000000000000
7025.7985078789770 1.0000000000000000
8279.6818144800127 1.0000000000000000
-502.72576877144871 1.0000000000000000
-212.90945826454217 1.0000000000000000
509.65540486782777 1.0000000000000000
2199.1525189919862 1.0000000000000000
62371.876456523714 1.0000000000000000
-24742.626666760239 1.0000000000000000
23643.610716940646 1.0000000000000000
-291122.43820533965 1.0000000000000000
-58961.555736007169 1.0000000000000000
-26829.712415389735 1.0000000000000000
-23910.978266039430 1.0000000000000000
1959.6984388122291 1.0000000000000000
-3605.9513179764349 1.0000000000000000
2424.8191594090745 1.0000000000000000
22038.342817921570 1.0000000000000000
9773.1130285811159 1.0000000000000000
-10436.780686900120 1.0000000000000000
-41440.425553803827 1.0000000000000000
29574.321208944624 1.0000000000000000
-89245.800640877074 1.0000000000000000
-90624.323769858835 1.0000000000000000
5197.8715040055004 1.0000000000000000
-1587.0175855879684 1.0000000000000000
-2934.4626205476297 1.0000000000000000
7963.2945827535968 1.0000000000000000
-54237.433342099896 1.0000000000000000
-53110.368978056948 1.0000000000000000
141721.76254094602 1.0000000000000000
29460.752795043980 1.0000000000000000
55693.679478501443 1.0000000000000000
-19624.185879734232 1.0000000000000000
31624.716954495627 1.0000000000000000
-18640.528511257497 1.0000000000000000
4013.8608883451257 1.0000000000000000
-5524.4028820576677 1.0000000000000000
-73531.464847125433 1.0000000000000000
-20915.076424530445 1.0000000000000000
-3047.1439664870468 1.0000000000000000
190297.42445434001 1.0000000000000000
41886.864815335495 1.0000000000000000
140021.75455972075 1.0000000000000000
9648.7715052513067 1.0000000000000000
-5791.7263021793706 1.0000000000000000
-58681.476700068895 1.0000000000000000
-118858.51993712028 1.0000000000000000
10071.820374527799 1.0000000000000000
-3369.6294201939236 1.0000000000000000
-2001.0824539143034 1.0000000000000000
161.14801942554246 1.0000000000000000
7074.2639051978931 1.0000000000000000
5990.8265952741631 1.0000000000000000
220967.93603761934 1.0000000000000000
-66715.533762768842 1.0000000000000000
-24269.502108563636 1.0000000000000000
-22942.960607337041 1.0000000000000000
20936.536321819774 1.0000000000000000
-17727.591114508832 1.0000000000000000
46591.004744944548 1.0000000000000000
111277.45336841910 1.0000000000000000
-41525.546590146347 1.0000000000000000
22156.615124447944 1.0000000000000000
67023.416699847381 1.0000000000000000
119123.57781318011 1.0000000000000000
-24384.318837412695 1.0000000000000000
-22855.216312343844 1.0000000000000000
-45829.510743660641 1.0000000000000000
4006.9959713679641 1.0000000000000000
26326.797312637034 1.0000000000000000
2512.1207425552025 1.0000000000000000
-10542.960689447778 1.0000000000000000
18144.423538352745 1.0000000000000000
2036.2845339238634 1.0000000000000000
-5212.7691193346454 1.0000000000000000
113469.98523649521 1.0000000000000000
4987.8809371894331 1.0000000000000000
-6907.2524775050679 1.0000000000000000
-48035.956813894663 1.0000000000000000
161532.14592046817 1.0000000000000000
12601.878936582238 1.0000000000000000
114767.91790217049 1.0000000000000000
-2090.9168773763345 1.0000000000000000
-40149.051797065295 1.0000000000000000
15557.413298938667 1.0000000000000000
-32584.933351411939 1.0000000000000000
21295.873640475227 1.0000000000000000
-106840.02738585022 1.0000000000000000
-8382.6892756470243 1.0000000000000000
-448581.74909009755 1.0000000000000000
19991.008263862121 1.0000000000000000
15490.802739937328 1.0000000000000000
77532.079923220357 1.0000000000000000
-121109.18336545197 1.0000000000000000
21868.772556770822 1.0000000000000000
34172.954710623417 1.0000000000000000
22609.077900192096 1.0000000000000000
9108.2330968717251 1.0000000000000000
-22767.554768954706 1.0000000000000000
150842.36194644216 1.0000000000000000
-2965.7188369824307 1.0000000000000000
-23730.727234715134 1.0000000000000000
62476.991149065827 1.0000000000000000
-85000.196599949137 1.0000000000000000
71.221265124575481 1.0000000000000000
19059.047913673687 1.0000000000000000
1407.7118659788805 1.0000000000000000
2099.4771067459328 1.0000000000000000
-8009.0931627482396 1.0000000000000000
-9296.5455684274657 1.0000000000000000
-12501.856836261071 1.0000000000000000
-30259.191067244665 1.0000000000000000
-2873.7538896353867 1.0000000000000000
4515.7220880227387 1.0000000000000000
-22667.091308534924 1.0000000000000000
25407.230125525708 1.0000000000000000
-47293.546474820840 1.0000000000000000
-2111.8165580439809 1.0000000000000000
-2824.4080878810628 1.0000000000000000
-37997.150875186846 1.0000000000000000
883.41672761916402 1.0000000000000000
-14941.089524605968 1.0000000000000000
-2088.5145679033863 1.0000000000000000
20715.580278066922 1.0000000000000000
4163.7200499222272 1.0000000000000000
-10666.925367841519 1.0000000000000000
-10086.679259621387 1.0000000000000000
11000.065280012326 1.0000000000000000
14061.405989380590 1.0000000000000000
679.79478802407209 1.0000000000000000
-2430.0160703591555 1.0000000000000000
3193.5528070682735 1.0000000000000000
-6131.3039272353817 1.0000000000000000
-15301.727675187576 1.0000000000000000
-132372.40791152211 1.0000000000000000
53909.737446924868 1.0000000000000000
-19387.408692394944 1.0000000000000000
127865.66751087421 1.0000000000000000
22173.030669141721 1.0000000000000000
38049.977920235935 1.0000000000000000
18970.100915633277 1.0000000000000000
-1306.8932486495178 1.0000000000000000
-7366.7448131535139 1.0000000000000000
-242.84379833872737 1.0000000000000000
179.89370306183841 1.0000000000000000
24189.894877216891 1.0000000000000000
-166578.65136647932 1.0000000000000000
-88285.969285102386 1.0000000000000000
15129.819831209878 1.0000000000000000
14319.473669102441 1.0000000000000000
-12777.073684147446 1.0000000000000000
4064.0458059010698 1.0000000000000000
41245.961386457268 1.0000000000000000
-156420.65803870474 1.0000000000000000
1379.2039793853003 1.0000000000000000
5255.0174866175657 1.0000000000000000
-48002.044064054906 1.0000000000000000
15844.406547804994 1.0000000000000000
3490.0831311107622 1.0000000000000000
-5043.0205031513615 1.0000000000000000
18046.589684516319 1.0000000000000000
-574.69564921324127 1.0000000000000000
-1995.7058947070791 1.0000000000000000
20641.960841174125 1.0000000000000000
-18036.299768969737 1.0000000000000000
171.66726023814630 1.0000000000000000
13849.565838174311 1.0000000000000000
18105.447963619463 1.0000000000000000
3952.0774980297356 1.0000000000000000
13214.752044559413 1.0000000000000000
318.49540955783760 1.0000000000000000
-4513.6856141647286 1.0000000000000000
44627.196579928939 1.0000000000000000
6814.8238228622622 1.0000000000000000
3454.5186353495615 1.0000000000000000
-3211.2929738323232 1.0000000000000000
-17222.448232486233 1.0000000000000000
-15437.516045670711 1.0000000000000000
-29520.581897205513 1.0000000000000000
-3989.7014038922580 1.0000000000000000
4241.7574720261573 1.0000000000000000
-16443.108358268884 1.0000000000000000
98151.405992647036 1.0000000000000000
85519.009056722382 1.0000000000000000
-1276.1247194912978 1.0000000000000000
-1389.0042995308825 1.0000000000000000
-3008.3949523389233 1.0000000000000000
-5878.4775054632182 1.0000000000000000
13462.943924070145 1.0000000000000000
-14089.296058041857 1.0000000000000000
-131349.10926426909 1.0000000000000000
-759.43894561856314 1.0000000000000000
99454.368895187101 1.0000000000000000
163272.77028610808 1.0000000000000000
-6463.8336399514919 1.0000000000000000
40113.948410046854 1.0000000000000000
103471.83296343623 1.0000000000000000
25674.291136086871 1.0000000000000000
-20663.863812671265 1.0000000000000000
15468.531555168564 1.0000000000000000
15731.385317486560 1.0000000000000000
1075.1205420466893 1.0000000000000000
7592.1982707203242 1.0000000000000000
12907.404805410819 1.0000000000000000
-15754.207584859407 1.0000000000000000
-1533.2229856013205 1.0000000000000000
-2465.2960408101744 1.0000000000000000
-1278.0826889822210 1.0000000000000000
-26348.694482321960 1.0000000000000000
-9172.3614273812018 1.0000000000000000
-9351.7743568247006 1.0000000000000000
1410.6668055258936 1.0000000000000000
-47796.772826340100 1.0000000000000000
-19859.433809988983 1.0000000000000000
9118.7262207649474 1.0000000000000000
-7422.0878719672965 1.0000000000000000
8237.0243362017736 1.0000000000000000
50154.660797512239 1.0000000000000000
-3981.4601555721642 1.0000000000000000
14152.386008128922 1.0000000000000000
1727.9474510772841 1.0000000000000000
12557.923531567709 1.0000000000000000
-7258.5422685977164 1.0000000000000000
32233.580356918435 1.0000000000000000
-33901.206391583451 1.0000000000000000
-600.97970308457684 1.0000000000000000
-22780.773856047606 1.0000000000000000
2160.8991775410491 1.0000000000000000
-932.90188208587119 1.0000000000000000
-555379.09906350391 1.0000000000000000
-3202.6659603396838 1.0000000000000000
-72759.070246335876 1.0000000000000000
-19401.238093496799 1.0000000000000000
-5381.1044244241111 1.0000000000000000
-33270.223462089547 1.0000000000000000
25235.861378191486 1.0000000000000000
2552.4182529779664 1.0000000000000000
260426.83298998178 1.0000000000000000
-406335.50977781531 1.0000000000000000
-2945.6796065691428 1.0000000000000000
12043.934669138041 1.0000000000000000
-192018.95640916855 1.0000000000000000
21094.468279005319 1.0000000000000000
-23374.199068881047 1.0000000000000000
16691.323095718417 1.0000000000000000
51224.941628201042 1.0000000000000000
6352.1626807158091 1.0000000000000000
94185.681612164233 1.0000000000000000
-2493.3714059759309 1.0000000000000000
-41191.358886437825 1.0000000000000000
1411.8547082722600 1.0000000000000000
-21739.236619303523 1.0000000000000000
-22711.155504307731 1.0000000000000000
60386.325519807891 1.0000000000000000
1168.5190501121438 1.0000000000000000
4287.7229931134161 1.0000000000000000
-49070.961560980104 1.0000000000000000
5484.1646599506448 1.0000000000000000
-42908.252083745021 1.0000000000000000
29685.119699238116 1.0000000000000000
-77063.573905142301 1.0000000000000000
-22892.408738762311 1.0000000000000000
115148.02516737844 1.0000000000000000
30733.013438841783 1.0000000000000000
-173701.11664787112 1.0000000000000000
-14099.501749144991 1.0000000000000000
-109115.87777402822 1.0000000000000000
-12261.677428529418 1.0000000000000000
-9780.0323159766358 1.0000000000000000
-12155.965252216016 1.0000000000000000
48659.104905920562 1.0000000000000000
-28152.577955282795 1.0000000000000000
-64998.495281577292 1.0000000000000000
-7598.3966396966398 1.0000000000000000
19244.016115665792 1.0000000000000000
-142107.33333062480 1.0000000000000000
-9018.4558878143471 1.0000000000000000
277623.82830286212 1.0000000000000000
-10819.913403410037 1.0000000000000000
-44930.301197249159 1.0000000000000000
21492.256848602960 1.0000000000000000
-15961.182691306321 1.0000000000000000
97238.388524337672 1.0000000000000000
7001.6694837362811 1.0000000000000000
225501.83439071744 1.0000000000000000
-34049.015045635701 1.0000000000000000
568.18810575660655 1.0000000000000000
4103.6247958616577 1.0000000000000000
-6280.3269228041609 1.0000000000000000
20478.681780003848 1.0000000000000000
-17354.404837810063 1.0000000000000000
-27623.329854301086 1.0000000000000000
9026.2082193745828 1.0000000000000000
8825.6109800096710 1.0000000000000000
12058.160427472896 1.0000000000000000
7582.5100926644946 1.0000000000000000
-1047.5242777266030 1.0000000000000000
2858.0115859525067 1.0000000000000000
11422.854189560658 1.0000000000000000
-37791.942826358194 1.0000000000000000
25212.691644285071 1.0000000000000000
-45518.220369076284 1.0000000000000000
3219.8562380798403 1.0000000000000000
852.20103879555177 1.0000000000000000
-16415.944740508436 1.0000000000000000
-14398.806851042105 1.0000000000000000
-31157.645170236421 1.0000000000000000
-29956.264320162514 1.0000000000000000
30351.208373590220 1.0000000000000000
6153.2022162946059 1.0000000000000000
38408.524645522550 1.0000000000000000
18903.129016272043 1.0000000000000000
12845.103289451852 1.0000000000000000
-25040.677719138879 1.0000000000000000
-23336.142688006817 1.0000000000000000
