-2584.6500241325334 1.0000000000000000
98956.840058276081 .71595018471657912
-105603.44002902375 .59274799049551075E-001
-372.32404962465785 .84825793365405411
-8808.3070722029861 .84825793365405411
-3892.3246762620338 .58753059397471572E-003
171858.43159977175 .53514467050350074E-001
-20979.236810675262 .89487321711836931E-002
-131042.16683718107 .59274799049551075E-001
2921.3524353305056 .44893634608438064E-002
177051.04197181982 .20377030143270445E-001
5785.3363509495121 .17811012704430039E-002
53446.026253648088 .14524336581821795
34081.471767899071 1.0000000000000000
-32883.321564015998 .26935819089258729E-001
8478.0498434906676 .24942707909843785E-002
41578.186399634345 .56735902302313401E-002
2493.2020194095680 .37531963769056377E-002
-5259.6130409887510 .99885079828347623
-10203.493169650475 .77108881707409171
13152.860327030050 .64244960625895270E-001
-201961.53329381481 .20031578268747907E-001
4789.6587001647622 .97361713195810418
-167177.99758630336 .13845882307393587
172194.62482693521 .13845882307393587
19185.792169512559 .63085623016115155
-87700.450916926842 .44237041964647861
36797.806637150272 1.0000000000000000
-1167.3446695517844 .22694854365590267E-003
-20949.249034279139 1.0000000000000000
-225440.21981714264 .20896196698833858E-001
-21818.334199708745 .99908043564658677
-698.56371150363736 1.0000000000000000
-32374.515964138169 .85173350825309924
-28937.414303009031 .54340421939818506
-38663.226226357758 1.0000000000000000
-40963.286806576456 1.0000000000000000
-48096.024271860231 1.0000000000000000
-7209.6247506039208 .30976176035637992
-15389.473595424843 .67606131723310525
-15276.590724768846 .57102442591638103
-4898.7797975294625 .45028997347806854E-002
32306.818323568616 .12559920995362645
17458.440147324356 .28738624563590742
-71309.250907518246 1.0000000000000000
-46414.379764687146 1.0000000000000000
-10100.166946866835 1.0000000000000000
-34867.150294742351 1.0000000000000000
27567.847353505895 .18468019635728694E-001
71598.378382851661 .12435555048807873
209395.38050143380 .66744817895894260E-001
144461.38518703714 .24304333401567291E-001
179182.05567067009 .21138908565368729E-001
-101942.29102075619 .62930926578403323E-001
-212634.08047695379 .57999470366155471E-002
4570.1516865089061 .30604755474907347
119427.85163833658 .24182113327211929E-001
-27468.132405662956 .11027681954465463
-52089.889982478562 .10556474975432832
-14.430057553797148 .93210512715713456E-004
-85545.083651871377 1.0000000000000000
16271.941005754012 .22833326056457570
-71593.591998269563 .49492358225880773E-001
5581.3911561943642 .45910536612711123
-451430.98700821650 .19186345880696433E-001
1526.5869792894000 .24245563542056869E-002
898.60219086967470 .97682036250254489
411.23707925957456 .12925343082014116E-003
51235.561153690374 .13487406350093809
-76132.411636083052 .27350212364056437E-001
-32174.052793485567 .75463722580445824
24521.893336143250 .35584063876555028
-20576.294081640252 .28286877167327185
13425.195141391778 .30290075249494591E-002
-3754.5338995612860 1.0000000000000000
-267708.17248741677 .52799589721185425E-001
35133.790571942474 1.0000000000000000
24194.760171388672 1.0000000000000000
24828.547251828466 1.0000000000000000
1215.0393113841831 .36076707809582409E-003
6064.0729947914106 .30467988046438646E-001
17884.664401455695 .89773324148585942
470097.92705771857 .90592113381646411E-001
-30973.389510979450 .22496704329215522E-001
10469.870626581682 .22496704329215522E-001
72712.294480767247 .53184043434292594
-11691.832527426135 .19148802252771591
23767.921522061464 .92329408881631991
25103.472428503777 1.0000000000000000
60780.444126896655 1.0000000000000000
53076.859274385424 .64543725203017425E-002
-66786.005138466222 1.0000000000000000
6802.0871571656089 .14554406489201144E-002
5241.9930383016790 .97267353102428844
26641.773994813455 1.0000000000000000
-41438.830607331809 1.0000000000000000
-229.86017336868684 .60742487619794866E-004
2370.4693847119502 .73387531529813237E-003
49840.452301816593 1.0000000000000000
165929.34350967794 .38184190497560888E-001
8185.1046338025653 .67064284846554090
123.47677803144236 .60380155937345137E-004
-51255.159771808292 .18508932836154790E-001
1890.8098646099043 .72553228654015367E-003
13116.763437433885 .95373083272362580
-6033.7905741550894 1.0000000000000000
13635.829860444954 1.0000000000000000
-43164.837480793474 1.0000000000000000
-5376.9905207205866 1.0000000000000000
-83078.791472868223 1.0000000000000000
12134.960085806315 .14886213220048405E-001
2684.5287074425460 .91746535046885314
17511.740086809303 .59363929316386088
150402.75335389460 .55040146340215534
154760.44514021405 .20929742784811572
-375166.87906298513 .84734601322610681E-001
35928.276720185771 1.0000000000000000
15515.031083459153 1.0000000000000000
-3020.4367999768565 1.0000000000000000
59088.405272153759 .12813633609345965
-41819.022465272006 .83510122422604560
-67320.444521775760 .42839163578668404
-78547.577108984915 1.0000000000000000
-220783.54391568754 .68202937425500543E-001
-40049.910044773838 .91278016998600453
-28591.616522163178 .71854748651654893E-001
-88935.940491204528 .11501816614509563
33002.472262533171 1.0000000000000000
21803.594548270426 .17223689322103153
16601.573182840606 .88876266026064044
-26553.643065770149 .14551888001655650
10118.532733964727 1.0000000000000000
10256.902140049300 1.0000000000000000
-36024.733728625732 .34947665297505089E-002
7949.2526777522071 1.0000000000000000
-25352.598177075688 1.0000000000000000
4326.6335830931521 .15702679709854950E-001
-4876.9813657270161 .76474524671106803
4206.5994555543521 1.0000000000000000
63739.045287826862 .19148936398651628
-77.393651698477200 .13885780502841667E-004
-212345.40239454110 .40729963118520840E-001
-845.23611493963313 .34105778186752198E-003
9524.3930650640796 .35756741469741771
10583.575732077792 .35756741469741771
-976.12767999533730 .85382086686946050E-004
97.568800339687371 .23528792153924981E-004
46625.774408355923 .16218735650688598E-001
-139839.31375929614 .21905946369401569
15.739382828514573 .56547556410493219E-005
-23942.679952977549 .95733479643777164
33014.932954290787 .21754659167798124
10809.773862337755 .29189907926575175E-001
-66124.221380810515 .13800412506150994E-001
14722.342146840754 .41046037966739968
8338.7410244547082 .36966914451986010
18093.125826778061 .36966914451986010
85500.905728784244 1.0000000000000000
129790.98216783462 .76952947170620256
64910.638018402875 .14267636685153240
554.56989999506857 .17306807045304977E-003
-.83924259973455639 .91113636670734349E-007
-63633.494088745603 .87770749897993405
-12357.928063329817 .37873825164401514
-39.256559340899770 .36270535622107136E-004
-4007.9474897510522 .67827299127145579E-002
-5166.2578757660094 .34353133313548345
82765.753246990920 .57506961906008913
-7944.9073340364857 1.0000000000000000
-21926.261427748945 .21064520736511962E-001
-105023.47412823117 .15056692399334357
-3788.6573964903432 .62938529846501170E-003
-38805.155436325105 .47073692263602640E-001
-14918.513398420511 .36879418351711118
141703.17015931726 .15250640503331225
-210149.32456449195 .22046350734897624
27198.631914542410 1.0000000000000000
26545.173386976494 1.0000000000000000
29481.281117549828 1.0000000000000000
4785.4791295615332 .22026737782035455E-002
-12642.383378071529 1.0000000000000000
32490.914677408669 .17921906101419454E-001
-13421.874133944344 .94665134920004135
49205.670639031945 1.0000000000000000
-1194.1220306976395 .99909064641341883
19284.199444616548 1.0000000000000000
-8297.0739456763295 1.0000000000000000
-31938.887333789789 1.0000000000000000
6590.2277871373126 .62387419949360978E-002
-1.2035903664001382 .19213954173788754E-006
-73.346429105448337 .20529570563532218E-005
24605.841496933725 1.0000000000000000
52927.018280757766 .21439229237226631E-001
17616.309240079754 .42821333932747174E-001
-5374.3951296258392 .32030396243006298E-002
572.27487514755569 .71179204915515493E-001
32682.477517194646 1.0000000000000000
84307.855067534460 1.0000000000000000
-141558.15419582120 .51883838823211348
1734.3852979575406 .49787782822940874
