-9263.9153047717919 1.0000000000000000
-16141.859383104695 1.0000000000000000
15445.146801319048 .77918751673722264
-4793.7321103328304 1.0000000000000000
5065.1144647484853 1.0000000000000000
-183261.27476304513 .64955474239117558E-001
-7113.3550062547147 1.0000000000000000
52124.479668495922 .61558297024313369E-002
494.59326713142451 1.0000000000000000
13033.112499569150 .59243100675522031
-37920.006974908589 .14881777812732777
-2975.9470196348580 1.0000000000000000
-874.62476919095900 .68861516004589030
73092.216080434213 .20823316105448773E-001
-19603.081883686678 .10484548611871009
-17280.824619476738 .91283264700404998
1613.0668755893450 .80100265133986603E-003
123060.48358637288 .89857029915450859E-001
142834.91609767321 .15284140005327795E-001
32.439039161364086 .31999088970881910E-005
39614.975823718807 .51275348285461619
119655.79622431321 .12017127012606887
-10371.327697288199 .36917464549180745
-33870.967894185138 .36917464549180745
125891.09652655268 .93239283123722275E-001
743.46775682902944 1.0000000000000000
3412.6685819765530 1.0000000000000000
-6813.7482711389293 .93374051465129493
-2980.0388513335106 1.0000000000000000
6511.4532742934471 1.0000000000000000
-23909.107284644342 .98118963082852673E-001
12535.806925026172 1.0000000000000000
-90125.026428558340 .38834303802881776E-001
-226730.17611425745 .54764308746876711E-001
175.27032098706283 .41743154484689682E-002
-19338.769113368890 1.0000000000000000
-5660.8081052689440 1.0000000000000000
16276.115747753442 1.0000000000000000
11311.687297940058 .74982898002744114
-63839.781963359339 .84108176545299340E-001
2175.0911958843731 1.0000000000000000
4748.6242184082093 1.0000000000000000
123513.16079508403 .46477295574319968E-001
14805.732276476239 .91517442237097364E-002
-9503.5889961534867 .42909747962228403E-003
-1724.7618103970476 1.0000000000000000
-8487.3646357394300 1.0000000000000000
150508.54236114904 .43950134857698053E-001
-14183.777509565363 .30120536968125111E-002
-9223.5058371725063 .48705123795724059
-5513.6557191059128 .32711357914906082E-003
120268.03764741732 .83259021363895416E-001
434.76884490984901 .24020978763425959E-003
-249504.77176946757 .16144145031526086E-001
36134.574143675403 .14119476495285110
-6690.6025365691994 .99324818701063133E-004
-68906.169302141207 .82567372147117069E-002
-3605.0364158034586 1.0000000000000000
16554.851281066487 .13217286877857670E-001
337544.11288988969 .58348977846333083E-002
-112019.99947326769 .19144780188050775
-62575.924710469109 .60788746550215688E-002
4812.8269173079807 .24959068806790885
18496.678407877349 .45907557507523772
9561.9786085049891 .67553709811031759
-60588.479539316759 .12827768510498611
13084.899026890434 .59455377742503390
-623.31867514462169 .46224758401441357E-002
-5894.9085614080104 .76484021630511922
-3306.9024757037282 .68240070954733489
34568.329504914698 .89277397834755995E-001
122996.11027033566 .52899248577901299E-001
42503.867263431661 .11598788777279839
-24544.804825444618 1.0000000000000000
35922.197290686170 .10644862589324289E-001
17646.931389531324 1.0000000000000000
3578.9142035422979 1.0000000000000000
-8355.7994282437066 .99912722527698139
-286363.69149945519 .44109432133696003E-002
-67812.746457224916 .46989574961149104E-001
-8162.2380467488756 .48305330023878934E-003
33537.819051320483 .23397152860927306
-136305.89115294805 .14206477882062066E-001
38550.673449330061 .53523331485290337
66681.532183333125 .14710781110955518E-001
22871.463234336337 1.0000000000000000
-86229.168639162512 .73014683194269570E-001
-21348.232607143218 .72383862981054453E-001
-30183.522438813805 .80325234101888632
-9070.8737517174632 .73022876806992709
-54667.046942171306 .91986380860288097E-001
-105511.31287273338 .31383522593080859E-002
-169359.63028394638 .25724055002699420E-001
28171.697674402334 .24082136390928066
6965.0728527949059 1.0000000000000000
-54087.278758245229 .13246578796654704E-001
5163.8923347102236 .86736157576596362
-91339.507077478978 .51852222178658376E-001
6057.2575452948513 .93332993796495800
-41258.500457039976 .13683466301302261
