89935.668913565692 1.0000000000000000
13508.346177943324 1.0000000000000000
5934.7332207276195 1.0000000000000000
-5800.5875780924198 1.0000000000000000
-65691.920836363352 1.0000000000000000
-9353.1579375094261 1.0000000000000000
-7807.0887837896498 1.0000000000000000
-21812.487440513247 1.0000000000000000
-3509.9198585709073 1.0000000000000000
-34842.817496991011 1.0000000000000000
-15704.690167536819 1.0000000000000000
14352.661377165985 1.0000000000000000
-44584.898904921545 1.0000000000000000
-69756.449076057746 1.0000000000000000
-3130.8220482260863 1.0000000000000000
37146.220591008721 1.0000000000000000
-21753.079923533092 1.0000000000000000
-5107.2247828429072 1.0000000000000000
-15611.697885540094 1.0000000000000000
12073.969145285831 1.0000000000000000
20229.786091851594 1.0000000000000000
7831.0914537785902 1.0000000000000000
-3888.1834859433166 1.0000000000000000
5371.4118485454428 1.0000000000000000
10538.334851608866 1.0000000000000000
65406.987054533129 1.0000000000000000
-2715.3767937507878 1.0000000000000000
-5209.1043166123582 1.0000000000000000
-23817.060050659878 1.0000000000000000
93606.715400054440 1.0000000000000000
41753.815918002372 1.0000000000000000
-57416.006237696129 1.0000000000000000
1387.2254439778731 1.0000000000000000
-374.67244540086170 1.0000000000000000
18348.284603226875 1.0000000000000000
1681.6688881888838 1.0000000000000000
10505.278439865939 1.0000000000000000
-70597.888550208358 1.0000000000000000
4995.1384697006752 1.0000000000000000
79647.653464705596 1.0000000000000000
22204.567775805393 1.0000000000000000
-31556.811300498823 1.0000000000000000
4715.4658959643357 1.0000000000000000
-320150.92408103182 1.0000000000000000
-61120.138519974695 1.0000000000000000
38871.840384695846 1.0000000000000000
544445.27514005813 1.0000000000000000
192125.47167722820 1.0000000000000000
-9458.7407843422097 1.0000000000000000
-20085.263422610984 1.0000000000000000
-22060.992552371237 1.0000000000000000
4690.3142533238934 1.0000000000000000
9298.1317839020885 1.0000000000000000
-4369.2096842718092 1.0000000000000000
-53908.887529338055 1.0000000000000000
39093.112379048507 1.0000000000000000
10926.560682887841 1.0000000000000000
2393.3054150906037 1.0000000000000000
9911.3329673015069 1.0000000000000000
57854.942124820009 1.0000000000000000
-8962.9775237757876 1.0000000000000000
-88447.406636931264 1.0000000000000000
-12523.468762126651 1.0000000000000000
-7867.8076444461967 1.0000000000000000
-257718.30899965353 1.0000000000000000
6904.1076538514226 1.0000000000000000
27263.798267446553 1.0000000000000000
-17358.837321390332 1.0000000000000000
-6859.6840646086430 1.0000000000000000
4872.0420665275997 1.0000000000000000
-203229.78781952377 1.0000000000000000
1728.1781211832356 1.0000000000000000
2500.7727656916536 1.0000000000000000
-207638.28043152939 1.0000000000000000
-39486.700177930441 1.0000000000000000
-8353.2633155919102 1.0000000000000000
4242.8554330663655 1.0000000000000000
-32753.146774455043 1.0000000000000000
-19639.162998711166 1.0000000000000000
7442.7929461107869 1.0000000000000000
-2467.5036881121819 1.0000000000000000
-10674.269075992428 1.0000000000000000
11993.538195877141 1.0000000000000000
14015.090597957225 1.0000000000000000
-18256.672882448831 1.0000000000000000
-54560.830839644565 1.0000000000000000
-11982.701184212767 1.0000000000000000
22950.549299666283 1.0000000000000000
6334.9013777071896 1.0000000000000000
-4189.4487105244707 1.0000000000000000
253166.70898087934 1.0000000000000000
-9213.4868213913178 1.0000000000000000
-24028.077714334144 1.0000000000000000
13674.492871116840 1.0000000000000000
105151.07745201584 1.0000000000000000
-41927.075102887378 1.0000000000000000
-26173.437431886468 1.0000000000000000
-35766.953096078330 1.0000000000000000
4531.7955386960657 1.0000000000000000
-13498.299398641077 1.0000000000000000
3085.8217121529119 1.0000000000000000
736.04528417216022 1.0000000000000000
103328.00312866326 1.0000000000000000
11979.908141758122 1.0000000000000000
15457.260905403791 1.0000000000000000
18309.321858981210 1.0000000000000000
13729.035712894860 1.0000000000000000
324.56955542856241 1.0000000000000000
50376.236207657552 1.0000000000000000
-22744.446003891397 1.0000000000000000
-140318.24315227338 1.0000000000000000
2125.2652353631552 1.0000000000000000
559.29271006998874 1.0000000000000000
137400.04702751336 1.0000000000000000
141749.01496798851 1.0000000000000000
-1507.8838401309588 1.0000000000000000
-5110.5248788647332 1.0000000000000000
133.38759125994704 1.0000000000000000
988.42343560617826 1.0000000000000000
160.67743352333034 1.0000000000000000
46399.149941768796 1.0000000000000000
-17383.583274081637 1.0000000000000000
-37652.875712178975 1.0000000000000000
-4144.7020527303011 1.0000000000000000
-40311.296254641849 1.0000000000000000
-6698.5341209845028 1.0000000000000000
-4154.2314189983890 1.0000000000000000
25124.228053643725 1.0000000000000000
-69493.848497923129 1.0000000000000000
101521.48076900504 1.0000000000000000
96221.567405998692 1.0000000000000000
59350.859190371986 1.0000000000000000
-14402.131784348318 1.0000000000000000
-949.20038807321055 1.0000000000000000
-1809.8538854607564 1.0000000000000000
-8540.5021362537555 1.0000000000000000
-19861.302246190142 1.0000000000000000
-2881.3500234875291 1.0000000000000000
38745.016351047379 1.0000000000000000
6728.2351770397127 1.0000000000000000
30851.735295952243 1.0000000000000000
14760.326833429612 1.0000000000000000
-6870.4391923455714 1.0000000000000000
-8394.3079408163030 1.0000000000000000
-9052.1847626714771 1.0000000000000000
-11820.518592582634 1.0000000000000000
186.12185255186986 1.0000000000000000
-842.82597947291856 1.0000000000000000
-2982.2754840422081 1.0000000000000000
-33779.831996413588 1.0000000000000000
-50830.827988643243 1.0000000000000000
-24457.892949987796 1.0000000000000000
-30055.853768892837 1.0000000000000000
60760.183141865775 1.0000000000000000
27272.979718339873 1.0000000000000000
48187.184346299342 1.0000000000000000
4047.9580197607506 1.0000000000000000
-21591.173563139651 1.0000000000000000
-10679.582893013418 1.0000000000000000
19605.433863930855 1.0000000000000000
-144127.90131087150 1.0000000000000000
39246.389462682702 1.0000000000000000
-30471.940944058322 1.0000000000000000
10582.100376352480 1.0000000000000000
4120.3574584725393 1.0000000000000000
871.09452793597757 1.0000000000000000
-4723.4176439953662 1.0000000000000000
-6850.9932462226761 1.0000000000000000
-20391.041021851368 1.0000000000000000
-368712.88148673595 1.0000000000000000
67645.065887563745 1.0000000000000000
337634.14278691338 1.0000000000000000
7047.0829801375457 1.0000000000000000
-75572.318052315270 1.0000000000000000
-13765.680422728883 1.0000000000000000
7818.5909147444290 1.0000000000000000
67158.306333907341 1.0000000000000000
85999.417191436034 1.0000000000000000
-165.92521743407065 1.0000000000000000
-2682.3721320485583 1.0000000000000000
-3514.5046242022377 1.0000000000000000
9629.2886895044285 1.0000000000000000
3384.2526425136275 1.0000000000000000
-23809.365683090891 1.0000000000000000
155747.66888702472 1.0000000000000000
-3201.2596563732536 1.0000000000000000
40526.424932640286 1.0000000000000000
4604.6167638393754 1.0000000000000000
9071.0715679333553 1.0000000000000000
16501.789438333526 1.0000000000000000
-24339.560515905199 1.0000000000000000
-16575.897152136160 1.0000000000000000
-6440.2108972644828 1.0000000000000000
-4034.1652255832901 1.0000000000000000
7383.3984266292809 1.0000000000000000
-14535.593449379627 1.0000000000000000
61.385589323215243 1.0000000000000000
22714.105044439373 1.0000000000000000
1021.0355371412873 1.0000000000000000
-31620.867544620396 1.0000000000000000
-39301.324901670378 1.0000000000000000
-7960.5240881618292 1.0000000000000000
-34134.699341943066 1.0000000000000000
-27838.102199120913 1.0000000000000000
3659.0165274663345 1.0000000000000000
15293.746805127681 1.0000000000000000
-3247.1040399129620 1.0000000000000000
-49033.468678578676 1.0000000000000000
-225.25715521503804 1.0000000000000000
-71681.067595079410 1.0000000000000000
-16759.180538416593 1.0000000000000000
24154.841459914773 1.0000000000000000
9423.9787726725008 1.0000000000000000
-38677.665063970730 1.0000000000000000
11856.243314173367 1.0000000000000000
-21303.347215709058 1.0000000000000000
4282.0516532064739 1.0000000000000000
-3178.4364308476174 1.0000000000000000
-25851.395608420942 1.0000000000000000
-333928.67179123545 1.0000000000000000
2154.3821019982574 1.0000000000000000
81791.277670507698 1.0000000000000000
14875.904642896574 1.0000000000000000
74056.848941376244 1.0000000000000000
-98109.535466407891 1.0000000000000000
-46588.265249778204 1.0000000000000000
27727.653298886424 1.0000000000000000
-107002.32188270290 1.0000000000000000
-19360.942743082680 1.0000000000000000
-28486.869239221214 1.0000000000000000
-1542.3770569336975 1.0000000000000000
1472.8607105667807 1.0000000000000000
28937.265263942951 1.0000000000000000
-13229.034208912813 1.0000000000000000
2648.5045526632175 1.0000000000000000
16908.085898421261 1.0000000000000000
-4120.0543215258913 1.0000000000000000
3209.1048892472545 1.0000000000000000
-18222.950667395082 1.0000000000000000
-4576.0301253936814 1.0000000000000000
54369.592118501183 1.0000000000000000
-9214.3435811200998 1.0000000000000000
14791.766890836516 1.0000000000000000
-5528.6398856059050 1.0000000000000000
4929.3846533268406 1.0000000000000000
29314.362697000353 1.0000000000000000
13435.700979236693 1.0000000000000000
61556.397131792393 1.0000000000000000
-3996.7958005279224 1.0000000000000000
-7814.5072104304836 1.0000000000000000
-3343.1100019006153 1.0000000000000000
18617.211331979772 1.0000000000000000
-76237.963532607639 1.0000000000000000
65826.465372855528 1.0000000000000000
-3910.8094344603605 1.0000000000000000
-14121.045964788114 1.0000000000000000
-66851.586076256557 1.0000000000000000
-7696.8690141386305 1.0000000000000000
-4064.8272736953659 1.0000000000000000
17593.737165769337 1.0000000000000000
-395.21624749326764 1.0000000000000000
9994.8989681996627 1.0000000000000000
-10571.748097717878 1.0000000000000000
1464.7827681766585 1.0000000000000000
8016.5708943410327 1.0000000000000000
-27177.016845411275 1.0000000000000000
56915.310715632149 1.0000000000000000
-142632.77842964197 1.0000000000000000
-36463.604714536166 1.0000000000000000
-57786.354185634955 1.0000000000000000
-4354.9595489707190 1.0000000000000000
-1719.3679778928704 1.0000000000000000
56588.762081969639 1.0000000000000000
64748.391546734732 1.0000000000000000
628.31752168806236 1.0000000000000000
249866.07301257312 1.0000000000000000
-2101.2303401096092 1.0000000000000000
-77108.362951014205 1.0000000000000000
9862.4835623247818 1.0000000000000000
-59.608430627003727 1.0000000000000000
107444.09907698657 1.0000000000000000
-49740.445416802475 1.0000000000000000
-23795.966910876392 1.0000000000000000
8570.1556566390245 1.0000000000000000
-8547.6438700557192 1.0000000000000000
99600.780567900700 1.0000000000000000
-227.29766163652809 1.0000000000000000
-51557.554629310864 1.0000000000000000
5124.3814602360462 1.0000000000000000
-18281.125081516562 1.0000000000000000
24009.621268760129 1.0000000000000000
-15288.330446526990 1.0000000000000000
14940.137331229847 1.0000000000000000
16436.785622534069 1.0000000000000000
-24234.880359198665 1.0000000000000000
27336.202478722400 1.0000000000000000
1188.8148992484171 1.0000000000000000
6733.1110712613845 1.0000000000000000
-33869.538751362787 1.0000000000000000
-27458.327337270137 1.0000000000000000
-2458.9731687335889 1.0000000000000000
37299.358671076989 1.0000000000000000
7133.8069472663883 1.0000000000000000
68389.333853673015 1.0000000000000000
36768.732516386030 1.0000000000000000
31178.401565231365 1.0000000000000000
-55051.214252224810 1.0000000000000000
-65742.829552873314 1.0000000000000000
-1381.3982250110616 1.0000000000000000
1585.6138428038009 1.0000000000000000
-5851.1432846018597 1.0000000000000000
41752.387835135924 1.0000000000000000
418035.71608037775 1.0000000000000000
-4379.3482020831025 1.0000000000000000
15748.469508784279 1.0000000000000000
32621.925230073601 1.0000000000000000
-10562.088771359668 1.0000000000000000
240757.01102019224 1.0000000000000000
-18180.412430421540 1.0000000000000000
37.848552259946892 1.0000000000000000
13390.561486554343 1.0000000000000000
-11427.296726484168 1.0000000000000000
-5129.2019093331801 1.0000000000000000
-53748.782301906467 1.0000000000000000
224658.88920646816 1.0000000000000000
2767.0213632067803 1.0000000000000000
1583.9994673086173 1.0000000000000000
-29667.034333631509 1.0000000000000000
-63128.390879655053 1.0000000000000000
-15912.702094299511 1.0000000000000000
14289.907547825507 1.0000000000000000
14222.319056466056 1.0000000000000000
-38095.158813527560 1.0000000000000000
-936.86296541011563 1.0000000000000000
-29418.142385497456 1.0000000000000000
-250811.55737989725 1.0000000000000000
11924.354074472121 1.0000000000000000
37942.227759446847 1.0000000000000000
-24710.847373774210 1.0000000000000000
4812.7013315544500 1.0000000000000000
130.63972526432624 1.0000000000000000
-1394.5617738072021 1.0000000000000000
33357.605918925969 1.0000000000000000
22708.664877003317 1.0000000000000000
17118.844047754901 1.0000000000000000
37029.651647289684 1.0000000000000000
6396.4332514041689 1.0000000000000000
-27416.681135155071 1.0000000000000000
-65192.105847958323 1.0000000000000000
-11126.313707662677 1.0000000000000000
-55881.264208640991 1.0000000000000000
2366.7942282010667 1.0000000000000000
-109991.26583803773 1.0000000000000000
34469.869178327412 1.0000000000000000
-34382.208547881361 1.0000000000000000
4953.0382825896313 1.0000000000000000
-1154.2907540927574 1.0000000000000000
238.97092593630799 1.0000000000000000
81116.813649339325 1.0000000000000000
-77072.122574375710 1.0000000000000000
-2397.6121219920528 1.0000000000000000
2021.7267181981422 1.0000000000000000
-2594.3098863797509 1.0000000000000000
-51369.403866131048 1.0000000000000000
-5394.5232080551577 1.0000000000000000
8680.3398080156439 1.0000000000000000
-107175.82444261262 1.0000000000000000
-13339.404627743192 1.0000000000000000
-31635.539433260699 1.0000000000000000
24378.001241046459 1.0000000000000000
32789.621049503759 1.0000000000000000
-26142.782740755287 1.0000000000000000
11188.807476800544 1.0000000000000000
21828.263364471331 1.0000000000000000
885.19122417586163 1.0000000000000000
-15326.230433815719 1.0000000000000000
-29572.477430409868 1.0000000000000000
-4958.9945542672158 1.0000000000000000
-13052.896128367465 1.0000000000000000
1075.6077803562152 1.0000000000000000
13869.971240750203 1.0000000000000000
36259.181091266757 1.0000000000000000
17654.640589188992 1.0000000000000000
-46755.413532507730 1.0000000000000000
122375.17927703654 1.0000000000000000
34114.572834125407 1.0000000000000000
114397.74366976839 1.0000000000000000
57630.231222547198 1.0000000000000000
93945.215220558559 1.0000000000000000
-16805.990707410940 1.0000000000000000
3592.6859375226600 1.0000000000000000
-3722.6951401042056 1.0000000000000000
-58187.797261713436 1.0000000000000000
-283.44815312681249 1.0000000000000000
185124.75685749034 1.0000000000000000
52133.195881163054 1.0000000000000000
69032.504803508185 1.0000000000000000
-75601.892843324415 1.0000000000000000
-39347.410168809161 1.0000000000000000
43552.181824150975 1.0000000000000000
-171297.81177156334 1.0000000000000000
874.37571379888459 1.0000000000000000
-138609.93563108591 1.0000000000000000
-45453.689456854845 1.0000000000000000
35856.602715804824 1.0000000000000000
-5362.8905278470875 1.0000000000000000
-40500.922177174856 1.0000000000000000
-45161.445654167939 1.0000000000000000
-35862.735005940107 1.0000000000000000
-30890.559432186168 1.0000000000000000
57320.186016143642 1.0000000000000000
7959.3209920750360 1.0000000000000000
-114198.89145583627 1.0000000000000000
-58328.848029033186 1.0000000000000000
21513.501342297630 1.0000000000000000
-89145.495026913879 1.0000000000000000
-29184.722955102938 1.0000000000000000
49115.645748306575 1.0000000000000000
-16770.215392419494 1.0000000000000000
-37108.019112216825 1.0000000000000000
106187.03169193405 1.0000000000000000
14235.805889532970 1.0000000000000000
-13301.277236573724 1.0000000000000000
-186827.89445420925 1.0000000000000000
62075.264518780947 1.0000000000000000
11551.571183754520 1.0000000000000000
-6169.8445035522182 1.0000000000000000
-134195.43045452726 1.0000000000000000
-12101.501015731727 1.0000000000000000
116577.91301475548 1.0000000000000000
-47688.802617644571 1.0000000000000000
-8435.3994080139255 1.0000000000000000
8013.1354151897658 1.0000000000000000
-104886.18622602570 1.0000000000000000
29647.240214981339 1.0000000000000000
3790.0177409463258 1.0000000000000000
24550.067157470545 1.0000000000000000
-21567.234000695669 1.0000000000000000
-46800.473405382712 1.0000000000000000
334807.84930336435 1.0000000000000000
-28831.480411991459 1.0000000000000000
18753.430842420668 1.0000000000000000
-132.00620135817076 1.0000000000000000
-2317.3224068751842 1.0000000000000000
33391.585508552045 1.0000000000000000
-1725.4899932788630 1.0000000000000000
2980.5392904687606 1.0000000000000000
-13617.634223626686 1.0000000000000000
-25343.171864194788 1.0000000000000000
-14745.779219732149 1.0000000000000000
-116860.45720499734 1.0000000000000000
-93555.065401987711 1.0000000000000000
-17045.819029668244 1.0000000000000000
-21597.369212940634 1.0000000000000000
25185.672002754516 1.0000000000000000
80403.117156784647 1.0000000000000000
1705.8795319713856 1.0000000000000000
801.13545194211702 1.0000000000000000
-244437.38019138272 1.0000000000000000
-28327.095827106656 1.0000000000000000
4115.8682558229402 1.0000000000000000
-102209.95562849105 1.0000000000000000
72876.466250053141 1.0000000000000000
-49785.840107330805 1.0000000000000000
-24415.333376589741 1.0000000000000000
-99610.106320593404 1.0000000000000000
5060.9326265954242 1.0000000000000000
27763.406839682917 1.0000000000000000
8003.1105532866732 1.0000000000000000
-36118.038651687239 1.0000000000000000
102061.41153496255 1.0000000000000000
29911.642689027867 1.0000000000000000
43252.608203743410 1.0000000000000000
1462.7269198624385 1.0000000000000000
-21249.723640555276 1.0000000000000000
-58135.464917294106 1.0000000000000000
3073.8727562967747 1.0000000000000000
1285.6698178113222 1.0000000000000000
5244.1858766243513 1.0000000000000000
44623.011265361740 1.0000000000000000
11331.108654305184 1.0000000000000000
-20550.793915264967 1.0000000000000000
-198581.31893058948 1.0000000000000000
66971.763393245332 1.0000000000000000
-152822.90310514354 1.0000000000000000
6148.6692273486196 1.0000000000000000
-1424.8373305806122 1.0000000000000000
15805.746671098237 1.0000000000000000
-8379.8665369686114 1.0000000000000000
-2360.2068745605548 1.0000000000000000
42717.892385603089 1.0000000000000000
135649.58064991111 1.0000000000000000
-32601.679342107582 1.0000000000000000
67027.210648570879 1.0000000000000000
9601.2295407560250 1.0000000000000000
-35087.636609967783 1.0000000000000000
5438.1940992129348 1.0000000000000000
-29769.155351678284 1.0000000000000000
70178.003278410426 1.0000000000000000
106181.95128720858 1.0000000000000000
7101.2644846186586 1.0000000000000000
13770.253260157979 1.0000000000000000
-173315.51293213063 1.0000000000000000
-30212.821915990124 1.0000000000000000
-8717.4265816369025 1.0000000000000000
-3954.5564271180333 1.0000000000000000
-1815.1996050541993 1.0000000000000000
22207.312580522736 1.0000000000000000
-7394.7594272599108 1.0000000000000000
34052.269592647739 1.0000000000000000
-4464.8838377716420 1.0000000000000000
-56703.286157449831 1.0000000000000000
8790.4501882058667 1.0000000000000000
-49498.554921527626 1.0000000000000000
8535.5238833800158 1.0000000000000000
-9083.8255235557754 1.0000000000000000
-4896.2388190023394 1.0000000000000000
238774.74263247766 1.0000000000000000
149970.78989994182 1.0000000000000000
4785.8918689029397 1.0000000000000000
-31913.228774402181 1.0000000000000000
4275.2576236204104 1.0000000000000000
-27739.906607525463 1.0000000000000000
6146.4394284623104 1.0000000000000000
-132631.04171567701 1.0000000000000000
19995.757503922283 1.0000000000000000
60096.776576503740 1.0000000000000000
-67189.268044631899 1.0000000000000000
9993.2101067356944 1.0000000000000000
9723.0897100341954 1.0000000000000000
11928.149449085970 1.0000000000000000
-6697.5031733420092 1.0000000000000000
-47245.151532686752 1.0000000000000000
39760.263635950876 1.0000000000000000
-60366.074434871902 1.0000000000000000
-192922.54185048037 1.0000000000000000
3337.3685329890068 1.0000000000000000
1303.3351349494283 1.0000000000000000
5307.6069962251313 1.0000000000000000
-2071.5841292086930 1.0000000000000000
5263.7978079329378 1.0000000000000000
11420.503371599430 1.0000000000000000
-69854.014947189178 1.0000000000000000
-111213.90569244810 1.0000000000000000
347998.00048817688 1.0000000000000000
-2007.3605980385200 1.0000000000000000
-16927.601839162162 1.0000000000000000
-280517.81570277066 1.0000000000000000
-1611.5356726767955 1.0000000000000000
-12106.087455923725 1.0000000000000000
-1630.3265154515304 1.0000000000000000
18108.143848069642 1.0000000000000000
3431.6016570764355 1.0000000000000000
-25684.757868304248 1.0000000000000000
-42504.885447783861 1.0000000000000000
-8128.6159614243916 1.0000000000000000
-136288.53974084486 1.0000000000000000
-450.31825922038809 1.0000000000000000
-2246.7584876250476 1.0000000000000000
75395.657116594040 1.0000000000000000
-73981.259666057871 1.0000000000000000
129488.65917692718 1.0000000000000000
-139109.83327244822 1.0000000000000000
-2697.2292550070733 1.0000000000000000
-9535.5942699202005 1.0000000000000000
46065.828717213444 1.0000000000000000
-29402.440858074246 1.0000000000000000
89623.292190167456 1.0000000000000000
-39038.513160908136 1.0000000000000000
26381.634217002767 1.0000000000000000
-11994.550786405198 1.0000000000000000
183048.82958156662 1.0000000000000000
-2727.2677913128891 1.0000000000000000
-11746.618221378027 1.0000000000000000
15463.596603484057 1.0000000000000000
105201.54849531018 1.0000000000000000
88274.039326754893 1.0000000000000000
42449.009072207155 1.0000000000000000
-1287.7404641598935 1.0000000000000000
1714.8365949898316 1.0000000000000000
-161281.96278229405 1.0000000000000000
5039.9591746468432 1.0000000000000000
-440.68064488915570 1.0000000000000000
5578.1562555815162 1.0000000000000000
-32831.972582305963 1.0000000000000000
1735.4908857157104 1.0000000000000000
-8983.4692902330498 1.0000000000000000
250055.25663539764 1.0000000000000000
26267.146234057778 1.0000000000000000
-13205.316292218373 1.0000000000000000
1037.8148509955831 1.0000000000000000
-122077.82094600442 1.0000000000000000
209022.47849919077 1.0000000000000000
-63582.741609770979 1.0000000000000000
-3918.4066266089890 1.0000000000000000
9182.9120319594658 1.0000000000000000
-57325.713079721398 1.0000000000000000
-2897.8446774721906 1.0000000000000000
103362.46454241109 1.0000000000000000
-7676.7661575875145 1.0000000000000000
-3682.4502838550584 1.0000000000000000
-46987.128944683653 1.0000000000000000
-5087.7696251930083 1.0000000000000000
-19363.895357455873 1.0000000000000000
17125.232966724776 1.0000000000000000
8161.9761721729828 1.0000000000000000
20844.999258826527 1.0000000000000000
18961.816888875706 1.0000000000000000
86995.293599535740 1.0000000000000000
1398.6931315357297 1.0000000000000000
-1291.6721008448640 1.0000000000000000
6126.4834255065725 1.0000000000000000
144264.56716027035 1.0000000000000000
35807.043956927635 1.0000000000000000
-75376.843517577188 1.0000000000000000
92070.732123439186 1.0000000000000000
1826.6813297335773 1.0000000000000000
11312.105709004592 1.0000000000000000
1018.5739990235206 1.0000000000000000
16423.499024994286 1.0000000000000000
7181.4548238692405 1.0000000000000000
-76832.110060083869 1.0000000000000000
-7703.5913606251033 1.0000000000000000
1695.0745384940576 1.0000000000000000
109870.46497644190 1.0000000000000000
50279.433079660936 1.0000000000000000
-29496.555311452052 1.0000000000000000
44366.858608973183 1.0000000000000000
-32922.828004530515 1.0000000000000000
-32478.246413787390 1.0000000000000000
165851.40277858882 1.0000000000000000
-14502.679032879923 1.0000000000000000
20669.698294882146 1.0000000000000000
-553.34507491104046 1.0000000000000000
3976.8187237507805 1.0000000000000000
-1668.2528946817213 1.0000000000000000
23203.971846049753 1.0000000000000000
-136670.38587247158 1.0000000000000000
-14902.533127917768 1.0000000000000000
-25654.119645096373 1.0000000000000000
5877.7636112640448 1.0000000000000000
137915.26040364854 1.0000000000000000
14845.996734788536 1.0000000000000000
-7353.7461613305941 1.0000000000000000
1156.3466018486540 1.0000000000000000
-28619.354622559946 1.0000000000000000
2773.4735130551612 1.0000000000000000
19726.284714327103 1.0000000000000000
-49045.946080281123 1.0000000000000000
-13567.646134852410 1.0000000000000000
-351.14199143215615 1.0000000000000000
-1757.1250572520810 1.0000000000000000
-30261.783616633951 1.0000000000000000
-24302.069221717320 1.0000000000000000
26665.869944034555 1.0000000000000000
-136.78221052571186 1.0000000000000000
-21924.530372454039 1.0000000000000000
-2620.2627190610574 1.0000000000000000
26599.105333742053 1.0000000000000000
133704.23212586288 1.0000000000000000
-59489.844536063058 1.0000000000000000
-16723.766000834512 1.0000000000000000
101801.47120965458 1.0000000000000000
-12737.038534176050 1.0000000000000000
46612.597332723897 1.0000000000000000
-34810.869213866841 1.0000000000000000
-63429.403828920542 1.0000000000000000
-103161.42963637791 1.0000000000000000
57748.545312447393 1.0000000000000000
23716.018426067181 1.0000000000000000
15286.051460239087 1.0000000000000000
20798.522159693610 1.0000000000000000
-26838.948705491050 1.0000000000000000
-20457.529346866580 1.0000000000000000
-122635.63579224463 1.0000000000000000
3397.1447048711170 1.0000000000000000
98224.415276349959 1.0000000000000000
-39843.353445729372 1.0000000000000000
120114.14083477842 1.0000000000000000
-15066.715520607855 1.0000000000000000
-16568.129248339977 1.0000000000000000
20609.626973857725 1.0000000000000000
-23545.582275996145 1.0000000000000000
-5374.1560606183557 1.0000000000000000
-11174.336088780881 1.0000000000000000
28983.802017348276 1.0000000000000000
-35610.515019025559 1.0000000000000000
20199.776473352529 1.0000000000000000
86048.831926535058 1.0000000000000000
-9065.5447090138405 1.0000000000000000
-17892.210033483654 1.0000000000000000
-51829.175326556651 1.0000000000000000
-27.786827481620985 1.0000000000000000
3449.4719691103305 1.0000000000000000
-5057.9255465138212 1.0000000000000000
-219717.01540949399 1.0000000000000000
613.55077995902059 1.0000000000000000
39301.311886911797 1.0000000000000000
-24186.154542536398 1.0000000000000000
1365.1178940314642 1.0000000000000000
14105.270375698889 1.0000000000000000
3620.3825743469079 1.0000000000000000
34153.142441702468 1.0000000000000000
-71588.295047353589 1.0000000000000000
-196635.71662112066 1.0000000000000000
-6353.1194986985365 1.0000000000000000
1550.7950410078492 1.0000000000000000
6600.2665834548870 1.0000000000000000
53790.589526041738 1.0000000000000000
10095.255033124864 1.0000000000000000
-20959.369974696870 1.0000000000000000
-32963.531323163836 1.0000000000000000
-75991.051610925118 1.0000000000000000
-41161.449537746383 1.0000000000000000
58522.252173279318 1.0000000000000000
17213.931402554525 1.0000000000000000
2179.2959662009903 1.0000000000000000
143.45809512780593 1.0000000000000000
-13061.665713552675 1.0000000000000000
6213.0902505934700 1.0000000000000000
36310.846410284445 1.0000000000000000
36517.952395627006 1.0000000000000000
42032.708771171594 1.0000000000000000
-10219.820312914062 1.0000000000000000
-3695.8524800125856 1.0000000000000000
-773.06534464535605 1.0000000000000000
-20620.031672528090 1.0000000000000000
64744.412064878437 1.0000000000000000
-6812.8427107604566 1.0000000000000000
-38968.672235687256 1.0000000000000000
-2724.9078089315694 1.0000000000000000
178551.99843971492 1.0000000000000000
58967.859808725676 1.0000000000000000
-20313.966721382189 1.0000000000000000
99443.221802502274 1.0000000000000000
-58647.173512661124 1.0000000000000000
13319.632851611726 1.0000000000000000
-6497.5063896977636 1.0000000000000000
-8158.3611424753963 1.0000000000000000
156206.12651831732 1.0000000000000000
80505.797510784250 1.0000000000000000
-11510.554570149803 1.0000000000000000
70135.696540569974 1.0000000000000000
-3443.2461531789831 1.0000000000000000
66146.498777505403 1.0000000000000000
-4085.1062862312488 1.0000000000000000
-50879.337446210557 1.0000000000000000
36977.759126558616 1.0000000000000000
-61911.108545474613 1.0000000000000000
19417.479650211488 1.0000000000000000
22843.183367977301 1.0000000000000000
33473.147910961277 1.0000000000000000
100078.76333175639 1.0000000000000000
-24648.506271721682 1.0000000000000000
195353.50209664533 1.0000000000000000
-233397.88628432283 1.0000000000000000
-78085.074893839468 1.0000000000000000
22552.413773651231 1.0000000000000000
1407.0248508266775 1.0000000000000000
-30448.343618259718 1.0000000000000000
2945.4076203870432 1.0000000000000000
-10993.283941264615 1.0000000000000000
-27290.537503491243 1.0000000000000000
-2033.1830880038142 1.0000000000000000
463.88411711349693 1.0000000000000000
21181.168941418098 1.0000000000000000
-5826.5015642425878 1.0000000000000000
-21055.837893182710 1.0000000000000000
36065.782019880586 1.0000000000000000
-39234.952143811352 1.0000000000000000
26986.956790992877 1.0000000000000000
-91705.706821400163 1.0000000000000000
17.369120401191672 1.0000000000000000
14393.168131053217 1.0000000000000000
-19808.059968377078 1.0000000000000000
86060.396685638392 1.0000000000000000
30519.748160747775 1.0000000000000000
-35417.430315794838 1.0000000000000000
-27853.370675867522 1.0000000000000000
4672.3369462725204 1.0000000000000000
17536.018039606319 1.0000000000000000
110382.75710931001 1.0000000000000000
-11841.010997022548 1.0000000000000000
6344.4249268570957 1.0000000000000000
-63119.041396156317 1.0000000000000000
25472.757501869597 1.0000000000000000
37629.887085417613 1.0000000000000000
4368.8576994645628 1.0000000000000000
21124.465000975026 1.0000000000000000
14426.556529948650 1.0000000000000000
4026.8026971888794 1.0000000000000000
1576.6058139026638 1.0000000000000000
23053.174544663500 1.0000000000000000
468.62488698959805 1.0000000000000000
-7212.5372800824289 1.0000000000000000
-63712.894735283138 1.0000000000000000
-248303.49047313508 1.0000000000000000
-1201.5040005925864 1.0000000000000000
8041.2347237996128 1.0000000000000000
21096.089498126137 1.0000000000000000
-12663.356442582528 1.0000000000000000
-21257.646504088156 1.0000000000000000
18195.106753537388 1.0000000000000000
-24415.688146879264 1.0000000000000000
115966.59531599852 1.0000000000000000
3342.6834834976707 1.0000000000000000
1870.7511722342349 1.0000000000000000
1390.6050488339924 1.0000000000000000
23488.826385964418 1.0000000000000000
5038.4400778861200 1.0000000000000000
78108.828890617733 1.0000000000000000
-29609.603098122792 1.0000000000000000
-14775.800949472674 1.0000000000000000
-64466.412479299201 1.0000000000000000
108758.63507442125 1.0000000000000000
-115389.71158539032 1.0000000000000000
-64873.069281025004 1.0000000000000000
-1775.2362702775306 1.0000000000000000
-21225.224454588893 1.0000000000000000
-6446.3205663140643 1.0000000000000000
-7361.8951924625389 1.0000000000000000
26477.480241643672 1.0000000000000000
-28930.124403495371 1.0000000000000000
694.80203780347927 1.0000000000000000
-40286.793483331610 1.0000000000000000
221190.72379238787 1.0000000000000000
-2224.7875535007279 1.0000000000000000
-25539.776596806521 1.0000000000000000
-3775.3422564964212 1.0000000000000000
21920.300256302180 1.0000000000000000
-23057.966487654194 1.0000000000000000
-4018.1021333557774 1.0000000000000000
-575.34577297209182 1.0000000000000000
-44701.028252813972 1.0000000000000000
-221192.30240734061 1.0000000000000000
2089.3638999945479 1.0000000000000000
-17084.752122838017 1.0000000000000000
5693.0997560172927 1.0000000000000000
-60345.101335508603 1.0000000000000000
-15447.739081128875 1.0000000000000000
-14184.457963875804 1.0000000000000000
-44973.785517218341 1.0000000000000000
-141.74817548231195 1.0000000000000000
6757.4134780322383 1.0000000000000000
2201.2335434642087 1.0000000000000000
953.52151376591905 1.0000000000000000
-63131.725290784001 1.0000000000000000
-13442.748155681311 1.0000000000000000
76900.505225422283 1.0000000000000000
-44047.543833938915 1.0000000000000000
41111.534116925817 1.0000000000000000
17546.065153175306 1.0000000000000000
-140095.44730922586 1.0000000000000000
15141.470111607960 1.0000000000000000
-5038.7039987283169 1.0000000000000000
-1253.1892573914949 1.0000000000000000
11995.811972400928 1.0000000000000000
-3725.4601425707929 1.0000000000000000
-85901.811928383511 1.0000000000000000
-895.21647159402971 1.0000000000000000
-1081.2771839066979 1.0000000000000000
-9173.7832209427688 1.0000000000000000
30765.714824916537 1.0000000000000000
17799.322687859261 1.0000000000000000
-3354.2287718504685 1.0000000000000000
-7063.4131040563188 1.0000000000000000
5454.4359782057973 1.0000000000000000
4256.1051207385817 1.0000000000000000
-48895.685173857091 1.0000000000000000
113844.66175730852 1.0000000000000000
25586.177709822587 1.0000000000000000
-17502.557106292959 1.0000000000000000
9138.9523064460809 1.0000000000000000
23976.121894414413 1.0000000000000000
-32222.564388259729 1.0000000000000000
-2831.3791031538212 1.0000000000000000
76814.026228094968 1.0000000000000000
5937.4648605010880 1.0000000000000000
-83572.794381724103 1.0000000000000000
-80988.664486500391 1.0000000000000000
-11537.713399137951 1.0000000000000000
-27914.462927280685 1.0000000000000000
-64671.367876862052 1.0000000000000000
67828.435239452519 1.0000000000000000
35773.398263185598 1.0000000000000000
3652.2739502494414 1.0000000000000000
1686.4865036226936 1.0000000000000000
-104594.32206926674 1.0000000000000000
-12608.366417500743 1.0000000000000000
7230.4462873362918 1.0000000000000000
-908.62397841152551 1.0000000000000000
152.17542959022884 1.0000000000000000
-33331.490478706313 1.0000000000000000
29224.491775669601 1.0000000000000000
-11076.172489107652 1.0000000000000000
-36789.531777056443 1.0000000000000000
43517.483492957734 1.0000000000000000
49117.993874588188 1.0000000000000000
157581.00841588894 1.0000000000000000
69112.942221132995 1.0000000000000000
-175001.76591386966 1.0000000000000000
19312.595842682960 1.0000000000000000
1718.3258070651182 1.0000000000000000
11889.070871354510 1.0000000000000000
-2117.3911923402329 1.0000000000000000
43822.543283672341 1.0000000000000000
2227.4663087050394 1.0000000000000000
-4503.5558404105741 1.0000000000000000
53242.501045696474 1.0000000000000000
51679.894470121777 1.0000000000000000
-6662.1407269818037 1.0000000000000000
-25928.464173339256 1.0000000000000000
-24545.246388234656 1.0000000000000000
-1744.3155085445212 1.0000000000000000
6202.1678806031605 1.0000000000000000
-29993.931161885168 1.0000000000000000
22754.118888348967 1.0000000000000000
1965.5230057380700 1.0000000000000000
12245.250957519589 1.0000000000000000
-34898.221688073842 1.0000000000000000
55354.000038878250 1.0000000000000000
104755.25068554551 1.0000000000000000
-28148.025158276050 1.0000000000000000
-6813.8072666703865 1.0000000000000000
10065.446602365852 1.0000000000000000
27929.594911218828 1.0000000000000000
-2613.3737413456274 1.0000000000000000
-15011.306876429007 1.0000000000000000
29322.960034457392 1.0000000000000000
-5118.6367915884430 1.0000000000000000
-1584.9722296422585 1.0000000000000000
759.92295836489984 1.0000000000000000
230955.58609184966 1.0000000000000000
-2671.3354065865105 1.0000000000000000
-28052.332466317057 1.0000000000000000
-2851.6419313720135 1.0000000000000000
-4682.5167302008986 1.0000000000000000
-31066.537774175813 1.0000000000000000
-7548.8094579848321 1.0000000000000000
-127356.30874649411 1.0000000000000000
6562.8937860107708 1.0000000000000000
224509.41563395938 1.0000000000000000
-22410.331699848164 1.0000000000000000
-12114.801806265894 1.0000000000000000
85926.672875545686 1.0000000000000000
-2338.0972342829632 1.0000000000000000
4096.4783929721016 1.0000000000000000
-14201.471064806343 1.0000000000000000
313539.56653428933 1.0000000000000000
27493.662291804740 1.0000000000000000
8427.3357336107929 1.0000000000000000
322.70130356411602 1.0000000000000000
-9286.7981715869591 1.0000000000000000
-7199.2452230636072 1.0000000000000000
-20466.714683146212 1.0000000000000000
16004.582970796208 1.0000000000000000
-5863.5731277152126 1.0000000000000000
-149072.73027432861 1.0000000000000000
23688.767939907444 1.0000000000000000
-46633.332298975103 1.0000000000000000
25898.787873756719 1.0000000000000000
23552.346203336121 1.0000000000000000
-7736.4019532777365 1.0000000000000000
18366.417082389391 1.0000000000000000
1954.7687854055050 1.0000000000000000
-636.16944504289791 1.0000000000000000
-17688.958480788464 1.0000000000000000
4607.9609541913642 1.0000000000000000
-18250.545544720964 1.0000000000000000
4038.9266842786396 1.0000000000000000
10199.019636968535 1.0000000000000000
15116.050947860762 1.0000000000000000
-73481.586596550784 1.0000000000000000
148171.44739660958 1.0000000000000000
-10742.058707541164 1.0000000000000000
-16674.288551224596 1.0000000000000000
-4332.9461919804871 1.0000000000000000
-20888.309247025180 1.0000000000000000
44773.785723526351 1.0000000000000000
-1922.4409263749640 1.0000000000000000
-15799.207711404119 1.0000000000000000
-46381.338603970609 1.0000000000000000
-107117.15963438689 1.0000000000000000
-20556.435067717113 1.0000000000000000
1558.1170553907477 1.0000000000000000
65038.650674652577 1.0000000000000000
-23195.537084213454 1.0000000000000000
-51094.793394948407 1.0000000000000000
-256270.85624554372 1.0000000000000000
-185969.23015391914 1.0000000000000000
-91530.509250861753 1.0000000000000000
-61427.872933097206 1.0000000000000000
-29428.658152246924 1.0000000000000000
-21163.540014025755 1.0000000000000000
-2192.2847788938343 1.0000000000000000
8651.4697361938488 1.0000000000000000
17237.813387527793 1.0000000000000000
3976.4417728065168 1.0000000000000000
48008.994908066838 1.0000000000000000
73763.532086813793 1.0000000000000000
