-5674.5311372816741 .11635656199694977E-002
19424.157909856836 .99991233326607354
-1972.5209121253833 1.0000000000000000
1371.7476079188693 .59662359954797661
-3981.4575907925082 .94297012562569205
-2803.9357880146545 .94776539675400562
-9064.3099200854522 .63174972238533481E-001
3047.7701272160848 .89371445524080850
-5206.0664181968868 .36919948879610580E-001
-49285.456650087159 .11371306041996770
-6990.4862363538086 .32467641573674100
-457.62651758685485 1.0000000000000000
-4799.8471303527258 .98371692299602731
-4578.6211936893014 1.0000000000000000
30433.137418138693 .32467641573674100
-38435.071797818899 .20468748774750356E-001
2214.8310116656758 .93597170096542937
-2940.8064055901209 1.0000000000000000
-7024.7915593240332 1.0000000000000000
1841.4440339761757 1.0000000000000000
-54154.717087727928 .97663846029626376E-002
-111056.32819586761 .10495543699335197E-001
-18684.225489658216 .14004664900669853E-001
-13909.685336489832 .10099776839119720E-002
7239.3279712551557 .22544410527786194E-002
14513.996457991798 .61192239825234696E-001
-59827.202409452286 .89440285675107534E-001
6520.9609755876936 .63640178932931279E-001
-5125.0357170513298 1.0000000000000000
-14719.050227483371 .20625429968271047E-001
6412.5659158105027 1.0000000000000000
5681.9817499375185 1.0000000000000000
84007.448482542677 .25312371219887941E-001
3115.3154975748103 1.0000000000000000
2742.7760707468606 .20692739763496093
1471.8790327774864 .88522626953584793
-4392.7453794668099 .98335257308838253
-5657.3370556464870 .82221673497991901E-003
4730.0486210772406 1.0000000000000000
-13357.043310927076 .11403385445371483
666.08278800931532 .69805710283238342E-003
-2866.4432762267302 1.0000000000000000
66198.239497156726 .93650705889834540E-001
13.638547016916570 .39853097266765452E-005
-4914.6570507541846 1.0000000000000000
-5189.1045793249423 1.0000000000000000
-8464.8686338148691 1.0000000000000000
21754.606203167350 .63178751910086373E-001
-7980.0774299241721 .36589562401500997
-40217.846712241662 .11164840783233709E-001
1784.4910459205776 .86594503653360844
-703.80265954760102 .37674458750566091E-003
-320.17469542996980 .78977430444193808
1715.2306466548528 .28594421760171351E-002
-4382.0464885334268 .14614389382577586E-001
-13915.663327941595 .54346979294280895
-776.19370434487064 .44815011362991930E-003
-8621.5515869637275 1.0000000000000000
-2671.2585120834292 .99995234652609444
-8660.0706974465302 .94665045084951849
-2933.7868454958434 1.0000000000000000
2148.3876537492151 1.0000000000000000
7610.2512803942227 1.0000000000000000
20268.016908822014 .11767843957658447
-19356.664311573815 .52455456961152780E-001
-433.19626681404708 1.0000000000000000
-1979.8481266773570 1.0000000000000000
52549.679525355554 .10475316825498199
-146.04183537227300 .65847690552622851E-004
-20340.854653272334 .12998137443065422
819.01166554976726 .87872412771658814
33579.610935460289 .71773306140826332E-001
-6111.4092414709839 1.0000000000000000
-7201.0988437112619 .22915869601333633
53982.841855169150 .84587060667688188E-001
12020.021666821685 .59455377742503390
-1561.1954872957208 1.0000000000000000
5275.8669681594420 1.0000000000000000
-3385.3498715267669 1.0000000000000000
-319.87213839728389 .74270362674457491
1211.2942168598124 1.0000000000000000
3874.9643888464025 .32023864418837539
404.74162492877764 .25397397954459567E-003
-2771.8801118728943 .68766931621297145
-13541.566102574814 1.0000000000000000
-7563.9162805380120 .42407455199093080
7978.2071390721912 1.0000000000000000
31020.773535995148 .32522295909188703E-001
-5890.7894208542630 1.0000000000000000
4528.8048415551921 .68655590864885307
-1198.4152248845603 .42842185207945360E-001
-6564.2663016711294 .57097940988581297
-52575.639059897607 .50036960175896317E-001
61068.439446543431 .59213742302219652E-001
704.23508371503499 1.0000000000000000
21312.902926293882 .24097849327994275
-3532.9862693711611 1.0000000000000000
-67505.235234533335 .78066449942638672E-002
14973.780611023294 .54505922206481983E-002
-2867.8214886834448 .48044371656514751
2190.2892701968813 .86565437409126811E-002
47632.923363894552 .43662624670909700E-001
-25180.718388084810 .74571831346143761E-002
-3885.5411383938435 1.0000000000000000
-68906.677510300651 .29519613418384832E-002
11419.314061196301 .11930323013018664E-001
-3371.6703204792771 .92901935249672096
-2248.6778895048706 1.0000000000000000
1060.5436669134315 .76691005921299871
18473.583223692844 1.0000000000000000
-5221.4928027301639 1.0000000000000000
4044.9956970305043 1.0000000000000000
874.27443227750018 1.0000000000000000
57752.048065631854 .56302927699127037E-001
38211.735400570768 .49841506287593332E-001
100608.30715771824 .20124215681523006E-001
-61069.989732772505 .42052788621273859E-001
1021.6459199438216 .55815461718584425
-14962.238408714493 1.0000000000000000
2731.0257161701893 .83131462296539982
-13970.662814794359 .30251845738425232
7940.7405190646004 .54047524986935800E-002
-572.75408839763884 .52675808877500341E-003
-19785.031529971995 .23912936737211737
8307.2970491299366 .15277086927911743E-002
5750.7727323519857 .13741828839844614E-002
10506.756008042505 .32764503026325620
-11977.015029458373 .61228441415737067
26803.671567317117 .24319476647456784
31073.008856107706 1.0000000000000000
-2791.5673630346514 .28242642563912172E-002
-1244.1848190787482 1.0000000000000000
-3694.4116777961121 1.0000000000000000
-30477.252409903802 .23874852625672993
5376.0961832359144 1.0000000000000000
62567.676982390563 .33175351299534070E-001
1527.6502964332224 1.0000000000000000
1616.4074924241434 .49808132228716282E-003
1752.1117437173425 .16590021307771163
-2330.6692764815689 1.0000000000000000
5605.7026936459897 .98536615387162163
-8057.5591850872279 .40538735824737998
-75684.759812945253 .15615750462644290
-8938.4950337553128 .74016703979803944
502.51280718835585 1.0000000000000000
-58712.938584799005 .54910966622762292E-001
-55389.462667201718 .13314755826348851
-1102.3162599190348 1.0000000000000000
1859.4938102187409 .18063343146137274E-002
-181.73819582295607 .16102655814975719E-004
1025.4787056495463 .84106238406579550E-003
13262.686853450727 .30699567283380635
51891.370625235657 1.0000000000000000
5647.0414734288861 1.0000000000000000
2359.6524900946961 .14251536196245170E-002
-13780.059934959363 .17318378549471947
-11348.043962492606 .64936328930520792
3.6168411074045563 .23852459710462065E-004
3420.5804939633208 1.0000000000000000
30588.390231076148 .23910003323634247E-001
-7371.6612840000307 1.0000000000000000
-343.84311276310586 1.0000000000000000
-36522.445636779237 .34663852948068341E-001
3569.3124355636310 .84562721774682881
-2892.4484550762641 .54618673429541298E-001
-50679.689600517529 1.0000000000000000
-3833.2254474139877 .12298681980958298
10101.399750441004 .14249011248864762
-1005.3221554096268 1.0000000000000000
-2572.7035768401306 1.0000000000000000
7319.4042178053051 1.0000000000000000
44369.951797583017 .19179029024218530E-001
66264.873497876310 .55142642962795752E-001
3589.4851335804033 1.0000000000000000
6887.6621844676774 1.0000000000000000
-722.48391862638505 .31631530073110935E-003
1827.0480209882903 .72837981347215563
20087.902220239368 .25770067714759526
3418.5943639851139 .72297409662069967
24028.920602689617 .35893833021868371
947.47078797732752 1.0000000000000000
-15765.879988924842 1.0000000000000000
-6417.2736775212234 .15491984583771823
-18887.657874262266 .11036812741751462
-15966.992525405927 .10906664361807406
2936.6649047712458 1.0000000000000000
56634.090765367895 .22101674759161805E-001
45393.197014217141 .69395646115288812E-001
6858.9195084698522 1.0000000000000000
7088.0057076934418 .94226542846539874
-5665.3939352521284 1.0000000000000000
13434.561411366562 1.0000000000000000
-8763.0899157829772 .16290338153413846E-001
-2826.8851157200684 1.0000000000000000
4742.1306423919241 .61252508968150177
-23337.216755871475 .85914274768106938E-002
-114.67500191744584 .45532080259230343E-005
-4349.5964052140898 .68831159001247666
15473.808213332673 .36259799796148195
-3410.3532160917421 .72015553075002769
