-1199.7774711466654 1.0000000000000000
-1252.6405701286053 1.0000000000000000
7736.4684579447239 1.0000000000000000
106201.06251323306 1.0000000000000000
-13059.920892077631 1.0000000000000000
-79017.484987895587 1.0000000000000000
12696.223929828850 1.0000000000000000
3458.9115305864671 1.0000000000000000
-4050.9768520144671 1.0000000000000000
-1182.4888576620269 1.0000000000000000
-168058.77883766539 1.0000000000000000
55397.759019164070 1.0000000000000000
-4201.3056450479453 1.0000000000000000
-4373.9188716498556 1.0000000000000000
-9095.6064568288693 1.0000000000000000
-10092.579503728522 1.0000000000000000
-685828.33874872618 1.0000000000000000
-27470.603738915237 1.0000000000000000
-3225.3636675655252 1.0000000000000000
-1120.2365526727447 1.0000000000000000
-104945.60338994904 1.0000000000000000
-6034.1634602243093 1.0000000000000000
-180466.43670601954 1.0000000000000000
188452.20395955251 1.0000000000000000
104188.14308399863 1.0000000000000000
-10187.345090494062 1.0000000000000000
17801.694516833290 1.0000000000000000
3491.9020783220903 1.0000000000000000
-19478.291642007898 1.0000000000000000
-28784.510166255917 1.0000000000000000
26557.132769362459 1.0000000000000000
61681.656492002585 1.0000000000000000
1350182.3613295779 1.0000000000000000
2788.8284097949104 1.0000000000000000
3249.8104577521071 1.0000000000000000
20188.096079392937 1.0000000000000000
52582.029355942002 1.0000000000000000
-1319334.3121305439 1.0000000000000000
5897.9620878645674 1.0000000000000000
947052.50904805760 1.0000000000000000
-140632.39381539795 1.0000000000000000
186654.83908712125 1.0000000000000000
186876.48095083237 1.0000000000000000
-28454.806771998836 1.0000000000000000
95434.785531444562 1.0000000000000000
-165437.71845330234 1.0000000000000000
-11769.642630802440 1.0000000000000000
-7707.4477374413718 1.0000000000000000
33651.744175470682 1.0000000000000000
-14198.034257428166 1.0000000000000000
300270.60933083820 1.0000000000000000
14952.656424483432 1.0000000000000000
-21188.362134329600 1.0000000000000000
-62111.834624765237 1.0000000000000000
76326.699894164136 1.0000000000000000
-17684.739963002270 1.0000000000000000
-7658.3385401279711 1.0000000000000000
-411640.35727278574 1.0000000000000000
127663.25930772285 1.0000000000000000
-5552.8737676904357 1.0000000000000000
-3613.2777942144430 1.0000000000000000
-12113.107498489462 1.0000000000000000
-3929.8005268333418 1.0000000000000000
-51790.919176442905 1.0000000000000000
2894.8481784565565 1.0000000000000000
50013.721960337403 1.0000000000000000
1544.3957918217309 1.0000000000000000
-29946.072006116963 1.0000000000000000
-1153.9250960212892 1.0000000000000000
-14033.695860550200 1.0000000000000000
-41926.990279454803 1.0000000000000000
154687.03908520477 1.0000000000000000
-235949.91725866450 1.0000000000000000
227270.75308052951 1.0000000000000000
2678.3367189059595 1.0000000000000000
-51696.724412316617 1.0000000000000000
49101.227487177159 1.0000000000000000
11363.850502187783 1.0000000000000000
-231694.65380759368 1.0000000000000000
85529.580691781637 1.0000000000000000
-1396.7309511189005 1.0000000000000000
-12387.399670100833 1.0000000000000000
-446334.89523352729 1.0000000000000000
218091.76627444741 1.0000000000000000
342684.35284259653 1.0000000000000000
85228.062388242761 1.0000000000000000
-5711.6116475090475 1.0000000000000000
-9268.9478951182064 1.0000000000000000
-22091.420139771806 1.0000000000000000
27116.664924457738 1.0000000000000000
22501.705557439836 1.0000000000000000
102074.85607854777 1.0000000000000000
-23106.063626211791 1.0000000000000000
259214.80246398185 1.0000000000000000
22182.906339268768 1.0000000000000000
27696.819862096618 1.0000000000000000
32336.876865096772 1.0000000000000000
-5051.2271178047777 1.0000000000000000
-15789.115309209315 1.0000000000000000
76918.232074550222 1.0000000000000000
-60940.682986744650 1.0000000000000000
19475.000017041380 1.0000000000000000
-215746.78035865573 1.0000000000000000
-62270.744074655056 1.0000000000000000
-33105.658944480761 1.0000000000000000
-21362.084137617509 1.0000000000000000
-19784.287522033868 1.0000000000000000
77318.688598662600 1.0000000000000000
-21085.083148852871 1.0000000000000000
-35662.230434459765 1.0000000000000000
-88571.210697201546 1.0000000000000000
-68329.559181088436 1.0000000000000000
46500.231555122693 1.0000000000000000
-390654.47585080279 1.0000000000000000
65818.433019141987 1.0000000000000000
-25520.172302031940 1.0000000000000000
-2692.2727455075260 1.0000000000000000
-4068.9398326241412 1.0000000000000000
-13364.532124648651 1.0000000000000000
129650.07124359990 1.0000000000000000
-15282.461834030328 1.0000000000000000
12909.545007148949 1.0000000000000000
-126235.77137921404 1.0000000000000000
44741.553633380463 1.0000000000000000
-74825.773430934642 1.0000000000000000
-19221.440688408198 1.0000000000000000
67124.548339878645 1.0000000000000000
20320.264409995296 1.0000000000000000
-15424.278570475888 1.0000000000000000
-24428.452800205006 1.0000000000000000
28022.658967635020 1.0000000000000000
29067.630481625354 1.0000000000000000
-14910.590434331023 1.0000000000000000
43442.404521295626 1.0000000000000000
13581.941841941089 1.0000000000000000
9518.0426703734247 1.0000000000000000
35421.021239938658 1.0000000000000000
-60192.855007492268 1.0000000000000000
20816.844874539791 1.0000000000000000
-59906.037643478929 1.0000000000000000
3161.7469130447589 1.0000000000000000
23116.569223847742 1.0000000000000000
-90304.549706067730 1.0000000000000000
-6253.6751504038084 1.0000000000000000
-250940.27523613378 1.0000000000000000
183812.85579778373 1.0000000000000000
-19841.965010425127 1.0000000000000000
107299.09932101675 1.0000000000000000
-22863.160442253306 1.0000000000000000
-33545.270786435969 1.0000000000000000
-3488.8842089788591 1.0000000000000000
27517.017622857260 1.0000000000000000
18158.462412239944 1.0000000000000000
98411.035681515772 1.0000000000000000
-39121.295726094613 1.0000000000000000
45264.534738426883 1.0000000000000000
157702.68621049577 1.0000000000000000
-9339.8188413557928 1.0000000000000000
-22605.278174204857 1.0000000000000000
15112.554450840198 1.0000000000000000
-23619.650535164870 1.0000000000000000
39333.963046021308 1.0000000000000000
-60890.923750168266 1.0000000000000000
8630.1116786883831 1.0000000000000000
-11640.932660654706 1.0000000000000000
-27475.174448476137 1.0000000000000000
-3958.9634543672832 1.0000000000000000
166715.46579314867 1.0000000000000000
53550.854194390529 1.0000000000000000
-15434.661522130387 1.0000000000000000
35961.686694751443 1.0000000000000000
-80879.916294354902 1.0000000000000000
-190743.43094299574 1.0000000000000000
-17590.855291549371 1.0000000000000000
43032.242839200517 1.0000000000000000
4046.4698602457038 1.0000000000000000
-105316.15950108686 1.0000000000000000
-45589.278527457209 1.0000000000000000
54578.364565357777 1.0000000000000000
-268.32901382445158 1.0000000000000000
10878.008548870004 1.0000000000000000
163210.18062773606 1.0000000000000000
-10533.756939740990 1.0000000000000000
15082.331229958576 1.0000000000000000
18046.829849169531 1.0000000000000000
-9.2210518471646239 1.0000000000000000
57292.194877716545 1.0000000000000000
-18142.790550294594 1.0000000000000000
19682.225881235361 1.0000000000000000
6967.5404876050570 1.0000000000000000
-15086.063801884166 1.0000000000000000
-59969.599803083780 1.0000000000000000
-61982.330023583505 1.0000000000000000
81328.726843354787 1.0000000000000000
-94773.040493484164 1.0000000000000000
8072.4110639818309 1.0000000000000000
7202.6034841137252 1.0000000000000000
195853.94518350624 1.0000000000000000
-50937.859089100006 1.0000000000000000
-1270.8872661607509 1.0000000000000000
-13906.333515450808 1.0000000000000000
11162.054093171011 1.0000000000000000
-17874.306466460523 1.0000000000000000
-3866.1252537575729 1.0000000000000000
13387.390905863476 1.0000000000000000
17642.941628029177 1.0000000000000000
4909.1399706048469 1.0000000000000000
-48081.290516619345 1.0000000000000000
12609.189643274463 1.0000000000000000
-53329.579207708492 1.0000000000000000
48384.555947403482 1.0000000000000000
30886.850371127090 1.0000000000000000
7510.5348471861835 1.0000000000000000
32856.061346800911 1.0000000000000000
4940.8003105756197 1.0000000000000000
-33393.467545087253 1.0000000000000000
-23004.438460580717 1.0000000000000000
21891.941906289430 1.0000000000000000
14755.345216041704 1.0000000000000000
-16381.126832591071 1.0000000000000000
-43572.502860999193 1.0000000000000000
9087.5994427445112 1.0000000000000000
-1692.0446153592793 1.0000000000000000
-33973.471712013838 1.0000000000000000
-157723.97818849282 1.0000000000000000
3876.3807051111953 1.0000000000000000
-8190.0568153950126 1.0000000000000000
90070.240335705006 1.0000000000000000
-12552.579318228782 1.0000000000000000
-146138.91003322610 1.0000000000000000
-506.44461626106164 1.0000000000000000
-15141.893772252139 1.0000000000000000
214277.81115899966 1.0000000000000000
-31667.617773993024 1.0000000000000000
31205.686417315712 1.0000000000000000
-3140.8598933738285 1.0000000000000000
-105246.62488785561 1.0000000000000000
40927.759228520365 1.0000000000000000
88352.982678242101 1.0000000000000000
-4736.3379850563597 1.0000000000000000
-66081.797818404099 1.0000000000000000
-3413.7733848076041 1.0000000000000000
-24817.173146411620 1.0000000000000000
62443.038490942468 1.0000000000000000
4223.6996608655982 1.0000000000000000
-57172.429326805213 1.0000000000000000
-12136.282961169549 1.0000000000000000
-21003.988557510238 1.0000000000000000
-9233.2158660891091 1.0000000000000000
-116413.73564176894 1.0000000000000000
13346.502855111425 1.0000000000000000
-42127.583522247238 1.0000000000000000
-19231.160556553215 1.0000000000000000
-801.74885657217521 1.0000000000000000
142617.73063345838 1.0000000000000000
10185.438546620360 1.0000000000000000
-133627.99196444792 1.0000000000000000
-4805.5889858817864 1.0000000000000000
-32388.041183886300 1.0000000000000000
-16873.646840756821 1.0000000000000000
13879.517941525313 1.0000000000000000
-54208.363386860052 1.0000000000000000
26332.869480383637 1.0000000000000000
29307.032445219338 1.0000000000000000
13648.942161589101 1.0000000000000000
-9839.4649185432754 1.0000000000000000
41107.818384339684 1.0000000000000000
-28609.471698340021 1.0000000000000000
-11238.220006613063 1.0000000000000000
133795.95126303972 1.0000000000000000
18440.009038650518 1.0000000000000000
6943.9778351569221 1.0000000000000000
21861.394211625848 1.0000000000000000
-1228.9937032055950 1.0000000000000000
19508.897815761931 1.0000000000000000
7898.8729025687981 1.0000000000000000
-18129.152556899564 1.0000000000000000
3692.2203722796230 1.0000000000000000
26615.882245482964 1.0000000000000000
-13063.940812216853 1.0000000000000000
154.15501534223262 1.0000000000000000
-93387.876133745347 1.0000000000000000
9802.5872593660642 1.0000000000000000
-12245.211074201883 1.0000000000000000
-19652.697865352478 1.0000000000000000
-49499.559481025550 1.0000000000000000
-34625.881497667106 1.0000000000000000
22810.107074534440 1.0000000000000000
10051.130802873877 1.0000000000000000
-25898.709638740464 1.0000000000000000
-35547.415177153482 1.0000000000000000
-80508.581836499026 1.0000000000000000
-9162.5012387553925 1.0000000000000000
4601.0502287737809 1.0000000000000000
208100.14401770613 1.0000000000000000
10573.134901686019 1.0000000000000000
32754.444668179876 1.0000000000000000
-245672.16422018511 1.0000000000000000
87722.959342990274 1.0000000000000000
-3771.4750969008278 1.0000000000000000
19851.796951029173 1.0000000000000000
-11228.036811768518 1.0000000000000000
-25440.231408910557 1.0000000000000000
-14012.967364801696 1.0000000000000000
-11145.528741701000 1.0000000000000000
-10553.505841582022 1.0000000000000000
19331.022284495411 1.0000000000000000
1337.6860226333856 1.0000000000000000
-10613.275906375969 1.0000000000000000
-12612.352303833904 1.0000000000000000
-2575.8732125619940 1.0000000000000000
-30845.366815609053 1.0000000000000000
-52022.052453345255 1.0000000000000000
33203.759096916350 1.0000000000000000
5395.8127652604262 1.0000000000000000
21369.576460695065 1.0000000000000000
2124.4913605741986 1.0000000000000000
19768.121239070217 1.0000000000000000
21387.692357040527 1.0000000000000000
832.68040072606902 1.0000000000000000
-4835.3023951397881 1.0000000000000000
4906.2290995342464 1.0000000000000000
-132413.17414564008 1.0000000000000000
-9277.9330904933140 1.0000000000000000
975.61799838614354 1.0000000000000000
-19731.115839858026 1.0000000000000000
2308.7781980941918 1.0000000000000000
93.278920898801061 1.0000000000000000
102081.22009618481 1.0000000000000000
-41416.219216411446 1.0000000000000000
-59652.935518501930 1.0000000000000000
19929.511831010230 1.0000000000000000
-28728.342642792701 1.0000000000000000
-78779.000295909093 1.0000000000000000
-57425.135089642121 1.0000000000000000
28222.208029490776 1.0000000000000000
-1430.3650421329598 1.0000000000000000
64943.535042727206 1.0000000000000000
-39981.974434088806 1.0000000000000000
133617.59270781794 1.0000000000000000
-36416.111586543091 1.0000000000000000
-52011.531098312138 1.0000000000000000
-230453.80671730399 1.0000000000000000
-48976.554972028673 1.0000000000000000
5936.6236283860981 1.0000000000000000
19658.734147264247 1.0000000000000000
19764.436016786949 1.0000000000000000
41649.035791519687 1.0000000000000000
-74514.149085226163 1.0000000000000000
77140.553491272265 1.0000000000000000
8153.5215673328921 1.0000000000000000
28188.128943736599 1.0000000000000000
1614.4204554379114 1.0000000000000000
41151.675535633171 1.0000000000000000
36652.600768887969 1.0000000000000000
-65830.913384935790 1.0000000000000000
80279.467521499653 1.0000000000000000
31921.523227852707 1.0000000000000000
19374.561683304026 1.0000000000000000
8763.0071404685950 1.0000000000000000
26828.044296070362 1.0000000000000000
14846.944566257294 1.0000000000000000
-35531.933518131780 1.0000000000000000
-746.76020818625773 1.0000000000000000
2286.1153904685402 1.0000000000000000
-11881.567220184395 1.0000000000000000
-7256.3318224376771 1.0000000000000000
-14368.687604651652 1.0000000000000000
33389.164008669497 1.0000000000000000
-37427.410495859796 1.0000000000000000
-51.317658384329697 1.0000000000000000
90893.483815281987 1.0000000000000000
22871.743209217762 1.0000000000000000
-17725.948188652139 1.0000000000000000
44430.398426654305 1.0000000000000000
11080.863021642201 1.0000000000000000
-15592.447710669026 1.0000000000000000
-1588.2007221376491 1.0000000000000000
-7905.5245465123708 1.0000000000000000
127723.31970699856 1.0000000000000000
-4244.5067896904784 1.0000000000000000
-18319.819067188524 1.0000000000000000
39718.849463737650 1.0000000000000000
147508.87296986079 1.0000000000000000
-46760.942805908475 1.0000000000000000
-60474.058657255177 1.0000000000000000
18722.666796801725 1.0000000000000000
-18056.061683576594 1.0000000000000000
342362.26357136131 1.0000000000000000
50886.112534232343 1.0000000000000000
-212313.12448807780 1.0000000000000000
-85831.312963981632 1.0000000000000000
93268.892225833391 1.0000000000000000
45216.767650070789 1.0000000000000000
-47268.050098650187 1.0000000000000000
373112.23256230442 1.0000000000000000
-12882.885952751272 1.0000000000000000
224233.79862880774 1.0000000000000000
-67695.548387967880 1.0000000000000000
-95160.759456425221 1.0000000000000000
232675.79691611702 1.0000000000000000
118125.58594403512 1.0000000000000000
-145885.76982042592 1.0000000000000000
40548.077599479671 1.0000000000000000
-45819.622969523625 1.0000000000000000
-220093.64486346551 1.0000000000000000
26618.144770188075 1.0000000000000000
-153200.09698715829 1.0000000000000000
214392.13799580582 1.0000000000000000
1807.5993281723884 1.0000000000000000
-68459.708871536626 1.0000000000000000
31476.362722084581 1.0000000000000000
158870.60856847174 1.0000000000000000
93296.760546972582 1.0000000000000000
167903.07289955107 1.0000000000000000
-116480.44989901711 1.0000000000000000
-105524.93787667868 1.0000000000000000
-554.36043827790627 1.0000000000000000
-136052.32935569776 1.0000000000000000
-28987.156697327860 1.0000000000000000
-98279.336859593051 1.0000000000000000
88895.481206892160 1.0000000000000000
316340.21417629853 1.0000000000000000
800093.67429440003 1.0000000000000000
112805.60774192563 1.0000000000000000
116617.31083180806 1.0000000000000000
135236.85344690079 1.0000000000000000
-116730.24400641350 1.0000000000000000
-60065.175545909151 1.0000000000000000
24529.475862547300 1.0000000000000000
-315125.83001409640 1.0000000000000000
-57372.319070902013 1.0000000000000000
215279.82226637259 1.0000000000000000
-28845.309131856819 1.0000000000000000
-87395.340249028217 1.0000000000000000
-30349.417618703708 1.0000000000000000
-66225.517971357680 1.0000000000000000
69355.156938032495 1.0000000000000000
119248.56287439373 1.0000000000000000
258521.13166874237 1.0000000000000000
273042.70117398578 1.0000000000000000
149118.73862162884 1.0000000000000000
-160959.20581391719 1.0000000000000000
190277.48616606620 1.0000000000000000
141028.78112135711 1.0000000000000000
-173060.56529072940 1.0000000000000000
64682.558556689990 1.0000000000000000
278582.53629754222 1.0000000000000000
-151722.41772433414 1.0000000000000000
-1470484.4859049052 1.0000000000000000
-82259.072204242082 1.0000000000000000
50064.391203643834 1.0000000000000000
-24598.459138257000 1.0000000000000000
-184180.71288225346 1.0000000000000000
27350.467715487375 1.0000000000000000
-31073.686502261520 1.0000000000000000
-158446.14113672051 1.0000000000000000
-202271.77000784146 1.0000000000000000
5956.9198835407642 1.0000000000000000
119830.98317908170 1.0000000000000000
-409234.88139559317 1.0000000000000000
-49958.492498597436 1.0000000000000000
-110365.05409518721 1.0000000000000000
13353.680864254557 1.0000000000000000
426580.14471451653 1.0000000000000000
-100876.06269940552 1.0000000000000000
16364.059806675714 1.0000000000000000
-213244.04417096556 1.0000000000000000
346571.46470867505 1.0000000000000000
56908.856284576315 1.0000000000000000
109183.08603839263 1.0000000000000000
162725.66339635421 1.0000000000000000
-118908.82730774807 1.0000000000000000
-61905.826438187316 1.0000000000000000
27588.568038924102 1.0000000000000000
-23907.776992827563 1.0000000000000000
82025.024041334633 1.0000000000000000
-38825.364870143654 1.0000000000000000
-266309.61877509148 1.0000000000000000
-111372.77214881520 1.0000000000000000
104778.09448571102 1.0000000000000000
-38368.042929094998 1.0000000000000000
-183967.54165234082 1.0000000000000000
-13540.691241909963 1.0000000000000000
-55618.735263448361 1.0000000000000000
110894.30634348144 1.0000000000000000
14264.671529524461 1.0000000000000000
-45094.906257878698 1.0000000000000000
-55526.113121140697 1.0000000000000000
139705.08815013475 1.0000000000000000
-43432.931245524429 1.0000000000000000
-42533.058978639106 1.0000000000000000
-75805.307239404239 1.0000000000000000
231710.71350843814 1.0000000000000000
-287569.59561951080 1.0000000000000000
129269.89513663309 1.0000000000000000
-128340.36125933318 1.0000000000000000
-200268.38733875650 1.0000000000000000
-205954.62202453768 1.0000000000000000
80735.070204566655 1.0000000000000000
