-1364249.5049356574 1.0000000000000000
1526913.8194247973 1.0000000000000000
41629.436345447852 1.0000000000000000
939996.47541774041 1.0000000000000000
-515497.63839603617 1.0000000000000000
74488.607948564473 1.0000000000000000
-319286.64180056710 1.0000000000000000
-13364.855381045683 1.0000000000000000
-44360.513985147751 1.0000000000000000
247023.52902506516 1.0000000000000000
-584881.42914279609 1.0000000000000000
-144639.81121411457 1.0000000000000000
163114.19676749434 1.0000000000000000
32771.105630006037 1.0000000000000000
-4777.6301637740298 1.0000000000000000
506672.63622279646 1.0000000000000000
66294.574237767461 1.0000000000000000
-594424.69846459362 1.0000000000000000
112949.29603421276 1.0000000000000000
748704.90048147563 1.0000000000000000
26793.698659692829 1.0000000000000000
12978.385093290362 1.0000000000000000
-42421.609014661917 1.0000000000000000
412010.57957532536 1.0000000000000000
66271.680402571263 1.0000000000000000
148007.98383530055 1.0000000000000000
6008.3560309034938 1.0000000000000000
-21395.499807893975 1.0000000000000000
-29494.330445952117 1.0000000000000000
-189510.98095328594 1.0000000000000000
-99539.216040991087 1.0000000000000000
225088.72108987617 1.0000000000000000
1264.4113975399739 1.0000000000000000
-3000.6715169117670 1.0000000000000000
55201.594035875314 1.0000000000000000
-20998.220399547568 1.0000000000000000
10761.339083547902 1.0000000000000000
92872.915265917021 1.0000000000000000
-3956.8283544360897 1.0000000000000000
10986.277571498904 1.0000000000000000
42816.140635729535 1.0000000000000000
147800.19206172161 1.0000000000000000
33315.457287917372 1.0000000000000000
-20052.281543186356 1.0000000000000000
34343.313793676556 1.0000000000000000
-3034.9979768637900 1.0000000000000000
-292.54576338746210 1.0000000000000000
-16752.255408018831 1.0000000000000000
-78685.978311633458 1.0000000000000000
139444.57767201579 1.0000000000000000
-6165.9896537077575 1.0000000000000000
-228466.43166165549 1.0000000000000000
-18433.601946082032 1.0000000000000000
-3400.8893413118335 1.0000000000000000
608.09298662284618 1.0000000000000000
-9825.3836866180463 1.0000000000000000
-21235.683586693784 1.0000000000000000
-1209.6425729252026 1.0000000000000000
144938.53695272212 1.0000000000000000
-716982.48098939599 1.0000000000000000
-5491.5254051827596 1.0000000000000000
-58637.092304864243 1.0000000000000000
162240.69325410746 1.0000000000000000
-6437.9251347583222 1.0000000000000000
-84581.315950724776 1.0000000000000000
-20885.439888953631 1.0000000000000000
27258.545686103611 1.0000000000000000
-136563.73813065872 1.0000000000000000
62146.967660217291 1.0000000000000000
3036.0757931930430 1.0000000000000000
341639.96221867396 1.0000000000000000
-2390.9092076458182 1.0000000000000000
228290.34438774927 1.0000000000000000
-80307.530305954133 1.0000000000000000
-5599.2557658741453 1.0000000000000000
-11729.620628505114 1.0000000000000000
22381.485449708372 1.0000000000000000
-517.51224249676704 1.0000000000000000
28053.829415818989 1.0000000000000000
-291981.97007569013 1.0000000000000000
-5756.3686554245933 1.0000000000000000
9777.0849634670212 1.0000000000000000
-21238.634089119827 1.0000000000000000
48217.822201861112 1.0000000000000000
-12978.236335832586 1.0000000000000000
-843.06200340114435 1.0000000000000000
-779263.90902831801 1.0000000000000000
2829.3191468346567 1.0000000000000000
-184605.19947855113 1.0000000000000000
-60897.888743487798 1.0000000000000000
-40238.172056308322 1.0000000000000000
530596.37565663853 1.0000000000000000
21978.183982407456 1.0000000000000000
-69591.752267200878 1.0000000000000000
92183.855112847479 1.0000000000000000
-423045.03611710819 1.0000000000000000
-128383.79743944276 1.0000000000000000
-56904.489333797173 1.0000000000000000
-149762.18662040844 1.0000000000000000
-77946.184447340769 1.0000000000000000
123390.78459166543 1.0000000000000000
-3708.2609274436409 1.0000000000000000
18764.038894165467 1.0000000000000000
-83862.599579283022 1.0000000000000000
-316669.62493195682 1.0000000000000000
-13248.476734175585 1.0000000000000000
438273.81398216315 1.0000000000000000
937670.61902454798 1.0000000000000000
67713.898281089467 1.0000000000000000
-6455.7880699310190 1.0000000000000000
44913.666197687045 1.0000000000000000
-1241.8701278548976 1.0000000000000000
-204685.40990450326 1.0000000000000000
-192134.91475555723 1.0000000000000000
-75721.453039454122 1.0000000000000000
-23679.038158914918 1.0000000000000000
48279.664990481186 1.0000000000000000
362683.06729658681 1.0000000000000000
-222245.46174058667 1.0000000000000000
-69911.528410433006 1.0000000000000000
125489.65861295210 1.0000000000000000
-98857.943976387745 1.0000000000000000
-76473.907457812908 1.0000000000000000
356176.76826784719 1.0000000000000000
98531.662258888173 1.0000000000000000
-28497.103462937590 1.0000000000000000
117891.14073391570 1.0000000000000000
74218.366028553166 1.0000000000000000
120415.11075306451 1.0000000000000000
89073.846686896402 1.0000000000000000
-59070.417532192987 1.0000000000000000
598605.00201490673 1.0000000000000000
112396.37466090487 1.0000000000000000
-183078.90557890077 1.0000000000000000
-49549.575010212677 1.0000000000000000
56981.205633932448 1.0000000000000000
215651.79638169135 1.0000000000000000
-687750.07700200833 1.0000000000000000
142743.20408319787 1.0000000000000000
7728.4811088995029 1.0000000000000000
-162771.10650226587 1.0000000000000000
-280185.18739049905 1.0000000000000000
60762.298083852795 1.0000000000000000
123277.61757159758 1.0000000000000000
152455.22979204109 1.0000000000000000
-30002.685598297583 1.0000000000000000
-250130.38204563310 1.0000000000000000
-68844.927699896056 1.0000000000000000
-21936.219804323100 1.0000000000000000
159376.02725330269 1.0000000000000000
-20602.046607628788 1.0000000000000000
153286.68385068025 1.0000000000000000
-625013.72496703500 1.0000000000000000
7729.0647279983305 1.0000000000000000
31996.497697647086 1.0000000000000000
-40330.426900789113 1.0000000000000000
-12052.320005815120 1.0000000000000000
-21430.617042967293 1.0000000000000000
52170.901816086553 1.0000000000000000
-86522.430955989490 1.0000000000000000
1043.7772354024212 1.0000000000000000
76648.115140887006 1.0000000000000000
-41386.990991546823 1.0000000000000000
95.042442582973564 1.0000000000000000
19635.217478137798 1.0000000000000000
384924.42451999447 1.0000000000000000
120814.94834857607 1.0000000000000000
-310361.98173189542 1.0000000000000000
7868.3055543616047 1.0000000000000000
-81089.588785985339 1.0000000000000000
162979.56697337891 1.0000000000000000
-17306.668637286246 1.0000000000000000
17383.898589302098 1.0000000000000000
-195645.24353109562 1.0000000000000000
46547.330446247084 1.0000000000000000
-38355.408658058266 1.0000000000000000
13650.324034627840 1.0000000000000000
145328.40314885025 1.0000000000000000
-272841.25986357906 1.0000000000000000
-145837.08623854749 1.0000000000000000
119019.52563327421 1.0000000000000000
193210.31287974975 1.0000000000000000
-20866.622765369269 1.0000000000000000
-41420.178758493785 1.0000000000000000
28769.514115879691 1.0000000000000000
336177.95800837764 1.0000000000000000
-73870.233888568764 1.0000000000000000
1405.8636589748637 1.0000000000000000
-3259.8649376585654 1.0000000000000000
-39547.169156016171 1.0000000000000000
93149.444180455132 1.0000000000000000
77378.857517706783 1.0000000000000000
22477.521288345059 1.0000000000000000
117230.47878087962 1.0000000000000000
356038.33792642836 1.0000000000000000
2418.6436237832054 1.0000000000000000
42264.448936474109 1.0000000000000000
609424.98160591652 1.0000000000000000
-24650.744092846275 1.0000000000000000
-6088.1942159290948 1.0000000000000000
-17811.629177314906 1.0000000000000000
17202.913484770146 1.0000000000000000
-4611.2777350945571 1.0000000000000000
-14371.704990666036 1.0000000000000000
8360.6661374246032 1.0000000000000000
-181741.48775480321 1.0000000000000000
-2803.5466986755982 1.0000000000000000
-23075.664683622079 1.0000000000000000
-57100.489840906062 1.0000000000000000
8455.5079262538911 1.0000000000000000
-11818.560598614633 1.0000000000000000
-2899.2394704993617 1.0000000000000000
-205755.32023529540 1.0000000000000000
-33115.077213315526 1.0000000000000000
73103.063764023245 1.0000000000000000
158897.29135711413 1.0000000000000000
-11809.174627529987 1.0000000000000000
-12685.350382603230 1.0000000000000000
-1417.1663320886371 1.0000000000000000
15574.032575063635 1.0000000000000000
-22849.380969969796 1.0000000000000000
53636.652453662922 1.0000000000000000
5770.5807494686078 1.0000000000000000
-48798.623380302095 1.0000000000000000
-14831.397012449172 1.0000000000000000
102829.65424271925 1.0000000000000000
-4573.6502531193200 1.0000000000000000
-10634.953053933948 1.0000000000000000
90839.714878020313 1.0000000000000000
72913.747550691420 1.0000000000000000
5856.6287817896482 1.0000000000000000
20005.430836582782 1.0000000000000000
27863.832942388624 1.0000000000000000
114077.40632632015 1.0000000000000000
-148135.53990879309 1.0000000000000000
-4864.7321991534145 1.0000000000000000
24880.934239733735 1.0000000000000000
209089.57038895946 1.0000000000000000
80370.803025426067 1.0000000000000000
-100761.44214273928 1.0000000000000000
23018.496034959964 1.0000000000000000
-15943.174363224382 1.0000000000000000
31643.201755181475 1.0000000000000000
-7996.3904035306305 1.0000000000000000
10741.258528588894 1.0000000000000000
68365.239157831908 1.0000000000000000
858.83051569118504 1.0000000000000000
18126.500941788618 1.0000000000000000
189016.70097162569 1.0000000000000000
-77751.161607518530 1.0000000000000000
61479.298845810037 1.0000000000000000
-2808.4613735395078 1.0000000000000000
24417.510451978884 1.0000000000000000
-16811.098575108052 1.0000000000000000
11140.895827951537 1.0000000000000000
5035.3430731125136 1.0000000000000000
30647.971151414433 1.0000000000000000
-9557.6747763565891 1.0000000000000000
76231.583518153202 1.0000000000000000
40812.344638436116 1.0000000000000000
-8943.2029721082963 1.0000000000000000
-31701.733034905796 1.0000000000000000
-92922.561512266926 1.0000000000000000
15291.123803214674 1.0000000000000000
-11768.819468218055 1.0000000000000000
-72559.886618926030 1.0000000000000000
95888.303611026466 1.0000000000000000
754.77944577211952 1.0000000000000000
-68516.277787980012 1.0000000000000000
12575.045966983980 1.0000000000000000
-53863.284154785026 1.0000000000000000
-27593.315410274321 1.0000000000000000
-11575.614744796632 1.0000000000000000
-6761.4670184496426 1.0000000000000000
-7327.0172618957922 1.0000000000000000
-14030.963266195929 1.0000000000000000
20071.563336301453 1.0000000000000000
-170563.31818280637 1.0000000000000000
6782.8418195923632 1.0000000000000000
-13826.146060962808 1.0000000000000000
-22709.125912226009 1.0000000000000000
7767.5129649865203 1.0000000000000000
124619.50442906778 1.0000000000000000
-179038.69974583751 1.0000000000000000
2693.5454677584130 1.0000000000000000
-192362.22588342085 1.0000000000000000
38305.226253640009 1.0000000000000000
-54306.062634514994 1.0000000000000000
-9079.9577359197756 1.0000000000000000
-17897.085327565590 1.0000000000000000
52051.343689066081 1.0000000000000000
25102.682872847243 1.0000000000000000
-33721.507482082467 1.0000000000000000
9460.1368519919542 1.0000000000000000
-13909.806890061285 1.0000000000000000
-3287.5934651231833 1.0000000000000000
27099.167940387255 1.0000000000000000
-31842.926584294510 1.0000000000000000
17002.140430418291 1.0000000000000000
16948.046892941435 1.0000000000000000
-80630.207448426139 1.0000000000000000
-8861.4051988552746 1.0000000000000000
-37311.207634725375 1.0000000000000000
12480.132011671300 1.0000000000000000
9460.1815199767370 1.0000000000000000
-24774.234493671287 1.0000000000000000
14964.341391724787 1.0000000000000000
24344.625129968881 1.0000000000000000
32202.344040674678 1.0000000000000000
-32338.081267579688 1.0000000000000000
6727.3392293460147 1.0000000000000000
32543.314994040116 1.0000000000000000
20085.391819237084 1.0000000000000000
-4622.9305347946074 1.0000000000000000
-29683.346851869228 1.0000000000000000
-5789.1612697848768 1.0000000000000000
2785.7734224547621 1.0000000000000000
-539659.22652213473 1.0000000000000000
346564.49012687698 1.0000000000000000
152603.69892774918 1.0000000000000000
4704.6105791756481 1.0000000000000000
104927.89040893967 1.0000000000000000
75117.918804081215 1.0000000000000000
-58991.325780502433 1.0000000000000000
12222.250443024588 1.0000000000000000
-1262903.0293392560 1.0000000000000000
302227.06133243878 1.0000000000000000
5940.2077669355103 1.0000000000000000
-32114.663958775996 1.0000000000000000
-446509.71476235054 1.0000000000000000
-56819.751133972102 1.0000000000000000
365351.04735003127 1.0000000000000000
-271500.19364222093 1.0000000000000000
1333616.8805460499 1.0000000000000000
-29035.864640440868 1.0000000000000000
-87529.127980178760 1.0000000000000000
571972.56981230399 1.0000000000000000
354005.47077058884 1.0000000000000000
356354.30671034841 1.0000000000000000
-13322.060052700939 1.0000000000000000
32510.416696499415 1.0000000000000000
-9975.8397494422006 1.0000000000000000
826242.24322418240 1.0000000000000000
-158614.95714056783 1.0000000000000000
67357.799487610697 1.0000000000000000
42737.014456187819 1.0000000000000000
472628.73093447683 1.0000000000000000
27749.882228648301 1.0000000000000000
-70975.008492776775 1.0000000000000000
-36845.955761260528 1.0000000000000000
-5003.4812462721720 1.0000000000000000
343996.49277888483 1.0000000000000000
90535.391267817147 1.0000000000000000
-73312.506415128955 1.0000000000000000
283504.67220881814 1.0000000000000000
3075.9389456360300 1.0000000000000000
3346.6196426594083 1.0000000000000000
-156362.75584905685 1.0000000000000000
412520.94211450656 1.0000000000000000
-757058.84905334108 1.0000000000000000
474195.58052043559 1.0000000000000000
-223750.38755918754 1.0000000000000000
56987.632008805311 1.0000000000000000
-189525.20017412427 1.0000000000000000
-117071.06011795765 1.0000000000000000
68886.022928537917 1.0000000000000000
519788.91546105832 1.0000000000000000
-145559.64327122149 1.0000000000000000
-549090.30251264002 1.0000000000000000
31079.828656734331 1.0000000000000000
213377.50872025677 1.0000000000000000
-482140.78102627903 1.0000000000000000
214640.70198949706 1.0000000000000000
-58328.757864578445 1.0000000000000000
-27820.679524875355 1.0000000000000000
-1771482.3733005004 1.0000000000000000
20430.341687151285 1.0000000000000000
498583.03128996858 1.0000000000000000
44455.286504082513 1.0000000000000000
116766.78026661502 1.0000000000000000
-72361.985326114882 1.0000000000000000
556889.43218153354 1.0000000000000000
-338762.16643754620 1.0000000000000000
81216.723072607419 1.0000000000000000
-155832.05723973128 1.0000000000000000
923964.94058123056 1.0000000000000000
-88726.428832663674 1.0000000000000000
1234035.2913690631 1.0000000000000000
43346.209266987549 1.0000000000000000
-35759.316155605651 1.0000000000000000
-299663.85541849583 1.0000000000000000
300027.49300185085 1.0000000000000000
34452.187598109012 1.0000000000000000
201574.88785672098 1.0000000000000000
11856.437794381514 1.0000000000000000
-233128.21406724991 1.0000000000000000
-97469.875915976358 1.0000000000000000
-771268.56475295487 1.0000000000000000
18574.274078524490 1.0000000000000000
-33203.911799576832 1.0000000000000000
-41960.942553136374 1.0000000000000000
1638.6079263481201 1.0000000000000000
-75811.166864235478 1.0000000000000000
-6940.0686430298201 1.0000000000000000
358487.89363034506 1.0000000000000000
7179.5057371967614 1.0000000000000000
-327009.96887298772 1.0000000000000000
113410.67081772671 1.0000000000000000
-403790.96847250435 1.0000000000000000
-231141.07806360957 1.0000000000000000
-1483123.6023853342 1.0000000000000000
91848.702756469822 1.0000000000000000
-71759.591236371882 1.0000000000000000
-104606.45548340045 1.0000000000000000
-93374.828937245809 1.0000000000000000
240297.57389683867 1.0000000000000000
-35059.433721039612 1.0000000000000000
-106928.87140588195 1.0000000000000000
-362405.33653172024 1.0000000000000000
196486.97327750683 1.0000000000000000
-173366.54015378910 1.0000000000000000
39362.204885642299 1.0000000000000000
2263.3071496789403 1.0000000000000000
-105576.78852033593 1.0000000000000000
349022.09804164350 1.0000000000000000
-142595.45909206168 1.0000000000000000
315491.47211596562 1.0000000000000000
-285186.02614953427 1.0000000000000000
125659.94386507056 1.0000000000000000
3096.2826065185313 1.0000000000000000
27135.649074917033 1.0000000000000000
11511.142283382842 1.0000000000000000
98858.430674294315 1.0000000000000000
-709792.16028858826 1.0000000000000000
-23702.773573289065 1.0000000000000000
78196.270221038430 1.0000000000000000
40115.410582181561 1.0000000000000000
43434.661308982933 1.0000000000000000
318.04629823604927 1.0000000000000000
-161186.82850001572 1.0000000000000000
44752.732522249164 1.0000000000000000
-49962.118230212604 1.0000000000000000
141165.65969106625 1.0000000000000000
-393788.36789539579 1.0000000000000000
-22064.089262127385 1.0000000000000000
168544.40041469739 1.0000000000000000
366853.47816455108 1.0000000000000000
-18750.830975454675 1.0000000000000000
-497105.32954251132 1.0000000000000000
-12262.150200045784 1.0000000000000000
-49346.559337194456 1.0000000000000000
-437173.90343314508 1.0000000000000000
16704.797551967782 1.0000000000000000
16099.918513874183 1.0000000000000000
-124851.06452111200 1.0000000000000000
90922.323972873666 1.0000000000000000
-18417.244193916253 1.0000000000000000
43917.686183173981 1.0000000000000000
1075.7932679755777 1.0000000000000000
936493.15444627008 1.0000000000000000
47890.813593806379 1.0000000000000000
-24729.491452995069 1.0000000000000000
16461.146233860083 1.0000000000000000
-29776.601037184399 1.0000000000000000
37432.767235438776 1.0000000000000000
64678.732485481683 1.0000000000000000
59507.388369593122 1.0000000000000000
63602.054307868544 1.0000000000000000
-747538.48156967631 1.0000000000000000
82046.003622483579 1.0000000000000000
-21040.535028786013 1.0000000000000000
-49999.487092621828 1.0000000000000000
-305773.29606793314 1.0000000000000000
33861.553623484928 1.0000000000000000
-38428.522539373451 1.0000000000000000
-22941.103612860632 1.0000000000000000
-220019.08345864067 1.0000000000000000
-127093.70496318316 1.0000000000000000
-116913.81575323956 1.0000000000000000
-203187.69434067290 1.0000000000000000
-574418.27404936077 1.0000000000000000
-144965.83529062947 1.0000000000000000
-205295.16010940087 1.0000000000000000
-508171.53608109738 1.0000000000000000
7506.2404508874060 1.0000000000000000
-33664.212208093981 1.0000000000000000
-27304.270070842671 1.0000000000000000
38737.510987078407 1.0000000000000000
-178229.12975378759 1.0000000000000000
615497.67834574636 1.0000000000000000
94798.040119046578 1.0000000000000000
-86066.069452746451 1.0000000000000000
217806.43720993365 1.0000000000000000
-80157.765685648192 1.0000000000000000
620682.96925745602 1.0000000000000000
-96497.328652107826 1.0000000000000000
-88716.969127350574 1.0000000000000000
-370667.48171162087 1.0000000000000000
59006.132917880859 1.0000000000000000
95586.397205261630 1.0000000000000000
