88925.304737004422 .76952947170620256
30810.672377576622 .14267636685153240
60397.578193779627 1.0000000000000000
-64262.348063631733 .14267636685153240
-110682.94688185673 .59274799049551075E-001
2580.7479359306635 1.0000000000000000
-20020.771690927391 .84825793365405411
-1541.6182049669271 .84825793365405411
48166.795977059606 .44893634608438064E-002
-101120.14780297453 .53514467050350074E-001
30232.842275372321 .89487321711836931E-002
256508.33223903007 .59274799049551075E-001
-10255.372567637978 .58753059397471572E-003
234843.93803923958 .20377030143270445E-001
2954.9381527154305 .17811012704430039E-002
39053.663700384037 .33401103677031929
7003.7133416670076 .14524336581821795
-36682.804785227345 1.0000000000000000
-91618.770814483054 .26935819089258729E-001
3091.0631680263559 .27311824441385189E-002
22501.875014217341 .56735902302313401E-002
5171.3132630734390 .37531963769056377E-002
-80385.502666450338 .99885079828347623
-63624.484595181770 .77108881707409171
-14791.882798468501 .64244960625895270E-001
-726481.21216589969 .20031578268747907E-001
-169052.59116921498 .13845882307393587
-24266.784329361111 .97361713195810418
12137.301767730591 .38841792966251010E-002
167127.32757509802 .63085623016115155
-73595.760409488517 .96973229129061089E-001
153662.36398738096 .44237041964647861
-37734.168956538619 .95161461078563714
92983.157158303322 1.0000000000000000
-546.85906414237900 .22694854365590267E-003
78910.725306134656 1.0000000000000000
-391659.76577837288 .20896196698833858E-001
-63258.266928853067 .87770749897993405
-12391.286890164125 .25651041355203495E-003
27300.394790488237 .32552653310829061
1179.1019656619792 .45028997347806854E-002
-137517.52132467055 1.0000000000000000
26097.664909120813 .20065100548272552
-10584.678927081110 .13112018266095992E-002
-316.56159796565498 .17212381056735393E-002
63030.275125688611 .19566658470303325E-001
-49790.287395260370 .24304333401567291E-001
10622.079642173776 .90005812470867652
-44444.003475011261 .62930926578403323E-001
26651.370802364385 1.0000000000000000
63328.202973987529 1.0000000000000000
45318.978339489549 .16818240922963048E-001
68770.502377791461 1.0000000000000000
-57840.967383634103 .52524075509120138E-001
2112.7250984598531 .14635834855874497E-002
54233.170814310768 .97678379975917418
-5492.1649840215377 .58030036938044138
40254.811353192003 .15326118099299180E-001
3633.4476937609070 1.0000000000000000
-11732.315886686869 1.0000000000000000
-22036.792778570591 1.0000000000000000
-14213.210128798926 1.0000000000000000
-8397.1982588015180 1.0000000000000000
-21693.487395653308 .25116003160167766E-001
38766.668329182852 .75463722580445824
25409.177011904747 .35584063876555028
-2728.1764953771626 .47153867659552190
-32053.390041491388 .32030396243006298E-002
4528.9700110689437 .36200041993377230E-002
48253.796009878635 .29905541272850056E-001
-21228.228776461816 .45871586125484193
-19550.483704593753 .22496704329215522E-001
-47393.992098391012 1.0000000000000000
31382.691716755380 1.0000000000000000
79492.794064954214 1.0000000000000000
31474.700405006119 .94741731291396780
-176593.37313487628 .36292582440777710
22885.114793699413 .46658206287530318
1447.2728409709405 1.0000000000000000
-14496.617798949814 .92329408881631991
-26845.024240853763 .92329408881631991
40828.251912312699 1.0000000000000000
3846.7724913184338 1.0000000000000000
27218.119646186526 1.0000000000000000
100535.63110509753 .40545706271784177
-59281.208941170531 .62222596510309502
-16740.230084710278 .14388257191766174E-001
-85131.474134703574 .39390525327996978
-70524.156510157816 .29438886568889933E-002
-2470.3035079023671 1.0000000000000000
-18174.771399745761 1.0000000000000000
8296.2759389147886 1.0000000000000000
80425.633669173694 1.0000000000000000
-47824.386553958000 .59749923337641120E-001
-14389.573076980607 .92631360760100856
-1335.4648751240738 .72553228654015367E-003
35814.058870032502 .45715452594294564
9527.6729549612319 .36249174674716306E-001
100.35847677672101 .25799744005128300E-004
431.34905799234048 .26540569333877569E-004
79471.391501075937 .12777978809347446E-001
-444.46250226425775 1.0000000000000000
54444.056905726909 .58276263964554764E-001
-12300.849889117473 .44381368915588093
-14757.274697615159 .27844586766371249E-002
-2514.9564420727957 .99213828759030830E-004
-158283.51655679266 1.0000000000000000
14260.900207710156 1.0000000000000000
34050.306815234529 1.0000000000000000
20618.325714847175 1.0000000000000000
-100803.51470926519 .63307817327567240E-001
-14504.361424907051 .94673303831169231E-002
-37517.933193586367 1.0000000000000000
-45639.957140835941 1.0000000000000000
-19094.029083913196 .30976176035637992
-36664.682085454391 .21642341952149458
-18146.887622030939 .33855383080221785
13733.034742542426 .72860879836662906
72198.544188022017 .18248696631993072
8714.4613499009210 .71192652446609344E-002
-26306.151055264785 .63095525944099629
-138953.36196049431 .23193578557550559
-6556.4185301917205 .67606131723310525
-15844.836387689089 .57102442591638103
1520.5296908730008 .84463407587553541
384564.35834716883 .18905020908583686
-28586.061518258659 1.0000000000000000
10875.580329715072 .17835780733726048E-001
-13317.308161040415 .77412520357256465
34700.469982316034 .14551888001655650
14655.670031273075 1.0000000000000000
-33223.122779591853 1.0000000000000000
-6500.0427307084410 1.0000000000000000
9642.1510406043853 1.0000000000000000
-27054.403881646525 .10647701399086401
-21371.735714531991 1.0000000000000000
-55275.381434804418 1.0000000000000000
13.549336996565636 .26271051170756454E-004
-47686.059069884868 .56633985671054154E-001
-141120.17205741955 .38179757397979330
36738.128159216823 1.0000000000000000
-33782.045542900822 .15702679709854950E-001
-81245.638978179413 .15702679709854950E-001
58140.849309740079 .73333153360207681E-001
34830.803271592296 .12713161390305849
-71001.679414107668 1.0000000000000000
63204.383087750313 1.0000000000000000
-18904.177927276131 1.0000000000000000
-5722.8693361056021 .35805156555848705E-002
6544.0597425768210 1.0000000000000000
-65298.006789759042 1.0000000000000000
-68323.425730613279 .97749677487241904
167965.39047680053 .34091929040202751E-001
-9374.2700521503521 .91278016998600453
-28957.411196107234 .28263905700018555
46819.067759688536 .91022401617836080
-23369.120701393964 .24141174835294510
-11506.552458675269 .90129732811845997
7107.3877275850946 1.0000000000000000
-18709.701671542440 1.0000000000000000
-476.79240942407199 .36966914451986010
18615.262823690457 .36966914451986010
18320.231868916475 .25715306847963193E-002
49301.093229322330 .17223689322103153
-12865.715925334471 .10211220091903208E-002
14292.706066741161 .14509280545058730E-001
-83008.392172227177 .37969281975385932E-001
-39208.334245941500 1.0000000000000000
25497.806313184337 1.0000000000000000
-7296.0196905232424 1.0000000000000000
-15544.840551575082 .60739723826530456
9.4286776491173576 .64407725319754235E-005
34173.972975746467 .38024851148977845
-15297.313837902864 .18010910517395340E-001
13058.333565165416 .34353133313548345
224054.42977028980 .51344426383173580
107514.23857919979 .64338122947507998E-002
50.543793338207827 .33187281910318500E-004
-61203.210978795418 .82197172316090161
-121917.96415228068 .47073692263602640E-001
-26268.714611167372 .70240400047135687
120321.99562009762 .15250640503331225
30315.063302276511 .35756741469741771
-15055.075416378086 .35756741469741771
-31506.228807536470 .24567574143312489E-002
117.62761051260145 .38293724277194743E-003
-28790.894939157173 .60767276100494194
64922.605367724958 .96921577381541268
2295.8538453663969 .27065604900751331E-001
89725.063933749494 1.0000000000000000
-8363.6004958879585 1.0000000000000000
-233567.63430961789 .49657433321104146E-002
-239302.49936949497 .14197578591318538E-001
-269.51189754342175 .38036568861212042E-004
-39207.662734977057 .18801264624161929E-001
18174.932469926680 .50401824706087439
67244.246270501360 .21439229237226631E-001
-17256.459119618390 1.0000000000000000
-237390.21388638087 .23135317594728361
31072.187533168315 1.0000000000000000
