#  pair_distribution  output: pdf
           0.11246877           0.00000000
           0.13740630           0.00000000
           0.16234383           0.00000000
           0.18728136           0.00000000
           0.21221889           0.00000000
           0.23715642           0.00000000
           0.26209395           0.00000000
           0.28703149           0.00000000
           0.31196902           0.00000000
           0.33690654           0.00000000
           0.36184407           0.00000000
           0.38678161           0.00000000
           0.41171915           0.00000000
           0.43665667           0.00000000
           0.46159420           0.00000000
           0.48653174           0.00000000
           0.51146926           0.00000000
           0.53640679           0.00000000
           0.56134434           0.00000000
           0.58628186           0.00000000
           0.61121939           0.00000000
           0.63615692           0.00000000
           0.66109444           0.00000000
           0.68603199           0.00000000
           0.71096952           0.00000000
           0.73590704           0.00000000
           0.76084457           0.00000000
           0.78578210           0.00000000
           0.81071964           0.00000000
           0.83565717           0.00000000
           0.86059470           0.00000000
           0.88553225           0.00000000
           0.91046977           0.00000000
           0.93540728           0.00000000
           0.96034482           0.00000000
           0.98528237           0.00000000
           1.01021988           0.00000000
           1.03515743           0.00000000
           1.06009498           0.00000000
           1.08503248           0.00000000
           1.10997003           0.00000000
           1.13490758           0.00000000
           1.15984508           0.00000000
           1.18478258           0.00000000
           1.20972013           0.00000000
           1.23465768           0.00000000
           1.25959518           0.00000000
           1.28453273           0.00000000
           1.30947028           0.00000536
           1.33440779           0.00237411
           1.35934533           0.22220459
           1.38428288           4.39650677
           1.40922039          18.38858544
           1.43415789          16.25807854
           1.45909544           3.03848589
           1.48403299           0.12003488
           1.50897049           0.00100233
           1.53390804           0.00000177
           1.55884559           0.00000000
           1.58378309           0.00000000
           1.60872064           0.00000000
           1.63365819           0.00000000
           1.65859569           0.00000000
           1.68353324           0.00000000
           1.70847075           0.00000000
           1.73340825           0.00000000
           1.75834585           0.00000000
           1.78328335           0.00000000
           1.80822085           0.00000000
           1.83315845           0.00000000
           1.85809595           0.00000000
           1.88303345           0.00000000
           1.90797105           0.00000000
           1.93290855           0.00000000
           1.95784605           0.00000000
           1.98278365           0.00000000
           2.00772115           0.00000000
           2.03265866           0.00000000
           2.05759625           0.00000000
           2.08253375           0.00000000
           2.10747126           0.00000000
           2.13240885           0.00000000
           2.15734636           0.00000000
           2.18228386           0.00000000
           2.20722136           0.00000000
           2.23215886           0.00000000
           2.25709646           0.00000000
           2.28203396           0.00000000
           2.30697147           0.00000000
           2.33190906           0.00000002
           2.35684656           0.00002545
           2.38178407           0.00710998
           2.40672166           0.41968239
           2.43165917           5.23438738
           2.45659667          13.79431901
           2.48153426           7.68120750
           2.50647177           0.90376108
           2.53140927           0.02246785
           2.55634687           0.00011802
           2.58128437           0.00000013
           2.60622187           0.00000000
           2.63115947           0.00000000
           2.65609697           0.00000000
           2.68103447           0.00000000
           2.70597207           0.00000000
           2.73090957           0.00000168
           2.75584707           0.00070559
           2.78078458           0.06263824
           2.80572208           1.17487342
           2.83065968           4.65606936
           2.85559718           3.89869212
           2.88053468           0.68973498
           2.90547228           0.02578168
           2.93040978           0.00020362
           2.95534728           0.00000034
           2.98028488           0.00000000
           3.00522238           0.00000000
           3.03015988           0.00000000
           3.05509748           0.00000000
           3.08003498           0.00000000
           3.10497249           0.00000000
           3.12991008           0.00000000
           3.15484759           0.00000000
           3.17978509           0.00000000
           3.20472268           0.00000000
           3.22966019           0.00000002
           3.25459760           0.00001519
           3.27953519           0.00263189
           3.30447279           0.09637177
           3.32941020           0.74553641
           3.35434779           1.21853515
           3.37928539           0.42079140
           3.40422280           0.03070056
           3.42916040           0.00047322
           3.45409799           0.00000154
           3.47903540           0.00000000
           3.50397300           0.00000000
           3.52891059           0.00000295
           3.55384800           0.00125011
           3.57878560           0.11195455
           3.60372319           2.11830176
           3.62866060           8.46770573
           3.65359820           7.15129072
           3.67853580           1.27846847
           3.70347321           0.20330965
           3.72841080           2.07056118
           3.75334840           5.83384216
           3.77828581           3.47325188
           3.80322340           0.43686655
           3.82816100           0.01160941
           3.85309841           0.00006518
           3.87803600           0.00000008
           3.90297360           0.00000000
           3.92791101           0.00000000
           3.95284861           0.00000000
           3.97778620           0.00000000
           4.00272361           0.00000000
           4.02766121           0.00000001
           4.05259880           0.00000761
           4.07753621           0.00220697
           4.10247381           0.13523265
           4.12741140           1.75069171
           4.15234881           4.78807642
           4.17728641           2.76734903
           4.20222401           0.40263990
           4.22716142           1.14837849
           4.25209883           4.22728252
           4.27703642           3.31255508
           4.30197402           0.54867698
           4.32691143           0.05194828
           4.35184902           0.87145154
           4.37678662           4.89505308
           4.40172403           5.80984334
           4.42666162           1.45678177
           4.45159922           0.07717267
           4.47653663           0.00086371
           4.50147423           0.00000204
           4.52641182           0.00000000
           4.55134923           0.00000000
           4.57628683           0.00000000
           4.60122442           0.00000000
           4.62616183           0.00000000
           4.65109943           0.00000000
           4.67603703           0.00000000
           4.70097443           0.00000000
           4.72591203           0.00000000
           4.75084963           0.00000000
           4.77578704           0.00000000
           4.80072463           0.00000007
           4.82566223           0.00005322
           4.85059964           0.00867378
           4.87553723           0.29867277
           4.90047483           2.17278564
           4.92541224           3.33929125
           4.95034984           1.08577596
           4.97528743           0.20787230
           5.00022484           2.38833213
           5.02516244           9.01853081
           5.05010003           7.20409786
           5.07503744           1.44899981
           5.09997504           1.91203192
           5.12491263           3.13530042
           5.14985004           1.11102470
           5.17478764           0.08318107
           5.19972524           0.00131570
           5.22466265           0.00000440
           5.24960024           0.00000000
           5.27453784           0.00000000
           5.29947525           0.00000004
           5.32441284           0.00003184
           5.34935044           0.00564471
           5.37428785           0.21140384
           5.39922544           1.67266671
           5.42416304           2.79599136
           5.44910045           0.98736673
           5.47403786           0.07366274
           5.49897546           0.00116097
           5.52391305           0.00000387
           5.54885046           0.00000000
           5.57378806           0.00000075
           5.59872565           0.00027602
           5.62366306           0.02140492
           5.64860066           0.35068611
           5.67353825           1.21381322
           5.69847566           0.88755948
           5.72341326           0.13710497
           5.74835086           0.00447442
           5.77328827           0.00003085
           5.79822586           0.00000004
           5.82316346           0.00000000
           5.84810087           0.00000320
           5.87303846           0.00096137
           5.89797606           0.06101645
           5.92291347           0.81809839
           5.94785106           2.31730098
           5.97278866           1.38671096
           5.99772607           0.17530970
           6.02266367           0.00474081
           6.04760126           0.01113243
           6.07253867           0.44284124
           6.09747627           3.73047193
           6.12241386           6.64530013
           6.14735127           2.70434011
           6.17228887           1.62971658
           6.19722647           2.08120247
           6.22216388           0.63720112
           6.24710147           0.04127832
           6.27203907           0.00056494
           6.29697648           0.00000163
           6.32191407           0.00000000
           6.34685148           0.00000000
           6.37178889           0.00000000
           6.39672667           0.00000067
           6.42166408           0.00032482
           6.44660149           0.03334894
           6.47153928           0.72339698
           6.49647669           3.31499339
           6.52141410           3.21230925
           6.54635188           0.80367787
           6.57128929           1.44830141
           6.59622670           2.89019649
           6.62116448           1.24286222
           6.64610189           0.12964838
           6.67103930           0.22247593
           6.69597708           0.61139662
           6.72091449           0.35844412
           6.74585190           0.04439682
           6.77078968           0.00205652
           6.79572709           0.05315121
           6.82066450           0.66663481
           6.84560228           1.76664611
           6.87053969           0.98908292
           6.89547710           0.11697955
           6.92041488           0.00292286
           6.94535229           0.00010329
           6.97028970           0.01386868
           6.99522749           0.46252272
           7.02016490           3.25885214
           7.04510231           4.86602857
           7.07004009           1.78191307
           7.09497750           1.24648320
           7.11991491           2.80555247
           7.14485269           3.14060637
           7.16979010           0.87749684
           7.19472751           0.05315928
           7.21966529           0.02607600
           7.24460270           0.42335092
           7.26954011           1.60316450
           7.29447789           2.47844430
           7.31941530           3.31622439
           7.34435271           1.81341018
           7.36929049           1.48831420
           7.39422790           1.19451250
           7.41916531           0.22403802
           7.44410309           0.01152048
           7.46904050           0.10221994
           7.49397791           0.84055731
           7.51891570           1.46132167
           7.54385311           0.53671866
           7.56879052           0.04164312
           7.59372830           0.00086070
           7.61866571           0.01975136
           7.64360312           0.46248462
           7.66854090           2.28815475
           7.69347831           2.39160064
           7.71841572           0.52806053
           7.74335350           0.02463197
           7.76829091           0.00057632
           7.79322832           0.02798104
           7.81816610           0.49589992
           7.84310351           1.86355968
           7.86804092           1.66004227
           7.89297870           1.43676021
           7.91791611           2.63391197
           7.94285352           2.91926203
           7.96779131           1.02611202
           7.99272872           0.08223594
           8.01766613           0.00150713
           8.04260391           0.01039133
           8.06754132           0.22839903
           8.09247873           1.06101435
           8.11741651           1.04129332
           8.14235392           0.21627296
           8.16729133           0.04570061
           8.19222911           0.74053529
           8.21716652           3.19563017
           8.24210393           2.91851263
           8.26704171           0.74810648
           8.29197912           1.46940994
           8.31691653           2.36441011
           8.34185431           0.81637557
           8.36679172           0.06972622
           8.39172913           0.28747020
           8.41666654           1.70386920
           8.44160395           2.14059698
           8.46654173           0.59405228
           8.49147914           0.40347491
           8.51641655           1.12258718
           8.54135434           0.93300349
           8.56629175           1.98682999
           8.59122916           3.43335801
           8.61616694           1.84767486
           8.64110435           1.21878349
           8.66604176           0.45643545
           8.69097954           0.03909927
           8.71591695           0.00386354
           8.74085436           0.10286742
           8.76579214           0.70872000
           8.79072955           1.03245073
           8.81566696           0.37361705
           8.84060474           0.76765764
           8.86554215           2.08909566
           8.89047956           1.23377494
           8.91541734           0.15395063
           8.94035475           0.00405848
           8.96529216           0.00002260
           8.99022994           0.00000003
           9.01516735           0.00000121
           9.04010476           0.00043888
           9.06504255           0.03379395
           9.08997996           0.55281712
           9.11491737           2.00042840
           9.13985515           2.07634394
           9.16479256           1.12560040
           9.18972997           0.25874695
           9.21466775           0.12427164
           9.23960516           1.23380966
           9.26454257           2.97426907
           9.28948035           2.08231255
           9.31441776           2.73540902
           9.33935517           4.25157332
           9.36429295           1.95968726
           9.38923036           0.20435402
           9.41416777           0.01142892
           9.43910555           0.20526291
           9.46404296           1.29515753
           9.48898037           1.72650924
           9.51391816           0.48621612
           9.53885557           0.02892813
           9.56379298           0.00036358
           9.58873076           0.00000097
           9.61366817           0.00000000
           9.63860558           0.00000000
           9.66354336           0.00000365
           9.68848077           0.00083243
           9.71341818           0.04012896
           9.73835596           0.40870191
           9.76329337           0.87990437
           9.78823078           0.43036047
           9.81316856           0.39263941
           9.83810597           0.89413591
           9.86304338           1.02615594
           9.88798116           2.37445568
           9.91291857           2.39377947
           9.93785598           2.14036222
           9.96279376           2.38857074
           9.98773117           1.10970380
          10.01266858           0.19454781
          10.03760637           0.62873573
          10.06254378           1.70073674
          10.08748119           1.07557942
          10.11241897           0.35875081
          10.13735638           1.01038337
          10.16229379           1.00380498
          10.18723157           0.23096994
          10.21216898           0.27766161
          10.23710639           0.77811498
          10.26204417           0.47682999
          10.28698158           0.07175875
          10.31191899           0.22528481
          10.33685677           1.30993248
          10.36179418           2.33707729
          10.38673159           1.68192480
          10.41166937           0.95986665
          10.43660678           1.25411135
          10.46154419           1.92269018
          10.48648198           3.45154152
          10.51141938           2.05133435
          10.53635679           0.26558541
          10.56129458           0.00727569
          10.58623199           0.00004211
          10.61116940           0.00000036
          10.63610718           0.00016139
          10.66104459           0.01865041
          10.68598200           0.47306052
          10.71091978           2.65379826
          10.73585719           3.55167733
          10.76079460           2.52201008
          10.78573201           1.99579249
          10.81066942           0.95268950
          10.83560720           1.41538594
          10.86054461           0.86324286
          10.88548202           0.41669225
          10.91041980           1.43300596
          10.93535721           1.82722847
          10.96029462           0.60227456
          10.98523240           0.04647764
          11.01016981           0.00093000
          11.03510722           0.01161231
          11.06004501           0.23617074
          11.08498242           1.46518291
          11.10991983           3.07092185
          11.13485761           1.80557486
          11.15979502           0.46337282
          11.18473243           0.72120902
          11.20967021           1.05398667
          11.23460762           1.74923071
          11.25954503           2.84378001
          11.28448281           3.08764095
          11.30942022           0.90351451
          11.33435763           0.18053525
          11.35929541           0.32194332
          11.38423282           0.17679681
          11.40917023           0.02845655
          11.43410801           0.19410599
          11.45904542           1.00078795
          11.48398283           1.10228172
          11.50892061           0.44618085
          11.53385802           0.88158948
          11.55879543           1.40212717
          11.58373322           2.04768991
          11.60867063           1.51070246
          11.63360804           0.70159041
          11.65854582           0.16090627
          11.68348323           0.00996754
          11.70842064           0.04207361
          11.73335842           0.49292654
          11.75829583           1.34251476
          11.78323324           1.70214654
          11.80817102           1.98213201
          11.83310843           1.34990113
          11.85804584           0.86723627
          11.88298362           0.82655690
          11.90792103           1.17705210
          11.93285844           0.61367764
          11.95779622           1.42183705
          11.98273363           2.71877419
          12.00767104           1.38923478
          12.03260882           0.18086096
          12.05754623           0.21661216
          12.08248364           1.26541599
          12.10742143           1.77639149
          12.13235884           0.97373545
          12.15729625           0.32570151
          12.18223403           0.05568768
          12.20717144           0.32683866
          12.23210885           1.06431916
          12.25704663           0.82880660
          12.28198404           0.88650520
          12.30692145           1.35307637
          12.33185923           0.53290251
          12.35679664           0.29384978
          12.38173405           0.54722199
          12.40667183           0.25454063
          12.43160924           0.12184755
          12.45654665           0.45026418
          12.48148443           0.44265460
          12.50642184           0.25220286
          12.53135925           1.10161754
          12.55629704           1.92579488
          12.58123482           1.99115669
          12.60617186           1.82395610
          12.63110889           2.36623826
          12.65604668           1.89159213
          12.68098446           0.38707679
          12.70592224           0.07446087
          12.73086002           0.40172168
          12.75579706           1.10985007
          12.78073410           2.18993891
          12.80567188           2.18366845
          12.83060966           1.68869250
          12.85554744           0.55145104
          12.88048522           0.04239087
          12.90542226           0.02799106
          12.93035930           0.35599337
          12.95529708           0.98838507
          12.98023486           0.75236869
          13.00517264           0.93086063
          13.03011043           1.26090843
          13.05504746           1.60570203
          13.07998450           1.39490791
          13.10492228           1.89271560
          13.12986007           1.45232302
          13.15479785           0.61015016
          13.17973563           1.01207011
          13.20467267           1.06098377
          13.22960971           1.17084377
          13.25454749           1.49095243
          13.27948527           0.59067093
          13.30442305           0.05132136
          13.32936083           0.00215809
          13.35429787           0.05912191
          13.37923491           0.67051016
          13.40417269           1.98693967
          13.42911047           2.08361142
          13.45404825           1.24846280
          13.47898604           0.61963414
          13.50392307           0.24458062
          13.52886011           0.57404654
          13.55379789           0.88401584
          13.57873567           0.36316214
          13.60367346           0.56238524
          13.62861124           0.88340307
          13.65354828           0.49944295
          13.67848531           1.57107767
          13.70342310           2.60616257
          13.72836088           0.94751709
          13.75329866           0.07442227
          13.77823644           0.00140759
          13.80317348           0.01222781
          13.82811052           0.21458644
          13.85304830           0.80094664
          13.87798608           0.75530580
          13.90292386           0.85241400
          13.92786164           1.67213717
          13.95279868           2.82022422
          13.97773572           2.16367494
          14.00267350           1.36476564
          14.02761128           0.86947203
          14.05254907           1.60370067
          14.07748685           2.26156972
          14.10242389           1.85542869
          14.12736092           2.08182148
          14.15229871           1.42486384
          14.17723649           0.33206170
          14.20217427           0.21745593
          14.22711205           0.15252153
          14.25204909           0.56196070
          14.27698613           1.45089443
          14.30192391           1.19525392
          14.32686169           1.41702457
          14.35179947           2.33277371
          14.37673651           1.93275584
          14.40167355           1.44864778
          14.42661133           1.23040489
          14.45154911           0.57239652
          14.47648689           0.07088720
          14.50142467           0.01366239
          14.52636171           0.14941375
          14.55129875           0.46109919
          14.57623653           0.65253496
          14.60117431           0.79755182
          14.62611210           1.36879434
          14.65104988           1.41433493
          14.67598692           0.77635159
          14.70092395           0.78392681
          14.72586174           0.51708532
          14.75079952           1.10907146
          14.77573730           1.48252628
          14.80067508           1.44346234
          14.82561212           0.84090203
          14.85054916           0.34358683
          14.87548694           0.87176156
          14.90042472           1.49629635
          14.92536250           0.78373178
          14.95030028           1.39182107
          14.97523732           1.69502386
          15.00017436           0.56958700
          15.02511214           0.38288067
          15.05004992           0.26516001
          15.07498771           0.52646401
          15.09992549           1.92556669
          15.12486252           2.09394143
          15.14979956           1.28838878
          15.17473734           1.35685109
          15.19967513           1.41843499
          15.22461291           1.33141629
          15.24955069           1.53605272
          15.27448773           0.95489317
          15.29942477           0.93603507
          15.32436255           1.25675138
          15.34930033           2.42940702
          15.37423811           2.78564678
          15.39917589           1.64044456
          15.42411293           0.53196244
          15.44904997           0.05696101
          15.47398775           0.14007748
          15.49892553           0.60628991
          15.52386331           0.68956547
          15.54880110           0.70798132
          15.57373813           0.54547950
          15.59867517           0.18122212
          15.62361295           0.17551091
          15.64855074           0.08420850
          15.67348852           0.14440359
          15.69842630           0.64922026
          15.72336334           1.15136634
          15.74830038           1.28342492
          15.77323816           0.77060832
          15.79817594           0.34188389
          15.82311372           0.33115899
          15.84805150           0.38200925
          15.87298854           1.27518647
          15.89792558           1.45877434
          15.92286336           1.24594743
          15.94780114           1.81617803
          15.97273892           1.21727614
          15.99767670           0.66625105
          16.02261374           0.35443068
          16.04755078           0.74783737
          16.07248856           1.29919916
          16.09742634           0.80134589
          16.12236413           1.48081997
          16.14730191           1.89487299
          16.17223895           1.29470408
          16.19717598           0.83730549
          16.22211377           0.62300938
          16.24705155           0.66403755
          16.27198933           0.94503812
          16.29692711           0.71009575
          16.32186415           0.95159951
          16.34680119           1.36827246
          16.37173897           1.82310691
          16.39667675           1.79482354
          16.42161453           1.04614550
          16.44655231           1.43001873
          16.47148935           1.33371944
          16.49642639           0.46281271
          16.52136417           0.04775775
          16.54630195           0.00145796
          16.57123974           0.01679598
          16.59617752           0.21763225
          16.62111456           0.60092844
          16.64605159           0.47787122
          16.67098937           0.84638284
          16.69592716           1.75929415
          16.72086494           2.30867094
          16.74580198           1.99086056
          16.77073901           1.31669247
          16.79567680           0.60800323
          16.82061458           0.53910540
          16.84555236           1.32952820
          16.87049014           2.34162005
          16.89542718           1.00491818
          16.92036422           0.34561076
          16.94530200           0.32157061
          16.97023978           0.80558543
          16.99517756           1.26360620
          17.02011534           0.62350201
          17.04505238           0.57431933
          17.06998942           0.93441856
          17.09492720           0.58309753
          17.11986498           0.27387276
          17.14480277           1.42936757
          17.16974055           2.49369445
          17.19467759           1.65221587
          17.21961462           1.77445446
          17.24455241           1.01088553
          17.26949019           0.57788023
          17.29442797           0.45671457
          17.31936575           0.25634732
          17.34430279           0.68228240
          17.36923983           1.02229673
          17.39417761           1.14845057
          17.41911539           0.71135008
          17.44405317           1.09448977
          17.46899095           1.70091897
          17.49392799           1.79622256
          17.51886503           2.29925240
          17.54380281           1.84378235
          17.56874059           1.70201754
          17.59367837           1.37624613
          17.61861616           0.59789687
          17.64355319           0.14704954
          17.66849023           0.65702755
          17.69342801           1.51061198
          17.71836580           1.34355795
          17.74330358           1.43323082
          17.76824136           1.27275026
          17.79317840           0.73426205
          17.81811544           0.35072596
          17.84305322           0.83671064
          17.86799100           0.97099393
          17.89292878           0.68674486
          17.91786656           0.78782253
          17.94280360           0.46344009
          17.96774064           0.54357972
          17.99267842           0.46782463
          18.01761620           0.97433263
          18.04255398           1.51891522
          18.06749177           1.74019391
          18.09242880           1.71829715
          18.11736584           1.11075953
          18.14230362           0.47037014
          18.16724140           0.50937294
          18.19217919           0.89907650
          18.21711697           0.57234438
          18.24205401           0.53665650
          18.26699104           0.35146144
          18.29192883           0.53268659
          18.31686661           0.83572376
          18.34180439           1.09918731
          18.36674217           1.20365551
          18.39167921           0.68240963
          18.41661625           0.89931615
          18.44155403           1.36924267
          18.46649181           1.97299718
          18.49142959           1.78549207
          18.51636737           1.78607379
          18.54130441           1.40655101
          18.56624145           0.99571861
          18.59117923           0.64983144
          18.61611701           0.30997996
          18.64105480           0.32634207
          18.66599258           0.91623935
          18.69092962           1.37705014
          18.71586665           0.92095916
          18.74080444           1.28994856
          18.76574222           1.57156351
          18.79068000           0.98037300
          18.81561778           0.48497616
          18.84055482           0.84107629
          18.86549186           1.07420414
          18.89042964           1.16610754
          18.91536742           1.30810285
          18.94030520           1.50868462
          18.96524298           1.49382314
          18.99018002           0.99826326
          19.01511706           1.02946674
          19.04005484           1.05837546
          19.06499262           1.30170161
          19.08993040           1.03836214
          19.11486744           0.54122493
          19.13980448           0.89906858
          19.16474226           1.65670375
          19.18968004           1.42284996
          19.21461783           1.86200801
          19.23955561           0.90637561
          19.26449265           0.09858974
          19.28942968           0.05336973
          19.31436747           0.32399142
          19.33930525           0.54881717
          19.36424303           0.68164008
          19.38918081           0.92457704
          19.41411785           0.73978577
          19.43905489           0.42365179
          19.46399267           0.88490100
          19.48893045           1.41290590
          19.51386823           1.62439479
          19.53880601           1.22065607
          19.56374305           0.26483195
          19.58868009           0.08807007
          19.61361787           0.65306136
          19.63855565           1.34240338
          19.66349344           1.01643359
          19.68843122           0.69489806
          19.71336825           0.57772553
          19.73830529           1.05607146
          19.76324307           0.86093658
          19.78818086           0.91781604
          19.81311864           0.79630651
          19.83805642           0.26054913
          19.86299346           0.39197663
          19.88793050           0.79251159
          19.91286828           0.92327685
          19.93780606           1.59617606
          19.96274384           1.49670407
          19.98768162           1.52616047
          20.01261866           1.22626467
          20.03755570           0.62032254
          20.06249348           0.77386000
          20.08743126           1.57541014
          20.11236904           1.46928359
          20.13730683           2.08084020
          20.16224386           1.93018955
          20.18718090           1.00408383
          20.21211868           0.54218227
          20.23705647           1.01103169
          20.26199425           0.89082317
          20.28693203           0.58115989
          20.31186907           0.94305508
          20.33680611           1.11737444
          20.36174389           1.48833502
          20.38668167           2.12862660
          20.41161945           1.60656921
          20.43655723           1.23713885
          20.46149427           0.74909629
          20.48643131           0.29765487
          20.51136909           0.16358560
          20.53630687           0.36717347
          20.56124465           0.41646572
          20.58618243           0.28034074
          20.61111947           0.41374649
          20.63605651           0.97406056
          20.66099429           1.00596883
          20.68593207           1.12216739
          20.71086986           1.26378261
          20.73580764           1.75318571
          20.76074468           1.39051018
          20.78568171           0.88338816
          20.81061950           0.82572744
          20.83555728           1.03499475
          20.86049506           0.83220559
          20.88543284           1.05238460
          20.91036988           1.02615879
          20.93530692           0.73122061
          20.96024470           1.50010556
          20.98518248           1.93292360
          21.01012026           1.72795023
          21.03505804           1.38692810
          21.05999508           0.49369918
          21.08493212           0.38700353
          21.10986990           1.19313113
          21.13480768           1.79827163
          21.15974547           2.03967904
          21.18468325           2.22381032
          21.20962029           1.91230273
          21.23455732           0.99461433
          21.25949510           0.38513026
          21.28443289           0.81898391
          21.30937067           1.05867666
          21.33430845           0.42963488
          21.35924549           0.05634432
          21.38418253           0.14656999
          21.40912031           0.51333015
          21.43405809           1.06331748
          21.45899587           1.45902607
          21.48393291           0.92690342
          21.50886995           0.53443157
          21.53380773           1.29318323
          21.55874551           1.52645548
          21.58368329           1.15210791
          21.60862107           0.82947032
          21.63355811           0.53236556
          21.65849515           0.68609090
          21.68343293           1.25188791
          21.70837071           0.94064053
          21.73330850           0.54259355
          21.75824628           0.53366809
          21.78318332           0.45846134
          21.80812035           1.50153182
          21.83305814           1.86720318
          21.85799592           1.29211412
          21.88293370           0.83914394
          21.90787148           0.21848468
          21.93280852           0.50689684
          21.95774556           1.80065113
          21.98268334           1.63912477
          22.00762112           0.64064341
          22.03255890           0.52223607
          22.05749668           0.93691524
          22.08243372           0.98532902
          22.10737076           1.11458296
          22.13230854           1.25018722
          22.15724632           0.98332406
          22.18218410           0.41757152
          22.20712189           0.50167635
          22.23205892           1.05940563
          22.25699596           1.21587332
          22.28193374           1.54225799
          22.30687153           1.41099224
          22.33180931           1.08266703
          22.35674709           0.91488727
          22.38168413           1.11969215
          22.40662117           1.32669547
          22.43155895           1.58458362
          22.45649673           1.44283423
          22.48143451           1.28473099
          22.50637229           1.37080916
          22.53130933           1.32021289
          22.55624637           1.71316658
          22.58118415           1.20042432
          22.60612193           0.24693051
          22.63105971           0.01214743
          22.65599750           0.00083770
          22.68093453           0.02732346
          22.70587157           0.22642016
          22.73080935           0.42745239
          22.75574713           0.49971927
          22.78068492           1.14043353
          22.80562270           1.45898905
          22.83055974           1.04096474
          22.85549677           1.02046888
          22.88043456           1.17566303
          22.90537234           1.10140914
          22.93031012           1.05485240
          22.95524790           1.25997442
          22.98018494           0.60124833
          23.00512198           0.34810086
          23.03005976           1.18787762
          23.05499754           1.41489617
          23.07993532           1.24488616
          23.10487310           1.30990537
          23.12981014           0.78712785
          23.15474718           0.77192812
          23.17968496           1.03648632
          23.20462274           1.33841379
          23.22956053           1.11244934
          23.25449831           0.67087088
          23.27943535           0.68380790
          23.30437238           0.99799062
          23.32931017           0.67034526
          23.35424795           0.32499695
          23.37918573           0.28746633
          23.40412351           0.91256444
          23.42906055           1.70657353
          23.45399759           1.69447489
          23.47893537           1.90460099
          23.50387315           1.35918578
          23.52881093           0.83203350
          23.55374871           0.64965604
          23.57868575           0.66113880
          23.60362279           0.93200709
          23.62856057           0.96769898
          23.65349835           0.80502118
          23.67843613           1.76185023
          23.70337392           2.04407435
          23.72831095           1.69998317
          23.75324799           0.95855908
          23.77818577           0.40911798
          23.80312356           0.99480765
          23.82806134           1.31494555
          23.85299838           0.91101928
          23.87793541           0.78828447
          23.90287320           0.49911489
          23.92781098           0.60397652
          23.95274876           1.19905038
          23.97768654           1.13725196
          24.00262358           0.95997366
          24.02756062           0.77610414
          24.05249840           0.78020569
          24.07743618           0.74752825
          24.10237396           0.71568058
          24.12731174           0.85315889
          24.15224878           0.59679034
          24.17718582           1.10432261
          24.20212360           1.45155076
          24.22706138           1.60888894
          24.25199917           1.40002532
          24.27693695           0.58653139
          24.30187398           0.75615639
          24.32681102           1.36155638
          24.35174880           1.09944131
          24.37668659           1.10561961
          24.40162437           1.59192010
          24.42656215           1.18673512
          24.45149919           1.20471740
          24.47643623           1.90889231
          24.50137401           1.48182021
          24.52631179           0.41748179
          24.55124957           0.27185358
          24.57618735           0.64292895
          24.60112439           0.97581698
          24.62606143           1.18727107
          24.65099921           1.16775037
          24.67593699           0.95794598
          24.70087477           0.62827239
          24.72581256           0.58965861
          24.75074959           0.71506342
          24.77568663           0.34400771
          24.80062441           0.36862661
          24.82556220           0.90346878
          24.85049998           1.44089440
          24.87543776           1.17324434
          24.90037480           0.83630947
          24.92531184           1.56985577
          24.95024962           1.90002065
          24.97518740           2.12862094
          25.00012518           1.42689874
          25.02506296           0.78081279
          25.05000000           1.27472242
          25.07493778           1.36274093
          25.09987556           1.17190334
          25.12481186           1.09817693
          25.14974964           1.11274888
          25.17468742           1.20824624
          25.19962520           0.71572597
          25.22456298           0.53362295
          25.24950077           0.50855660
          25.27443855           0.77765057
          25.29937484           1.20563604
          25.32431262           1.13738318
          25.34925041           0.81387554
          25.37418819           0.31651468
          25.39912597           0.41157408
          25.42406226           0.70815697
          25.44900005           1.26420315
          25.47393783           1.58209433
          25.49887561           1.12366015
          25.52381339           1.14095869
          25.54875117           0.97515794
          25.57368895           0.82008759
          25.59862525           0.67869270
          25.62356303           0.56758982
          25.64850081           0.90196538
          25.67343859           1.02982678
          25.69837638           0.88701933
          25.72331267           0.51219977
          25.74825045           0.77549253
          25.77318823           1.43098317
          25.79812602           1.15756598
          25.82306380           0.99043760
          25.84800158           1.09528559
          25.87293936           1.08706233
          25.89787565           1.40230652
          25.92281344           1.78209268
          25.94775122           1.02554603
          25.97268900           0.50586030
          25.99762678           1.07798319
          26.02256308           1.44234527
          26.04750086           1.30139847
          26.07243864           0.71262108
          26.09737642           0.55878297
          26.12231420           0.91656780
          26.14725198           0.94115297
          26.17218977           0.90665690
          26.19712606           0.70827069
          26.22206384           0.91989683
          26.24700162           0.98091158
          26.27193941           0.88987370
          26.29687719           0.70184390
          26.32181348           0.32669721
          26.34675126           0.29202107
          26.37168905           0.36909374
          26.39662683           0.52149432
          26.42156461           0.61156147
          26.44650090           1.09298641
          26.47143869           1.74311674
          26.49637647           1.86528294
          26.52131425           1.85517598
          26.54625203           1.16609328
          26.57118981           0.83654290
          26.59612759           1.18057290
          26.62106389           1.40254723
          26.64600167           0.59436799
          26.67093945           0.22298640
          26.69587723           0.47716607
          26.72081501           0.74154301
          26.74575131           0.83123750
          26.77068909           0.97389652
          26.79562687           1.62003506
          26.82056465           1.93003352
          26.84550244           1.37893830
          26.87044022           0.97975028
          26.89537800           0.97721881
          26.92031429           0.88469867
          26.94525208           0.59560569
          26.97018986           0.37873482
          26.99512764           0.62788694
          27.02006542           1.36513590
          27.04500172           1.43178338
          27.06993950           1.63917827
          27.09487728           1.24246763
          27.11981506           0.77184290
          27.14475284           1.11564277
          27.16969062           1.30557239
          27.19462841           1.16421874
          27.21956470           0.94483325
          27.24450248           1.22241165
          27.26944026           1.23192658
          27.29437805           1.54426575
          27.31931583           0.99528621
          27.34425212           0.53830832
          27.36918990           1.01801745
          27.39412768           1.36759147
          27.41906547           1.29480279
          27.44400325           0.80040651
          27.46894103           0.41518685
          27.49387881           0.76103197
          27.51881511           1.09312205
          27.54375289           0.75315816
          27.56869067           0.80611789
          27.59362845           0.84439144
          27.61856623           0.60567802
          27.64350253           0.51924135
          27.66844031           0.65705814
          27.69337809           1.14234537
          27.71831587           1.48469369
          27.74325365           1.20175030
          27.76819144           0.78997983
          27.79312922           1.55919191
          27.81806551           1.59949576
          27.84300329           1.10713041
          27.86794108           0.91316197
          27.89287886           1.27299367
          27.91781664           1.76063939
          27.94275293           1.23657370
          27.96769072           0.49763394
          27.99262850           0.48425059
          28.01756628           1.12049790
          28.04250406           1.06935751
          28.06744184           0.51971502
          28.09237962           0.37157719
          28.11731592           0.70652301
          28.14225370           1.51151394
          28.16719148           1.83165972
          28.19212926           1.19637110
          28.21706704           1.00844620
          28.24200334           0.97734342
          28.26694112           0.91853943
          28.29187890           0.77184805
          28.31681668           0.85901241
          28.34175447           1.38283871
          28.36669225           1.56106975
          28.39163003           1.12736351
          28.41656632           0.54475045
          28.44150411           0.95954767
          28.46644189           1.07266371
          28.49137967           0.88641733
          28.51631745           0.90014796
          28.54125375           0.76636000
          28.56619153           1.06765440
          28.59112931           1.33597952
          28.61606709           0.83818981
          28.64100487           0.38964509
          28.66594117           0.49880688
          28.69087895           0.95712367
          28.71581673           1.20947583
          28.74075451           0.90261468
          28.76569229           0.81550675
          28.79063008           1.02924166
          28.81556786           1.17771093
          28.84050415           0.99347860
          28.86544193           1.01488908
          28.89037971           1.14568576
          28.91531750           0.95209739
          28.94025528           0.51954104
          28.96519157           0.87960654
          28.99012935           1.34832399
          29.01506714           1.47103801
          29.04000492           0.87563547
          29.06494270           1.05424849
          29.08988048           1.39912001
          29.11481826           1.09627590
          29.13975456           1.29995906
          29.16469234           1.58004325
          29.18963012           1.49166461
          29.21456790           1.21299307
          29.23950568           0.70853439
          29.26444198           0.68516682
          29.28937976           1.05750882
          29.31431754           0.77587095
          29.33925532           0.59780839
          29.36419311           0.50462673
          29.38913089           0.90386077
          29.41406867           1.23261681
          29.43900496           1.00342293
          29.46394275           0.77053727
          29.48888053           1.12921520
          29.51381831           1.32257437
          29.53875609           1.14348603
          29.56369238           0.47662512
          29.58863017           0.27289413
          29.61356795           0.40884241
          29.63850573           0.52609967
          29.66344351           0.50168544
          29.68838129           0.88518148
          29.71331908           1.12329734
          29.73825537           1.05832209
          29.76319315           1.22665559
          29.78813093           1.64219246
          29.81306871           1.38404032
          29.83800650           1.19849151
          29.86294279           0.74695874
          29.88788057           0.75332271
          29.91281835           1.08442913
          29.93775614           1.06041756
          29.96269392           0.61872895
          29.98763170           0.53549583
          30.01256948           1.16599631
          30.03750578           1.51937059
          30.06244356           1.07166252
          30.08738134           1.24382698
          30.11231912           1.38132307
          30.13725690           0.70108507
          30.16219320           0.36059169
          30.18713098           0.92199389
          30.21206876           1.71076365
          30.23700654           1.97854813
          30.26194432           1.21255941
          30.28688211           0.84666495
          30.31181989           0.86730297
          30.33675618           0.60885656
          30.36169396           0.41075329
          30.38663175           0.57174591
          30.41156953           0.90497030
          30.43650731           1.02337659
          30.46144360           0.52181182
          30.48638138           0.61290128
          30.51131917           0.99184831
          30.53625695           1.16456115
          30.56119473           1.35433194
          30.58613251           1.23517596
          30.61107029           0.77987929
          30.63600659           0.70932402
          30.66094437           0.99092104
          30.68588215           1.07238333
          30.71081993           1.12556535
          30.73575771           1.45152561
          30.76069401           1.23646970
          30.78563179           1.21783077
          30.81056957           1.19594035
          30.83550735           1.16129713
          30.86044514           0.89963188
          30.88538292           1.23934435
          30.91032070           1.36643080
          30.93525699           1.13304359
          30.96019478           1.28597104
          30.98513256           1.31194021
          31.01007034           1.37643935
          31.03500812           1.01837576
          31.05994442           0.57573550
          31.08488220           0.76928935
          31.10981998           0.82255314
          31.13475776           0.92119546
          31.15969554           0.94735316
          31.18463184           1.02724767
          31.20956962           0.98738737
          31.23450740           0.77617578
          31.25944518           0.49999619
          31.28438296           0.73718587
          31.30932074           1.02777298
          31.33425853           1.10116881
          31.35919482           1.22974614
          31.38413260           1.54824902
          31.40907038           1.83512946
          31.43400817           1.71743236
          31.45894595           1.33295371
          31.48388224           1.45466112
          31.50882002           1.20039738
          31.53375781           0.92913145
          31.55869559           0.80000416
          31.58363337           0.61417548
          31.60857115           0.54287845
          31.63350893           0.36449826
          31.65844523           0.31867292
          31.68338301           0.59675051
          31.70832079           0.62491128
          31.73325857           0.77601995
          31.75819635           1.24629624
          31.78313265           1.27365971
          31.80807043           1.21181126
          31.83300821           1.36565749
          31.85794599           1.81037470
          31.88288378           1.13431046
          31.90782156           0.59781382
          31.93275934           0.59832732
          31.95769563           1.01453016
          31.98263341           1.13463812
          32.00757120           0.67394049
          32.03250898           0.51304561
          32.05744676           0.76880220
          32.08238305           0.67594986
          32.10732084           1.03117558
          32.13225862           1.37561315
          32.15719640           1.50402736
          32.18213418           1.43450081
          32.20707196           0.68302071
          32.23200974           0.42384748
          32.25694604           1.04849586
          32.28188382           1.29778182
          32.30682160           0.97115096
          32.33175938           1.19193448
          32.35669717           1.35906432
          32.38163346           1.03669182
          32.40657124           0.71029386
          32.43150902           0.71373849
          32.45644681           0.41787911
          32.48138459           0.33309602
          32.50632237           0.61347203
          32.53126015           1.14808257
          32.55619645           1.15566171
          32.58113423           0.93681200
          32.60607201           1.22866400
          32.63100979           1.07327531
          32.65594757           1.09091919
          32.68088387           1.34603800
          32.70582165           1.44285236
          32.73075943           1.56167134
          32.75569721           1.19911144
          32.78063499           0.98242540
          32.80557278           0.98573087
          32.83051056           0.68440124
          32.85544685           0.69687481
          32.88038463           0.88214366
          32.90532241           1.27913202
          32.93026020           1.50461147
          32.95519798           1.22807938
          32.98013427           0.78991480
          33.00507205           0.41858543
          33.03000984           0.66330020
          33.05494762           1.24167516
          33.07988540           1.17461738
          33.10482318           0.94083468
          33.12976096           0.63761292
          33.15469726           0.78193353
          33.17963504           1.07662501
          33.20457282           0.98086372
          33.22951060           1.01085060
          33.25444838           1.09041825
          33.27938468           1.11395082
          33.30432246           0.73452776
          33.32926024           0.76099329
          33.35419802           1.08653763
          33.37913581           0.90989577
          33.40407210           0.67277978
          33.42900988           0.70472339
          33.45394766           0.69263420
          33.47888544           0.69057327
          33.50382323           0.95342935
          33.52876101           1.26340487
          33.55369879           1.30490200
          33.57863508           1.21372177
          33.60357287           1.15749130
          33.62851065           1.19161185
          33.65344843           1.20669229
          33.67838621           0.88583110
          33.70332251           1.14267492
          33.72826029           1.53758183
          33.75319807           1.50978822
          33.77813585           1.14849418
          33.80307363           0.91788167
          33.82801141           0.71243097
          33.85294920           0.46931531
          33.87788549           0.47173839
          33.90282327           0.56981512
          33.92776105           0.62253051
          33.95269884           0.94791743
          33.97763662           1.38231252
          34.00257291           1.48223819
          34.02751069           1.10707655
          34.05244848           1.34393767
          34.07738626           1.26037670
          34.10232404           1.03746981
          34.12726182           1.19294877
          34.15219960           1.21861014
          34.17713590           1.12822359
          34.20207368           0.95294450
          34.22701146           1.02721033
          34.25194924           1.35218011
          34.27688702           1.10452156
          34.30182332           1.10663111
          34.32676110           1.13209439
          34.35169888           0.81512446
          34.37663666           0.47626742
          34.40157444           0.60828577
          34.42651223           1.02067505
          34.45145001           1.05604051
          34.47638630           0.86536137
          34.50132408           0.44672614
          34.52626187           0.33635947
          34.55119965           0.53156944
          34.57613743           0.91511331
          34.60107372           1.02462762
          34.62601151           0.86192414
          34.65094929           0.94924913
          34.67588707           1.20022042
          34.70082485           1.51894936
          34.72576263           1.43365107
          34.75070041           1.47349596
          34.77563671           1.65121697
          34.80057449           1.03735976
          34.82551227           0.95429619
          34.85045005           1.31529477
          34.87538784           1.60707551
          34.90032413           1.14674115
          34.92526191           0.78216208
          34.95019969           0.86662850
          34.97513748           0.90222458
          35.00007526           1.10367248
          35.02501304           1.53873167
          35.04995082           1.56854200
          35.07488711           1.28336326
          35.09982490           0.80999403
          35.12476268           0.67920198
          35.14970046           0.83092159
          35.17463824           1.06585240
          35.19957454           1.07543379
          35.22451232           0.83734738
          35.24945010           0.59381808
          35.27438788           0.57485336
          35.29932566           0.65184975
          35.32426344           0.85469342
          35.34920123           1.31121418
          35.37413752           1.22687362
          35.39907530           1.08098586
          35.42401308           0.76576245
          35.44895087           0.77496431
          35.47388865           0.85576977
          35.49882494           0.81016891
          35.52376272           0.89914982
          35.54870051           0.90653572
          35.57363829           0.83629726
          35.59857607           0.83133602
          35.62351385           1.17143588
          35.64845163           0.82229394
          35.67338793           0.61147660
          35.69832571           0.89786978
          35.72326349           1.07757091
          35.74820127           1.09810473
          35.77313905           0.85627295
          35.79807535           1.04442243
          35.82301313           1.20925489
          35.84795091           1.20305344
          35.87288869           1.20439681
          35.89782647           1.30672386
          35.92276277           1.07397396
          35.94770055           0.85093909
          35.97263833           1.13264719
          35.99757611           1.27838209
          36.02251390           0.86487407
          36.04745168           0.71168061
          36.07238946           0.78588367
          36.09732575           1.13253311
          36.12226354           1.55345922
          36.14720132           1.35473098
          36.17213910           0.98524315
          36.19707688           1.00555538
          36.22201318           1.06997670
          36.24695096           0.98287107
          36.27188874           0.79034654
          36.29682652           0.91297049
          36.32176430           0.77307799
          36.34670208           0.66442637
          36.37163987           0.98941065
          36.39657616           1.29014619
          36.42151394           0.96957149
          36.44645172           0.73549088
          36.47138951           0.96161692
          36.49632729           0.76437382
          36.52126358           0.57073741
          36.54620136           0.65917362
          36.57113914           0.72197506
          36.59607693           0.65633255
          36.62101471           0.80945058
          36.64595249           0.72494456
          36.67089027           0.74033812
          36.69582657           1.26528305
          36.72076435           1.46288091
          36.74570213           1.18406606
          36.77063991           0.77154009
          36.79557769           0.95683024
          36.82051399           0.92629628
          36.84545177           1.20031869
          36.87038955           1.23936292
          36.89532733           1.00475497
          36.92026511           0.93611739
          36.94520290           0.82454096
          36.97014068           0.95129880
          36.99507697           1.08399978
          37.02001475           1.19123298
          37.04495254           1.37448178
          37.06989032           1.45134828
          37.09482810           1.05501705
          37.11976439           0.89638952
          37.14470218           0.97614895
          37.16963996           1.07372842
          37.19457774           1.16526963
          37.21951552           1.36581142
          37.24445330           1.10915128
          37.26939108           0.98708863
          37.29432738           1.14503031
          37.31926516           0.75841465
          37.34420294           1.20518436
          37.36914072           1.65853704
          37.39407851           1.30016980
          37.41901480           0.92181699
          37.44395258           0.79601814
          37.46889036           0.71340544
          37.49382814           0.82333378
          37.51876593           1.16378198
          37.54370371           1.11461731
          37.56864149           0.98288946
          37.59357778           0.94378459
          37.61851557           0.94681418
          37.64345335           0.80272536
          37.66839113           0.77784935
          37.69332891           0.70562501
          37.71826521           0.81651564
          37.74320299           1.08374044
          37.76814077           1.27207183
          37.79307855           1.26111126
          37.81801633           1.35553020
          37.84295411           1.26546428
          37.86789190           1.08351344
          37.89282819           1.00043769
          37.91776597           1.09382662
          37.94270375           0.95575310
          37.96764154           0.53389535
          37.99257932           0.68326260
          38.01751561           1.01639752
          38.04245339           0.67778826
          38.06739118           0.59159494
          38.09232896           0.75632816
          38.11726674           0.78922321
          38.14220303           0.87201475
          38.16714081           1.09894770
          38.19207860           1.03293667
          38.21701638           0.79798841
          38.24195416           1.26138800
          38.26689194           1.65893032
          38.29182972           1.47139782
          38.31676602           1.49711149
          38.34170380           1.49601880
          38.36664158           1.12358917
          38.39157936           0.72057373
          38.41651714           0.84867418
          38.44145344           0.93711086
          38.46639122           0.84505594
          38.49132900           0.65107189
          38.51626678           0.57303255
          38.54120457           0.72617535
          38.56614235           0.86632824
          38.59108013           0.76880861
          38.61601642           1.04415313
          38.64095421           1.49885253
          38.66589199           1.48834598
          38.69082977           1.23969631
          38.71576755           1.27984054
          38.74070385           0.96662029
          38.76564163           0.94280996
          38.79057941           1.20425979
          38.81551719           0.89601012
          38.84045497           0.61463795
          38.86539275           0.79880253
          38.89033054           0.85840922
          38.91526683           0.73870379
          38.94020461           1.05243277
          38.96514239           1.32454871
          38.99008017           1.34742910
          39.01501796           1.24091843
          39.03995425           1.08405359
          39.06489203           0.99714250
          39.08982981           1.07926334
          39.11476760           1.05265445
          39.13970538           0.94352310
          39.16464316           0.55388256
          39.18958094           0.62494329
          39.21451724           0.90592892
          39.23945502           1.30656906
          39.26439280           1.16869019
          39.28933058           0.64749645
          39.31426836           0.59677827
          39.33920466           0.97711926
          39.36414244           1.10506972
          39.38908022           0.75648432
          39.41401800           0.64488958
          39.43895578           0.82000949
          39.46389357           0.90230442
          39.48883135           1.19162340
          39.51376764           1.01191320
          39.53870542           1.07627009
          39.56364321           1.62054024
          39.58858099           1.54381519
          39.61351877           1.02620152
          39.63845506           0.87706614
          39.66339284           0.90478367
          39.68833063           0.85166556
          39.71326841           1.06911037
          39.73820619           1.26325197
          39.76314397           1.19411526
          39.78808175           0.95383131
          39.81301805           0.63895762
          39.83795583           0.44655445
          39.86289361           0.79192769
          39.88783139           1.24608134
          39.91276917           1.25255156
          39.93770547           1.01615991
          39.96264325           0.95456919
          39.98758103           0.96821073
          40.01251881           0.87461207
          40.03745660           0.57148052
          40.06239438           0.57189989
          40.08733216           0.99314829
          40.11226845           1.20933476
          40.13720624           1.20640319
          40.16214402           1.52764297
          40.18708180           1.28548456
          40.21201958           0.89571466
          40.23695588           0.70710694
          40.26189366           0.91805724
          40.28683144           0.89110888
          40.31176922           0.74583004
          40.33670700           0.77617061
          40.36164478           0.69681862
          40.38658257           0.77864096
          40.41151886           0.74603619
          40.43645664           0.60027321
          40.46139442           0.93133042
          40.48633220           1.39026249
          40.51126999           1.33266589
          40.53620628           1.22199026
          40.56114406           1.07585995
          40.58608184           0.78973764
          40.61101963           1.03023541
          40.63595741           1.25234647
          40.66089370           1.02871242
          40.68583148           0.84096662
          40.71076927           1.06811962
          40.73570705           1.18753804
          40.76064483           1.23285844
          40.78558261           1.42543576
          40.81052039           1.25359967
          40.83545669           1.13660857
          40.86039447           1.11899494
          40.88533225           1.38926027
          40.91027003           1.60188888
          40.93520781           1.23484274
          40.96014411           0.92335026
          40.98508189           0.69677588
          41.01001967           0.73671524
          41.03495745           0.75361647
          41.05989524           0.83739599
          41.08483302           1.24163185
          41.10977080           1.19334998
          41.13470709           0.96489468
          41.15964487           0.93460180
          41.18458266           0.87030009
          41.20952044           1.08715706
          41.23445822           1.14900230
          41.25939451           0.99635629
          41.28433230           1.01207402
          41.30927008           0.82813647
          41.33420786           0.73252229
          41.35914564           0.91163553
          41.38408342           1.03430172
          41.40902120           1.05643321
          41.43395750           1.07303437
          41.45889528           1.13077270
          41.48383306           1.10921501
          41.50877084           0.94037788
          41.53370863           0.50682110
          41.55864492           0.50075989
          41.58358270           0.80256513
          41.60852048           0.85492790
          41.63345827           0.89605956
          41.65839605           1.06242541
          41.68333383           1.15349475
          41.70827161           1.23668160
          41.73320791           1.25219951
          41.75814569           1.12761775
          41.78308347           1.21735941
          41.80802125           1.29877287
          41.83295903           1.05691245
          41.85789533           1.15399447
          41.88283311           1.08153201
          41.90777089           0.76524417
          41.93270867           1.13160263
          41.95764645           1.34508943
          41.98258424           1.09619456
          42.00752202           0.74006920
          42.03245831           1.03987249
          42.05739609           1.14151518
          42.08233387           0.89896135
          42.10727166           0.93639374
          42.13220944           1.06127551
          42.15714573           1.20841885
          42.18208351           1.14608568
          42.20702130           0.90259990
          42.23195908           0.83970835
          42.25689686           0.71335072
          42.28183464           0.58945940
          42.30677242           0.75105602
          42.33170872           0.89608545
          42.35664650           1.10811045
          42.38158428           1.09142788
          42.40652206           1.05490835
          42.43145984           1.10668424
          42.45639614           1.06536725
          42.48133392           1.04020935
          42.50627170           0.82724331
          42.53120948           0.80721900
          42.55614727           0.95841642
          42.58108505           1.07311290
          42.60602283           0.86627080
          42.63095912           0.74284345
          42.65589691           1.03244581
          42.68083469           1.15588467
          42.70577247           0.82867880
          42.73071025           0.73369145
          42.75564654           0.68677821
          42.78058433           0.95228524
          42.80552211           1.35618831
          42.83045989           1.32546176
          42.85539767           1.00642817
          42.88033397           1.01877860
          42.90527175           0.86285614
          42.93020953           0.72498893
          42.95514731           0.70502633
          42.98008509           0.68087813
          43.00502287           0.80188487
          43.02996066           1.03512726
          43.05489695           1.05502015
          43.07983473           1.34393153
          43.10477251           1.35113727
          43.12971030           1.09325994
          43.15464808           1.19454653
          43.17958437           1.21626374
          43.20452215           1.34638508
          43.22945994           1.10916977
          43.25439772           0.76173201
          43.27933550           0.69648561
          43.30427328           0.80946401
          43.32921106           0.92154334
          43.35414736           1.37230524
          43.37908514           1.37518232
          43.40402292           1.05394888
          43.42896070           0.88877101
          43.45389848           0.82867074
          43.47883478           0.89434709
          43.50377256           0.84971791
          43.52871034           0.76220683
          43.55364812           0.76786990
          43.57858590           1.05072567
          43.60352369           1.03284840
          43.62846147           1.14173662
          43.65339776           1.03605541
          43.67833554           0.77057553
          43.70327333           0.80251958
          43.72821111           1.10520449
          43.75314889           1.14056665
          43.77808518           0.83702430
          43.80302297           0.74812527
          43.82796075           1.07199189
          43.85289853           1.17634328
          43.87783631           0.93450563
          43.90277409           1.26127331
          43.92771187           1.58125788
          43.95264817           1.30651902
          43.97758595           1.15531956
          44.00252373           1.09750912
          44.02746151           1.08972195
          44.05239930           1.10640257
          44.07733559           0.89417722
          44.10227337           0.83028993
          44.12721115           0.83318137
          44.15214894           0.75976311
          44.17708672           0.67826833
          44.20202450           0.83148180
          44.22696228           0.93883053
          44.25189857           1.03180772
          44.27683636           1.13803717
          44.30177414           1.12914220
          44.32671192           0.98508633
          44.35164970           1.07074699
          44.37658600           1.14764231
          44.40152378           1.19509587
          44.42646156           0.89538738
          44.45139934           0.83926412
          44.47633712           1.19722764
          44.50127490           1.24414658
          44.52621269           1.22202493
          44.55114898           0.97360066
          44.57608676           0.51979269
          44.60102454           0.63140849
          44.62596233           0.76795147
          44.65090011           0.98658883
          44.67583640           1.02796908
          44.70077418           0.64975386
          44.72571197           1.01037957
          44.75064975           1.53602525
          44.77558753           1.30954444
          44.80052531           0.80671783
          44.82546309           1.01709109
          44.85039939           1.45172870
          44.87533717           1.36872155
          44.90027495           1.10762299
          44.92521273           0.86172546
          44.95015051           0.69383214
          44.97508681           0.82578684
          45.00002459           1.08053723
          45.02496237           0.87912325
          45.04990015           0.87055427
          45.07483793           1.09074451
          45.09977572           0.93951009
          45.12471350           1.28260543
          45.14964979           1.28674451
          45.17458757           0.91101443
          45.19952536           1.05679108
          45.22446314           1.14419323
          45.24940092           1.00256065
          45.27433721           1.16465330
          45.29927500           0.96766878
          45.32421278           0.84800282
          45.34915056           1.05209856
          45.37408834           0.87601035
          45.39902464           0.79480137
          45.42396242           0.84815102
          45.44890020           0.95824206
          45.47383798           0.94655469
          45.49877576           0.89829368
          45.52371354           1.01147328
          45.54865133           1.19103605
          45.57358762           1.20946756
          45.59852540           1.26799367
          45.62346318           1.17254604
          45.64840097           0.86528278
          45.67333875           0.74187183
          45.69827504           0.78573251
          45.72321282           1.04026752
          45.74815060           1.47319238
          45.77308839           1.24656713
          45.79802617           0.99576487
          45.82296395           0.99107295
          45.84790173           1.07066455
          45.87283803           1.05388277
          45.89777581           0.96295741
          45.92271359           0.86227775
          45.94765137           0.84553279
          45.97258915           0.88342976
          45.99752545           0.94444848
          46.02246323           0.91325332
          46.04740101           0.98427469
          46.07233879           1.04842695
          46.09727657           0.82752496
          46.12221436           0.65720857
          46.14715214           0.74436533
          46.17208843           0.88041233
          46.19702621           0.96651210
          46.22196400           0.98594884
          46.24690178           0.89794074
          46.27183956           0.82265762
          46.29677585           0.87164416
          46.32171364           1.00869368
          46.34665142           0.84155921
          46.37158920           0.67510633
          46.39652698           0.79759362
          46.42146476           1.07346783
          46.44640254           1.38881619
          46.47133884           1.12264814
          46.49627662           0.89881194
          46.52121440           1.06173860
          46.54615218           1.08597458
          46.57108997           1.03151304
          46.59602626           1.28612162
          46.62096404           1.23549614
          46.64590182           1.13668242
          46.67083960           1.05522723
          46.69577739           0.80010530
          46.72071517           0.82408708
          46.74565295           0.85874340
          46.77058924           0.74710798
          46.79552703           0.80380077
          46.82046481           1.06522228
          46.84540259           1.62678802
          46.87034037           1.47326583
          46.89527667           0.92362948
          46.92021445           0.87220448
          46.94515223           0.89404838
          46.97009001           0.70163863
          46.99502779           0.54987480
          47.01996557           0.74553646
          47.04490336           1.19701621
          47.06983965           0.96869576
          47.09477743           1.02116165
          47.11971521           1.12087580
          47.14465300           1.11523108
          47.16959078           1.28410247
          47.19452707           1.18303869
          47.21946485           1.13019277
          47.24440264           1.01096640
          47.26934042           0.79610861
          47.29427820           0.87314445
          47.31921598           0.95241808
          47.34415376           1.14871723
          47.36909006           1.40764893
          47.39402784           1.22417540
          47.41896562           1.17047937
          47.44390340           1.00523296
          47.46884118           0.85728299
          47.49377748           0.90131189
          47.51871526           0.88651577
          47.54365304           0.91745291
          47.56859082           1.08718430
          47.59352860           0.95873381
          47.61846490           0.90773143
          47.64340268           1.01901402
          47.66834046           1.10888944
          47.69327824           1.08397567
          47.71821603           0.96534934
          47.74315381           0.94824407
          47.76809159           0.90438286
          47.79302788           1.05309802
          47.81796567           1.08698706
          47.84290345           0.88569393
          47.86784123           0.99502772
          47.89277901           1.15098542
          47.91771531           1.16929991
          47.94265309           1.12787781
          47.96759087           1.14985640
          47.99252865           1.30593956
          48.01746643           1.18970133
          48.04240421           0.98402353
          48.06734200           0.82450849
          48.09227829           0.87727418
          48.11721607           1.17478693
          48.14215385           1.29909670
          48.16709163           0.94655793
          48.19202942           0.88668640
          48.21696571           1.03200085
          48.24190349           0.99376450
          48.26684127           0.54990765
          48.29177906           0.39899222
          48.31671684           0.68754584
          48.34165462           0.92982530
          48.36659240           1.11998038
          48.39152870           1.06301664
          48.41646648           0.94931969
          48.44140426           1.01004153
          48.46634204           1.17594666
          48.49127982           1.06689735
          48.51621612           0.86940522
          48.54115390           0.92795594
          48.56609168           0.97964273
          48.59102946           0.67586866
          48.61596724           1.04215636
          48.64090503           1.36904023
          48.66584281           1.37967481
          48.69077910           1.35855889
          48.71571688           0.82973455
          48.74065467           0.59021686
          48.76559245           0.68117757
          48.79053023           1.10961251
          48.81546652           1.47326124
          48.84040430           1.21780419
          48.86534209           1.04315428
          48.89027987           0.73426841
          48.91521765           0.79141571
          48.94015543           1.29292750
          48.96509321           1.46775074
          48.99002951           1.18319042
          49.01496729           1.01600835
          49.03990507           0.98503614
          49.06484285           0.88160550
          49.08978063           0.44821414
          49.11471693           0.69427787
          49.13965471           1.03940183
          49.16459249           0.95679242
          49.18953027           1.03983679
          49.21446806           0.86954568
          49.23940584           0.85371022
          49.26434362           0.99698671
          49.28927991           1.11026023
          49.31421770           1.08311849
          49.33915548           1.10721861
          49.36409326           1.41375221
          49.38903104           1.27678609
          49.41396734           0.88928255
          49.43890512           0.78312388
          49.46384290           1.00190931
          49.48878068           1.05335807
          49.51371846           0.54228332
          49.53865624           0.45372071
          49.56359403           0.80525158
          49.58853032           1.01971777
          49.61346810           0.94933524
          49.63840588           1.07166801
          49.66334367           1.08100501
          49.68828145           0.80640928
          49.71321774           0.85570779
          49.73815552           1.11146263
          49.76309330           1.01643450
          49.78803109           1.08144550
          49.81296887           1.18532698
          49.83790665           1.51081081
          49.86284443           1.65604198
          49.88778073           1.20208091
          49.91271851           0.88226392
          49.93765629           0.97828034
          49.96259407           0.98794947
          49.98753185           0.80846360
