#  pair_distribution  output: pdf
           0.10497251           0.00000000
           0.11491754           0.00000000
           0.12486257           0.00000000
           0.13480760           0.00000000
           0.14475262           0.00000000
           0.15469765           0.00000000
           0.16464268           0.00000000
           0.17458771           0.00000000
           0.18453273           0.00000000
           0.19447776           0.00000000
           0.20442279           0.00000000
           0.21436782           0.00000000
           0.22431285           0.00000000
           0.23425787           0.00000000
           0.24420290           0.00000000
           0.25414793           0.00000000
           0.26409295           0.00000000
           0.27403798           0.00000000
           0.28398301           0.00000000
           0.29392804           0.00000000
           0.30387306           0.00000000
           0.31381809           0.00000000
           0.32376311           0.00000000
           0.33370815           0.00000000
           0.34365317           0.00000000
           0.35359820           0.00000000
           0.36354322           0.00000000
           0.37348825           0.00000000
           0.38343329           0.00000000
           0.39337831           0.00000000
           0.40332334           0.00000000
           0.41326837           0.00000000
           0.42321340           0.00000000
           0.43315841           0.00000000
           0.44310345           0.00000000
           0.45304848           0.00000000
           0.46299350           0.00000000
           0.47293853           0.00000000
           0.48288357           0.00000000
           0.49282858           0.00000000
           0.50277362           0.00000000
           0.51271865           0.00000000
           0.52266367           0.00000000
           0.53260869           0.00000000
           0.54255372           0.00000000
           0.55249875           0.00000000
           0.56244377           0.00000000
           0.57238881           0.00000000
           0.58233384           0.00000000
           0.59227886           0.00000000
           0.60222389           0.00000000
           0.61216893           0.00000000
           0.62211394           0.00000000
           0.63205896           0.00000000
           0.64200399           0.00000000
           0.65194903           0.00000000
           0.66189404           0.00000000
           0.67183908           0.00000000
           0.68178411           0.00000000
           0.69172913           0.00000000
           0.70167416           0.00000000
           0.71161920           0.00000000
           0.72156421           0.00000000
           0.73150925           0.00000000
           0.74145427           0.00000000
           0.75139928           0.00000000
           0.76134434           0.00000000
           0.77128935           0.00000000
           0.78123437           0.00000000
           0.79117942           0.00000000
           0.80112444           0.00000000
           0.81106945           0.00000000
           0.82101451           0.00000000
           0.83095952           0.00000000
           0.84090454           0.00000000
           0.85084959           0.00000000
           0.86079461           0.00000000
           0.87073962           0.00000000
           0.88068468           0.00000000
           0.89062969           0.00000000
           0.90057471           0.00000000
           0.91051976           0.00000000
           0.92046478           0.00000000
           0.93040980           0.00000000
           0.94035481           0.00000000
           0.95029983           0.00000000
           0.96024488           0.00000000
           0.97018990           0.00000000
           0.98013491           0.00000000
           0.99007997           0.00000000
           1.00002498           0.00000000
           1.00997000           0.00000000
           1.01991505           0.00000000
           1.02986007           0.00000000
           1.03980508           0.00000000
           1.04975014           0.00000000
           1.05969515           0.00000000
           1.06964017           0.00000000
           1.07958522           0.00000000
           1.08953024           0.00000000
           1.09947526           0.00000000
           1.10942031           0.00000000
           1.11936532           0.00000000
           1.12931034           0.00000000
           1.13925539           0.00000000
           1.14920041           0.00000000
           1.15914543           0.00000000
           1.16909044           0.00000000
           1.17903546           0.00000000
           1.18898051           0.00000000
           1.19892553           0.00000000
           1.20887054           0.00000000
           1.21881560           0.00000000
           1.22876061           0.00000000
           1.23870563           0.00000000
           1.24865068           0.00000000
           1.25859570           0.00000000
           1.26854072           0.00000000
           1.27848577           0.00000000
           1.28843079           0.00000001
           1.29837580           0.00000021
           1.30832085           0.00000386
           1.31826587           0.00005429
           1.32821089           0.00059707
           1.33815594           0.00512837
           1.34810096           0.03440343
           1.35804594           0.18025329
           1.36799099           0.73761057
           1.37793604           2.35747125
           1.38788102           5.88462130
           1.39782607          11.47225376
           1.40777113          17.46836927
           1.41771611          20.77348239
           1.42766116          19.29390248
           1.43760621          13.99595091
           1.44755119           7.92936966
           1.45749625           3.50852509
           1.46744130           1.21249608
           1.47738628           0.32725835
           1.48733133           0.06898374
           1.49727638           0.01135719
           1.50722136           0.00146033
           1.51716642           0.00014665
           1.52711147           0.00001150
           1.53705645           0.00000070
           1.54700150           0.00000003
           1.55694656           0.00000000
           1.56689153           0.00000000
           1.57683659           0.00000000
           1.58678164           0.00000000
           1.59672662           0.00000000
           1.60667167           0.00000000
           1.61661673           0.00000000
           1.62656171           0.00000000
           1.63650676           0.00000000
           1.64645181           0.00000000
           1.65639679           0.00000000
           1.66634184           0.00000000
           1.67628690           0.00000000
           1.68623188           0.00000000
           1.69617693           0.00000000
           1.70612198           0.00000000
           1.71606696           0.00000000
           1.72601202           0.00000000
           1.73595707           0.00000000
           1.74590205           0.00000000
           1.75584703           0.00000000
           1.76579208           0.00000000
           1.77573713           0.00000000
           1.78568211           0.00000000
           1.79562717           0.00000000
           1.80557222           0.00000000
           1.81551720           0.00000000
           1.82546225           0.00000000
           1.83540730           0.00000000
           1.84535228           0.00000000
           1.85529734           0.00000000
           1.86524239           0.00000000
           1.87518737           0.00000000
           1.88513242           0.00000000
           1.89507748           0.00000000
           1.90502245           0.00000000
           1.91496751           0.00000000
           1.92491256           0.00000000
           1.93485754           0.00000000
           1.94480259           0.00000000
           1.95474765           0.00000000
           1.96469263           0.00000000
           1.97463768           0.00000000
           1.98458273           0.00000000
           1.99452771           0.00000000
           2.00447276           0.00000000
           2.01441782           0.00000000
           2.02436280           0.00000000
           2.03430785           0.00000000
           2.04425290           0.00000000
           2.05419788           0.00000000
           2.06414294           0.00000000
           2.07408799           0.00000000
           2.08403297           0.00000000
           2.09397802           0.00000000
           2.10392307           0.00000000
           2.11386805           0.00000000
           2.12381311           0.00000000
           2.13375816           0.00000000
           2.14370314           0.00000000
           2.15364819           0.00000000
           2.16359325           0.00000000
           2.17353822           0.00000000
           2.18348328           0.00000000
           2.19342833           0.00000000
           2.20337331           0.00000000
           2.21331836           0.00000000
           2.22326342           0.00000000
           2.23320840           0.00000000
           2.24315338           0.00000000
           2.25309843           0.00000000
           2.26304348           0.00000000
           2.27298846           0.00000000
           2.28293351           0.00000000
           2.29287857           0.00000000
           2.30282355           0.00000000
           2.31276860           0.00000000
           2.32271365           0.00000000
           2.33265863           0.00000002
           2.34260368           0.00000050
           2.35254874           0.00000819
           2.36249372           0.00010376
           2.37243877           0.00102686
           2.38238382           0.00793681
           2.39232880           0.04790705
           2.40227386           0.22583120
           2.41221891           0.83140479
           2.42216389           2.39035670
           2.43210894           5.36711911
           2.44205399           9.41160061
           2.45199897          12.88870840
           2.46194403          13.78417821
           2.47188908          11.51319190
           2.48183406           7.50993735
           2.49177911           3.82560135
           2.50172417           1.52197022
           2.51166915           0.47286848
           2.52161420           0.11473467
           2.53155925           0.02174161
           2.54150423           0.00321750
           2.55144928           0.00037185
           2.56139434           0.00003356
           2.57133932           0.00000237
           2.58128437           0.00000013
           2.59122935           0.00000001
           2.60117433           0.00000000
           2.61111946           0.00000000
           2.62106443           0.00000000
           2.63100941           0.00000000
           2.64095454           0.00000000
           2.65089952           0.00000000
           2.66084450           0.00000000
           2.67078963           0.00000000
           2.68073461           0.00000000
           2.69067958           0.00000000
           2.70062471           0.00000000
           2.71056969           0.00000000
           2.72051467           0.00000009
           2.73045980           0.00000148
           2.74040478           0.00002001
           2.75034976           0.00021177
           2.76029488           0.00175044
           2.77023986           0.01129919
           2.78018484           0.05695756
           2.79012997           0.22423610
           2.80007495           0.68943261
           2.81001993           1.65531692
           2.81996505           3.10395512
           2.82991003           4.54555005
           2.83985501           5.19828717
           2.84980014           4.64273621
           2.85974512           3.23838931
           2.86969010           1.76395172
           2.87963523           0.75037650
           2.88958020           0.24929734
           2.89952518           0.06467828
           2.90947031           0.01310476
           2.91941529           0.00207372
           2.92936027           0.00025626
           2.93930540           0.00002473
           2.94925038           0.00000186
           2.95919535           0.00000011
           2.96914048           0.00000001
           2.97908546           0.00000000
           2.98903044           0.00000000
           2.99897557           0.00000000
           3.00892055           0.00000000
           3.01886553           0.00000000
           3.02881065           0.00000000
           3.03875563           0.00000000
           3.04870061           0.00000000
           3.05864574           0.00000000
           3.06859072           0.00000000
           3.07853570           0.00000000
           3.08848082           0.00000000
           3.09842580           0.00000000
           3.10837078           0.00000000
           3.11831591           0.00000000
           3.12826089           0.00000000
           3.13820587           0.00000000
           3.14815100           0.00000000
           3.15809597           0.00000000
           3.16804095           0.00000000
           3.17798608           0.00000000
           3.18793106           0.00000000
           3.19787604           0.00000000
           3.20782117           0.00000000
           3.21776615           0.00000000
           3.22771112           0.00000001
           3.23765625           0.00000019
           3.24760123           0.00000269
           3.25754621           0.00003015
           3.26749134           0.00026382
           3.27743632           0.00180252
           3.28738130           0.00961734
           3.29732642           0.04007540
           3.30727140           0.13041556
           3.31721638           0.33142167
           3.32716151           0.65777085
           3.33710649           1.01953388
           3.34705147           1.23403783
           3.35699659           1.16652104
           3.36694157           0.86118143
           3.37688655           0.49647384
           3.38683168           0.22352723
           3.39677666           0.07859722
           3.40672164           0.02158159
           3.41666662           0.00462818
           3.42661160           0.00077506
           3.43655672           0.00010137
           3.44650170           0.00001035
           3.45644668           0.00000083
           3.46639181           0.00000005
           3.47633679           0.00000000
           3.48628177           0.00000000
           3.49622689           0.00000000
           3.50617187           0.00000000
           3.51611685           0.00000007
           3.52606198           0.00000133
           3.53600696           0.00001924
           3.54595194           0.00021691
           3.55589707           0.00190970
           3.56584205           0.01313058
           3.57578702           0.07050188
           3.58573215           0.29564029
           3.59567713           0.96817513
           3.60562211           2.47595602
           3.61556724           4.94507636
           3.62551222           7.71321007
           3.63545720           9.39498089
           3.64540232           8.93702239
           3.65534730           6.63937689
           3.66529228           3.85189881
           3.67523741           1.74636648
           3.68518239           0.62608998
           3.69512737           0.21652016
           3.70507249           0.22804930
           3.71501747           0.62840749
           3.72496245           1.58171091
           3.73490758           3.13708363
           3.74485256           4.86136724
           3.75479754           5.88300718
           3.76474266           5.56002293
           3.77468764           4.10383819
           3.78463262           2.36538559
           3.79457775           1.06474224
           3.80452273           0.37430716
           3.81446771           0.10275661
           3.82441284           0.02203014
           3.83435782           0.00368868
           3.84430279           0.00048231
           3.85424792           0.00004925
           3.86419290           0.00000393
           3.87413788           0.00000024
           3.88408301           0.00000001
           3.89402799           0.00000000
           3.90397297           0.00000000
           3.91391809           0.00000000
           3.92386307           0.00000000
           3.93380805           0.00000000
           3.94375318           0.00000000
           3.95369816           0.00000000
           3.96364314           0.00000000
           3.97358826           0.00000000
           3.98353324           0.00000000
           3.99347822           0.00000000
           4.00342335           0.00000000
           4.01336833           0.00000000
           4.02331331           0.00000000
           4.03325844           0.00000003
           4.04320341           0.00000060
           4.05314839           0.00000874
           4.06309352           0.00009961
           4.07303850           0.00088712
           4.08298348           0.00616927
           4.09292861           0.03350686
           4.10287359           0.14212082
           4.11281856           0.47073752
           4.12276369           1.21770239
           4.13270867           2.45998460
           4.14265365           3.88079491
           4.15259878           4.78129458
           4.16254376           4.60051183
           4.17248874           3.45695521
           4.18243386           2.03056354
           4.19237884           0.94314722
           4.20232382           0.39828456
           4.21226895           0.34028885
           4.22221393           0.74813048
           4.23215891           1.67612225
           4.24210403           3.00253118
           4.25204901           4.20793665
           4.26199399           4.60579629
           4.27193912           3.93711593
           4.28188410           2.62837884
           4.29182908           1.37025463
           4.30177421           0.55811281
           4.31171918           0.17944529
           4.32166416           0.05747499
           4.33160929           0.07676350
           4.34155427           0.27190527
           4.35149925           0.83837352
           4.36144423           2.02778061
           4.37138921           3.83066546
           4.38133433           5.65154622
           4.39127931           6.51167013
           4.40122429           5.85887167
           4.41116942           4.11687533
           4.42111440           2.25921796
           4.43105938           0.96815517
           4.44100451           0.32401049
           4.45094948           0.08468658
           4.46089446           0.01728489
           4.47083959           0.00275512
           4.48078457           0.00034297
           4.49072955           0.00003334
           4.50067468           0.00000253
           4.51061966           0.00000015
           4.52056464           0.00000001
           4.53050976           0.00000000
           4.54045474           0.00000000
           4.55039972           0.00000000
           4.56034485           0.00000000
           4.57028983           0.00000000
           4.58023481           0.00000000
           4.59017993           0.00000000
           4.60012491           0.00000000
           4.61006989           0.00000000
           4.62001502           0.00000000
           4.62996000           0.00000000
           4.63990498           0.00000000
           4.64985010           0.00000000
           4.65979508           0.00000000
           4.66974006           0.00000000
           4.67968519           0.00000000
           4.68963017           0.00000000
           4.69957515           0.00000000
           4.70952028           0.00000000
           4.71946525           0.00000000
           4.72941023           0.00000000
           4.73935536           0.00000000
           4.74930034           0.00000000
           4.75924532           0.00000000
           4.76919045           0.00000000
           4.77913543           0.00000000
           4.78908041           0.00000000
           4.79902553           0.00000004
           4.80897051           0.00000074
           4.81891549           0.00001024
           4.82886062           0.00011122
           4.83880560           0.00094360
           4.84875058           0.00625180
           4.85869570           0.03234944
           4.86864068           0.13072284
           4.87858566           0.41250748
           4.88853079           1.01660355
           4.89847577           1.95658698
           4.90842075           2.94064296
           4.91836587           3.45159702
           4.92831085           3.16396312
           4.93825583           2.26493653
           4.94820096           1.26710770
           4.95814594           0.56021272
           4.96809092           0.23182921
           4.97803605           0.24756529
           4.98798103           0.71197919
           4.99792600           1.94878392
           5.00787113           4.22062427
           5.01781611           7.14419298
           5.02776109           9.44380507
           5.03770622           9.74979982
           5.04765120           7.86414078
           5.05759618           4.97048493
           5.06754130           2.52602743
           5.07748643           1.24236678
           5.08743126           1.07830520
           5.09737609           1.68004151
           5.10732122           2.56247228
           5.11726635           3.14830155
           5.12721147           3.03182557
           5.13715660           2.28105044
           5.14710143           1.34041483
           5.15704626           0.61506165
           5.16699139           0.22041117
           5.17693652           0.06168314
           5.18688165           0.01348085
           5.19682677           0.00230084
           5.20677160           0.00030671
           5.21671643           0.00003193
           5.22666156           0.00000260
           5.23660669           0.00000016
           5.24655182           0.00000001
           5.25649694           0.00000000
           5.26644177           0.00000000
           5.27638661           0.00000000
           5.28633173           0.00000000
           5.29627686           0.00000001
           5.30622199           0.00000027
           5.31616711           0.00000407
           5.32611195           0.00004747
           5.33605678           0.00043225
           5.34600190           0.00307408
           5.35594703           0.01707337
           5.36589216           0.07405263
           5.37583729           0.25082991
           5.38578212           0.66351480
           5.39572695           1.37054794
           5.40567207           2.21101814
           5.41561720           2.78553090
           5.42556233           2.74057218
           5.43550746           2.10567861
           5.44545229           1.26355620
           5.45539712           0.59206487
           5.46534225           0.21666024
           5.47528737           0.06191654
           5.48523250           0.01381821
           5.49517763           0.00240832
           5.50512246           0.00032783
           5.51506729           0.00003485
           5.52501242           0.00000289
           5.53495754           0.00000019
           5.54490267           0.00000001
           5.55484780           0.00000000
           5.56479263           0.00000006
           5.57473746           0.00000097
           5.58468259           0.00001198
           5.59462772           0.00011605
           5.60457284           0.00087785
           5.61451797           0.00518556
           5.62446280           0.02392205
           5.63440763           0.08617337
           5.64435276           0.24244273
           5.65429789           0.53267538
           5.66424301           0.91397312
           5.67418814           1.22467699
           5.68413297           1.28160410
           5.69407780           1.04726896
           5.70402293           0.66835119
           5.71396806           0.33309531
           5.72391319           0.12964316
           5.73385831           0.03940469
           5.74380314           0.00935427
           5.75374797           0.00173398
           5.76369310           0.00025102
           5.77363823           0.00002838
           5.78358336           0.00000251
           5.79352819           0.00000017
           5.80347302           0.00000001
           5.81341815           0.00000000
           5.82336327           0.00000000
           5.83330840           0.00000005
           5.84325353           0.00000088
           5.85319836           0.00001163
           5.86314319           0.00012006
           5.87308832           0.00096840
           5.88303344           0.00609985
           5.89297857           0.03000538
           5.90292370           0.11526460
           5.91286853           0.34579857
           5.92281336           0.81006941
           5.93275849           1.48209781
           5.94270362           2.11762275
           5.95264874           2.36285687
           5.96259387           2.05893823
           5.97253870           1.40119552
           5.98248353           0.74460495
           5.99242866           0.30902203
           6.00237379           0.10015465
           6.01231891           0.02535362
           6.02226404           0.00506380
           6.03220887           0.00129771
           6.04215370           0.00411992
           6.05209883           0.02416728
           6.06204396           0.11319110
           6.07198908           0.41415861
           6.08193421           1.18342488
           6.09187904           2.64088816
           6.10182387           4.60191157
           6.11176900           6.26356041
           6.12171413           6.66156874
           6.13165926           5.55208739
           6.14160438           3.68751074
           6.15154921           2.13309670
           6.16149404           1.46684340
           6.17143917           1.59305991
           6.18138430           2.01204359
           6.19132943           2.19400160
           6.20127455           1.90314262
           6.21121939           1.29339076
           6.22116422           0.68674019
           6.23110934           0.28479386
           6.24105447           0.09223427
           6.25099960           0.02332770
           6.26094473           0.00460754
           6.27088956           0.00071078
           6.28083439           0.00008562
           6.29077951           0.00000805
           6.30072464           0.00000059
           6.31066977           0.00000003
           6.32061490           0.00000000
           6.33055973           0.00000000
           6.34050456           0.00000000
           6.35044969           0.00000000
           6.36039481           0.00000000
           6.37033994           0.00000000
           6.38028507           0.00000000
           6.39022990           0.00000010
           6.40017473           0.00000172
           6.41011986           0.00002243
           6.42006498           0.00022834
           6.43001011           0.00181540
           6.43995524           0.01127132
           6.44990007           0.05465125
           6.45984490           0.20691729
           6.46979003           0.61186401
           6.47973516           1.41295975
           6.48968028           2.54813086
           6.49962541           3.58866897
           6.50957024           3.94742796
           6.51951507           3.39228903
           6.52946020           2.28698853
           6.53940533           1.25041853
           6.54935045           0.69687976
           6.55929558           0.73424908
           6.56924041           1.28598791
           6.57918524           2.10667783
           6.58913037           2.76047489
           6.59907550           2.83274609
           6.60902063           2.27087447
           6.61896575           1.42186081
           6.62891058           0.69628965
           6.63885541           0.27132440
           6.64880054           0.10297337
           6.65874567           0.09342738
           6.66869080           0.18765007
           6.67863592           0.35415140
           6.68858075           0.53011375
           6.69852559           0.62032763
           6.70847071           0.56696510
           6.71841584           0.40467917
           6.72836097           0.22557043
           6.73830580           0.09819968
           6.74825063           0.03338732
           6.75819576           0.00892491
           6.76814088           0.00236550
           6.77808601           0.00376225
           6.78803114           0.01778607
           6.79797597           0.07100588
           6.80792080           0.22179626
           6.81786593           0.54112111
           6.82781105           1.03098363
           6.83775618           1.53400075
           6.84770131           1.78244392
           6.85764614           1.61752642
           6.86759097           1.14619381
           6.87753610           0.63431388
           6.88748123           0.27413649
           6.89742635           0.09252220
           6.90737148           0.02438605
           6.91731631           0.00502002
           6.92726114           0.00080777
           6.93720627           0.00011327
           6.94715140           0.00014298
           6.95709652           0.00115479
           6.96704165           0.00781673
           6.97698648           0.04134771
           6.98693131           0.17078560
           6.99687644           0.55095206
           7.00682157           1.38801795
           7.01676670           2.73088607
           7.02671182           4.19642485
           7.03665665           5.03891331
           7.04660148           4.73693208
           7.05654661           3.52065177
           7.06649174           2.16147362
           7.07643687           1.29611173
           7.08638199           1.06525722
           7.09632683           1.29463645
           7.10627166           1.81484171
           7.11621678           2.52453776
           7.12616191           3.20423792
           7.13610704           3.46441923
           7.14605217           3.04993058
           7.15599700           2.13591626
           7.16594183           1.17712473
           7.17588695           0.50827538
           7.18583208           0.17166384
           7.19577721           0.04567754
           7.20572234           0.01200842
           7.21566717           0.01548619
           7.22561200           0.05723345
           7.23555713           0.18194038
           7.24550225           0.45438310
           7.25544738           0.89362426
           7.26539251           1.40460529
           7.27533734           1.83314825
           7.28528217           2.14991307
           7.29522730           2.50476415
           7.30517242           2.97042324
           7.31511755           3.30327427
           7.32506268           3.15128085
           7.33500751           2.50447419
           7.34495234           1.77236763
           7.35489747           1.38551746
           7.36484260           1.41074098
           7.37478772           1.56103246
           7.38473285           1.50929707
           7.39467768           1.17256212
           7.40462251           0.71603065
           7.41456764           0.34199512
           7.42451277           0.12765218
           7.43445789           0.03760221
           7.44440302           0.01122212
           7.45434785           0.01572572
           7.46429268           0.05742848
           7.47423781           0.17982786
           7.48418294           0.44124210
           7.49412806           0.84559818
           7.50407319           1.26552017
           7.51401802           1.47916218
           7.52396285           1.34999876
           7.53390798           0.96226215
           7.54385311           0.53563581
           7.55379824           0.23284235
           7.56374336           0.07904437
           7.57368819           0.02095883
           7.58363302           0.00435589
           7.59357815           0.00087354
           7.60352328           0.00144872
           7.61346841           0.00840754
           7.62341353           0.04050161
           7.63335837           0.15252438
           7.64330320           0.44852234
           7.65324832           1.03011700
           7.66319345           1.84758809
           7.67313858           2.58785461
           7.68308341           2.83085101
           7.69302824           2.41804810
           7.70297337           1.61307438
           7.71291849           0.84034952
           7.72286362           0.34188624
           7.73280875           0.10862244
           7.74275358           0.02695443
           7.75269841           0.00523210
           7.76264354           0.00088867
           7.77258867           0.00089146
           7.78253379           0.00506380
           7.79247892           0.02500702
           7.80242375           0.09660395
           7.81236858           0.29142188
           7.82231371           0.68668904
           7.83225884           1.26422893
           7.84220396           1.82119491
           7.85214909           2.06489589
           7.86209392           1.88543246
           7.87203875           1.50268968
           7.88198388           1.27823141
           7.89192901           1.40185799
           7.90187414           1.80459660
           7.91181926           2.31893630
           7.92176409           2.80423873
           7.93170892           3.08987745
           7.94165405           2.96296460
           7.95159918           2.36316251
           7.96154431           1.52024016
           7.97148943           0.77563738
           7.98143426           0.31128661
           7.99137910           0.09786824
           8.00132422           0.02406702
           8.01126935           0.00464769
           8.02121448           0.00090616
           8.03115961           0.00157295
           8.04110444           0.00820052
           8.05104927           0.03514195
           8.06099439           0.11772114
           8.07093952           0.30796782
           8.08088465           0.62917625
           8.09082978           1.00381866
           8.10077461           1.25077388
           8.11071944           1.21695078
           8.12066457           0.92472191
           8.13060969           0.54876132
           8.14055482           0.25454525
           8.15049995           0.09400371
           8.16044478           0.03805090
           8.17038961           0.06301554
           8.18033474           0.21379259
           8.19027986           0.61759381
           8.20022499           1.39913937
           8.21017012           2.47583011
           8.22011495           3.42160274
           8.23005978           3.69279744
           8.24000491           3.11531208
           8.24995003           2.06678352
           8.25989516           1.13063962
           8.26984029           0.67624910
           8.27978512           0.77728394
           8.28972995           1.31211419
           8.29967508           1.98964293
           8.30962021           2.40169984
           8.31956533           2.26944312
           8.32951046           1.67519469
           8.33945529           0.96581835
           8.34940012           0.43516503
           8.35934525           0.15562933
           8.36929038           0.05719671
           8.37923550           0.07426243
           8.38918063           0.21992009
           8.39912546           0.57103745
           8.40907029           1.16500613
           8.41901542           1.85686394
           8.42896055           2.31131085
           8.43890568           2.24691736
           8.44885080           1.70703817
           8.45879563           1.01945979
           8.46874046           0.50317662
           8.47868559           0.28461377
           8.48863072           0.34411535
           8.49857585           0.60500220
           8.50852097           0.93394135
           8.51846581           1.14696881
           8.52841064           1.12775536
           8.53835576           0.96732753
           8.54830089           0.94652036
           8.55824602           1.33944295
           8.56819115           2.16107929
           8.57813598           3.04525407
           8.58808081           3.45226419
           8.59802593           3.14045378
           8.60797106           2.40310399
           8.61791619           1.75253791
           8.62786102           1.42475750
           8.63780585           1.27261788
           8.64775098           1.06165262
           8.65769611           0.73722638
           8.66764123           0.40759555
           8.67758636           0.17696346
           8.68753119           0.06010857
           8.69747602           0.01603298
           8.70742115           0.00397762
           8.71736628           0.00455790
           8.72731140           0.01883506
           8.73725653           0.06837530
           8.74720136           0.19450852
           8.75714619           0.43210448
           8.76709132           0.74971375
           8.77703645           1.01585995
           8.78698158           1.07527624
           8.79692670           0.89108852
           8.80687153           0.58883341
           8.81681636           0.35452851
           8.82676149           0.32910505
           8.83670662           0.58675474
           8.84665175           1.11222617
           8.85659687           1.72595458
           8.86654170           2.10401670
           8.87648654           2.00422188
           8.88643166           1.49115156
           8.89637679           0.86639898
           8.90632192           0.39312471
           8.91626704           0.13930239
           8.92621188           0.03855198
           8.93615671           0.00833115
           8.94610183           0.00140601
           8.95604696           0.00018530
           8.96599209           0.00001907
           8.97593722           0.00000153
           8.98588205           0.00000010
           8.99582688           0.00000001
           9.00577201           0.00000009
           9.01571713           0.00000139
           9.02566226           0.00001740
           9.03560739           0.00016966
           9.04555222           0.00129220
           9.05549705           0.00768599
           9.06544218           0.03571594
           9.07538730           0.12969960
           9.08533243           0.36840626
           9.09527756           0.82025515
           9.10522239           1.43857943
           9.11516722           2.00864474
           9.12511235           2.28395709
           9.13505747           2.20211057
           9.14500260           1.90044008
           9.15494773           1.52358040
           9.16489256           1.11965371
           9.17483739           0.71682010
           9.18478252           0.38122995
           9.19472765           0.16751060
           9.20467277           0.08168554
           9.21461790           0.12347617
           9.22456273           0.34779530
           9.23450756           0.85267958
           9.24445269           1.64639624
           9.25439782           2.49006621
           9.26434294           2.96601465
           9.27428807           2.83839191
           9.28423290           2.32909580
           9.29417773           1.94319948
           9.30412286           2.05722778
           9.31406799           2.70141998
           9.32401312           3.58306122
           9.33395824           4.19768409
           9.34390307           4.09107972
           9.35384790           3.22039914
           9.36379303           2.01569422
           9.37373816           0.99456564
           9.38368329           0.38509970
           9.39362841           0.11685757
           9.40357324           0.02868126
           9.41351808           0.01127439
           9.42346320           0.02992544
           9.43340833           0.10823912
           9.44335346           0.31302383
           9.45329859           0.70746069
           9.46324342           1.24874166
           9.47318825           1.72112915
           9.48313337           1.85268493
           9.49307850           1.55741836
           9.50302363           1.02240889
           9.51296876           0.52415479
           9.52291359           0.20986955
           9.53285842           0.06561597
           9.54280355           0.01602130
           9.55274867           0.00305493
           9.56269380           0.00045491
           9.57263863           0.00005291
           9.58258346           0.00000480
           9.59252859           0.00000034
           9.60247372           0.00000002
           9.61241884           0.00000000
           9.62236397           0.00000000
           9.63230880           0.00000000
           9.64225363           0.00000001
           9.65219876           0.00000018
           9.66214389           0.00000256
           9.67208901           0.00002790
           9.68203414           0.00023699
           9.69197897           0.00157221
           9.70192380           0.00814459
           9.71186893           0.03295280
           9.72181406           0.10411925
           9.73175919           0.25691284
           9.74170431           0.49506172
           9.75164914           0.74506157
           9.76159398           0.87587186
           9.77153910           0.80596039
           9.78148423           0.58794659
           9.79142936           0.36803857
           9.80137448           0.27584842
           9.81131932           0.35927795
           9.82126415           0.57407823
           9.83120927           0.79936989
           9.84115440           0.91157680
           9.85109953           0.91316447
           9.86104466           0.98186370
           9.87098949           1.32572767
           9.88093432           1.93662657
           9.89087944           2.51012559
           9.90082457           2.69681119
           9.91076970           2.46643908
           9.92071483           2.14007082
           9.93065966           2.03962941
           9.94060449           2.19670608
           9.95054962           2.40445037
           9.96049474           2.42397515
           9.97043987           2.12952020
           9.98038500           1.57295660
           9.99032983           0.95273645
          10.00027466           0.47246024
          10.01021979           0.22115336
          10.02016491           0.19100749
          10.03011004           0.36489315
          10.04005517           0.73519730
          10.05000000           1.22653677
          10.05994513           1.63599037
          10.06989025           1.73010185
          10.07983479           1.44470243
          10.08977992           0.95826937
          10.09972504           0.53864205
          10.10967017           0.35835202
          10.11961530           0.45213563
          10.12956043           0.74592234
          10.13950555           1.07077404
          10.14945009           1.21887987
          10.15939521           1.08577202
          10.16934034           0.75662827
          10.17928547           0.41660206
          10.18923060           0.19971360
          10.19917513           0.14080158
          10.20912026           0.22629482
          10.21906539           0.42311978
          10.22901051           0.65242042
          10.23895564           0.79035073
          10.24890077           0.74796780
          10.25884590           0.55300186
          10.26879043           0.31962779
          10.27873556           0.14650893
          10.28868068           0.06362759
          10.29862581           0.06479432
          10.30857094           0.16256812
          10.31851547           0.40398928
          10.32846060           0.82995255
          10.33840573           1.40151918
          10.34835086           1.95987292
          10.35829598           2.29564370
          10.36824111           2.29293383
          10.37818624           2.01512411
          10.38813077           1.62342442
          10.39807590           1.25569572
          10.40802103           1.00547178
          10.41796615           0.94377508
          10.42791128           1.07073705
          10.43785582           1.27843390
          10.44780094           1.47636055
          10.45774607           1.75289448
          10.46769120           2.28172649
          10.47763633           2.99728463
          10.48758145           3.47102434
          10.49752658           3.28132531
          10.50747111           2.45715510
          10.51741624           1.44317451
          10.52736137           0.66301645
          10.53730650           0.23791748
          10.54725162           0.06669666
          10.55719616           0.01460177
          10.56714129           0.00249597
          10.57708641           0.00033327
          10.58703154           0.00003474
          10.59697667           0.00000283
          10.60692120           0.00000027
          10.61686633           0.00000147
          10.62681146           0.00001859
          10.63675658           0.00018593
          10.64670171           0.00145977
          10.65664684           0.00899826
          10.66659197           0.04358496
          10.67653650           0.16587461
          10.68648163           0.49625237
          10.69642676           1.16791913
          10.70637188           2.16333565
          10.71631701           3.16458182
          10.72626154           3.68951226
          10.73620667           3.53152393
          10.74615180           3.00345093
          10.75609693           2.60151083
          10.76604205           2.47681916
          10.77598718           2.35817814
          10.78593231           1.98291098
          10.79587684           1.43289199
          10.80582197           1.02431925
          10.81576710           0.97016495
          10.82571222           1.19446193
          10.83565735           1.41410895
          10.84560189           1.37769346
          10.85554701           1.06559978
          10.86549214           0.67041590
          10.87543727           0.41312127
          10.88538240           0.41469474
          10.89532752           0.68972327
          10.90527265           1.16309100
          10.91521719           1.65718850
          10.92516231           1.93338003
          10.93510744           1.83225578
          10.94505257           1.40021084
          10.95499769           0.85721618
          10.96494223           0.41758123
          10.97488736           0.16098861
          10.98483248           0.04893893
          10.99477761           0.01169424
          11.00472274           0.00223413
          11.01466787           0.00066689
          11.02461299           0.00219754
          11.03455753           0.01068847
          11.04450265           0.04213935
          11.05444778           0.13421188
          11.06439291           0.35069965
          11.07433804           0.76518101
          11.08428257           1.41038485
          11.09422770           2.19872639
          11.10417283           2.87001344
          11.11411795           3.08357692
          11.12406308           2.68501271
          11.13400821           1.87758652
          11.14395334           1.07500482
          11.15389787           0.58053661
          11.16384300           0.44536071
          11.17378812           0.54346473
          11.18373325           0.70533609
          11.19367838           0.83163745
          11.20362291           0.94823246
          11.21356804           1.14013659
          11.22351317           1.41769601
          11.23345830           1.71268998
          11.24340342           2.03324344
          11.25334855           2.48764949
          11.26329368           3.04885625
          11.27323821           3.39168167
          11.28318334           3.16052801
          11.29312847           2.37196542
          11.30307359           1.41304602
          11.31301872           0.67517819
          11.32296326           0.28979836
          11.33290838           0.18094356
          11.34285351           0.21899069
          11.35279864           0.29309085
          11.36274377           0.32436561
          11.37268889           0.28234713
          11.38263402           0.19219647
          11.39257855           0.10252291
          11.40252368           0.04497430
          11.41246881           0.02692742
          11.42241394           0.05586573
          11.43235906           0.16324071
          11.44230360           0.39392901
          11.45224873           0.74509622
          11.46219385           1.10123957
          11.47213898           1.27170875
          11.48208411           1.15210725
          11.49202864           0.83579584
          11.50197377           0.54088652
          11.51191890           0.44084645
          11.52186402           0.56782964
          11.53180915           0.82485605
          11.54175428           1.07292157
          11.55169941           1.26117733
          11.56164394           1.46769283
          11.57158907           1.75599540
          11.58153419           2.01406681
          11.59147932           2.03911834
          11.60142445           1.78476893
          11.61136898           1.40410799
          11.62131411           1.05429983
          11.63125924           0.76422611
          11.64120437           0.50454719
          11.65114949           0.28278216
          11.66109462           0.12849133
          11.67103975           0.04637547
          11.68098428           0.01358637
          11.69092941           0.00586624
          11.70087454           0.01516917
          11.71081966           0.05686327
          11.72076479           0.17196639
          11.73070933           0.40752689
          11.74065445           0.75961874
          11.75059958           1.12897332
          11.76054471           1.38530207
          11.77048984           1.51669797
          11.78043496           1.64801820
          11.79038009           1.85236452
          11.80032462           2.00720334
          11.81026975           1.94621339
          11.82021488           1.69189894
          11.83016001           1.41575635
          11.84010513           1.21104406
          11.85004967           1.02673660
          11.85999480           0.82906373
          11.86993992           0.70623051
          11.87988505           0.76783140
          11.88983018           0.98592800
          11.89977531           1.17479402
          11.90972043           1.15286067
          11.91966497           0.91855159
          11.92961009           0.66085453
          11.93955522           0.61466962
          11.94950035           0.91791712
          11.95944548           1.53716218
          11.96939001           2.24111027
          11.97933514           2.67942177
          11.98928027           2.59765735
          11.99922539           2.03114751
          12.00917052           1.27518013
          12.01911565           0.63960681
          12.02906078           0.25855550
          12.03900531           0.10071723
          12.04895044           0.09979136
          12.05889556           0.24612416
          12.06884069           0.57481128
          12.07878582           1.06723721
          12.08873035           1.56268720
          12.09867548           1.82568085
          12.10862061           1.74914513
          12.11856574           1.44410049
          12.12851086           1.09627015
          12.13845599           0.79162631
          12.14840112           0.52751390
          12.15834565           0.30441327
          12.16829078           0.14633607
          12.17823591           0.06628961
          12.18818103           0.06295665
          12.19812616           0.14829713
          12.20807070           0.34979539
          12.21801582           0.65883736
          12.22796095           0.97176280
          12.23790608           1.12370404
          12.24785120           1.03467734
          12.25779633           0.81109611
          12.26774146           0.67384079
          12.27768599           0.77327483
          12.28763112           1.06329195
          12.29757625           1.32657747
          12.30752138           1.34358064
          12.31746650           1.07797261
          12.32741104           0.68958408
          12.33735617           0.38029036
          12.34730129           0.25376756
          12.35724642           0.29815874
          12.36719155           0.42940324
          12.37713667           0.53369823
          12.38708180           0.52653954
          12.39702634           0.40730011
          12.40697146           0.24976723
          12.41691659           0.13461254
          12.42686172           0.10361960
          12.43680685           0.16467083
          12.44675138           0.29955023
          12.45669651           0.45169851
          12.46664163           0.53611282
          12.47658676           0.49884362
          12.48653189           0.37140492
          12.49647642           0.25275123
          12.50642155           0.25187539
          12.51636668           0.44738412
          12.52631181           0.84835089
          12.53625693           1.34511004
          12.54620206           1.74144568
          12.55614719           1.92235815
          12.56609172           1.95938346
          12.57603685           1.97962011
          12.58598198           1.98324003
          12.59592710           1.90706289
          12.60587223           1.82253014
          12.61581677           1.90590543
          12.62576189           2.19493905
          12.63570702           2.46307601
          12.64565215           2.40029106
          12.65559728           1.91855129
          12.66554240           1.22692875
          12.67548753           0.62179169
          12.68543206           0.25133057
          12.69537719           0.09362264
          12.70532232           0.07250479
          12.71526745           0.14264627
          12.72521257           0.28949242
          12.73515711           0.49709470
          12.74510224           0.75236722
          12.75504736           1.07968584
          12.76499249           1.51063612
          12.77493762           1.97544047
          12.78488275           2.28665647
          12.79482787           2.32891580
          12.80477241           2.19571161
          12.81471753           2.04143113
          12.82466266           1.85950529
          12.83460779           1.53428902
          12.84455292           1.06373937
          12.85449745           0.59380038
          12.86444258           0.26194989
          12.87438771           0.09079455
          12.88433283           0.02546936
          12.89427796           0.01043254
          12.90422309           0.02403987
          12.91416821           0.08023733
          12.92411275           0.21626981
          12.93405788           0.45589408
          12.94400300           0.75144079
          12.95394813           0.97100037
          12.96389326           0.99692803
          12.97383779           0.85480319
          12.98378292           0.71332865
          12.99372805           0.72842453
          13.00367317           0.89845516
          13.01361830           1.09055178
          13.02356343           1.20635290
          13.03350856           1.29241447
          13.04345309           1.43519133
          13.05339822           1.58807008
          13.06334335           1.60628246
          13.07328847           1.47261675
          13.08323360           1.38541595
          13.09317814           1.53499087
          13.10312326           1.84158079
          13.11306839           1.99553305
          13.12301352           1.77689806
          13.13295864           1.28561159
          13.14290377           0.82253254
          13.15284890           0.61533037
          13.16279343           0.68007645
          13.17273856           0.87955363
          13.18268369           1.05208416
          13.19262882           1.11080982
          13.20257394           1.07285524
          13.21251848           1.02268348
          13.22246360           1.05953632
          13.23240873           1.22818031
          13.24235386           1.44230832
          13.25229899           1.51091786
          13.26224411           1.30638066
          13.27218924           0.90151574
          13.28213378           0.48979114
          13.29207890           0.20842266
          13.30202403           0.06936276
          13.31196916           0.01806233
          13.32191429           0.00394535
          13.33185882           0.00249392
          13.34180395           0.01021949
          13.35174907           0.04249394
          13.36169420           0.14081272
          13.37163933           0.37126647
          13.38158386           0.78349224
          13.39152899           1.33630384
          13.40147412           1.86990792
          13.41141925           2.19389605
          13.42136437           2.22615314
          13.43130950           2.02124992
          13.44125463           1.69336898
          13.45119916           1.34177382
          13.46114429           1.03321463
          13.47108942           0.78656476
          13.48103454           0.57766691
          13.49097967           0.39237783
          13.50092421           0.26322338
          13.51086933           0.24872662
          13.52081446           0.38191846
          13.53075959           0.62280915
          13.54070472           0.84613531
          13.55064984           0.90804800
          13.56059497           0.76685094
          13.57053950           0.52425180
          13.58048463           0.34073202
          13.59042976           0.32464050
          13.60037489           0.48380700
          13.61032001           0.72444521
          13.62026455           0.88965299
          13.63020968           0.86487530
          13.64015480           0.68249823
          13.65009993           0.51439208
          13.66004506           0.56923223
          13.66999018           0.97697964
          13.67993531           1.68133106
          13.68987985           2.37741540
          13.69982497           2.65481457
          13.70977010           2.32701764
          13.71971523           1.59864067
          13.72966036           0.86100449
          13.73960489           0.36340418
          13.74955002           0.12017537
          13.75949515           0.03114798
          13.76944027           0.00634383
          13.77938540           0.00119198
          13.78933053           0.00139718
          13.79927565           0.00679171
          13.80922019           0.02821434
          13.81916532           0.09169228
          13.82911044           0.23280249
          13.83905557           0.46173116
          13.84900070           0.71686186
          13.85894523           0.87634102
          13.86889036           0.86373913
          13.87883549           0.74402933
          13.88878061           0.67669321
          13.89872574           0.76779056
          13.90867087           0.99557266
          13.91861600           1.30209326
          13.92856053           1.70272615
          13.93850566           2.21688226
          13.94845079           2.69391305
          13.95839591           2.85625159
          13.96834104           2.60190770
          13.97828557           2.13545541
          13.98823070           1.73237035
          13.99817583           1.46541923
          14.00812096           1.23641235
          14.01806608           1.00098569
          14.02801121           0.86722135
          14.03795634           0.98597446
          14.04790087           1.37311264
          14.05784600           1.85527648
          14.06779113           2.19232121
          14.07773626           2.25749263
          14.08768138           2.10959700
          14.09762592           1.91392718
          14.10757104           1.83332262
          14.11751617           1.92901184
          14.12746130           2.08049951
          14.13740643           2.04681134
          14.14735155           1.69081700
          14.15729668           1.13408130
          14.16724122           0.62904848
          14.17718634           0.33262325
          14.18713147           0.23046355
          14.19707660           0.21912631
          14.20702173           0.20939205
          14.21696626           0.17540798
          14.22691139           0.15226450
          14.23685651           0.20620853
          14.24680164           0.39781077
          14.25674677           0.73725388
          14.26669190           1.14031774
          14.27663702           1.44275469
          14.28658156           1.50211377
          14.29652669           1.32592682
          14.30647181           1.10333417
          14.31641694           1.08655856
          14.32636207           1.39320144
          14.33630660           1.88085814
          14.34625173           2.25202038
          14.35619686           2.32516174
          14.36614198           2.16750014
          14.37608711           1.94512088
          14.38603165           1.73200946
          14.39597677           1.53752865
          14.40592190           1.39545247
          14.41586703           1.31987245
          14.42581216           1.23925916
          14.43575728           1.05543006
          14.44570241           0.76117567
          14.45564694           0.44757298
          14.46559207           0.21061548
          14.47553720           0.07872493
          14.48548233           0.02412183
          14.49542745           0.01037496
          14.50537199           0.02033458
          14.51531712           0.05840505
          14.52526224           0.13771644
          14.53520737           0.25769263
          14.54515250           0.38986549
          14.55509762           0.49752286
          14.56504275           0.57489345
          14.57498729           0.64332930
          14.58493241           0.70744081
          14.59487754           0.75752249
          14.60482267           0.83288312
          14.61476780           1.02049202
          14.62471233           1.32351717
          14.63465746           1.57472101
          14.64460258           1.56997881
          14.65454771           1.29610880
          14.66449284           0.96284949
          14.67443797           0.78471567
          14.68438309           0.78444144
          14.69432763           0.81542966
          14.70427276           0.74650684
          14.71421788           0.59881898
          14.72416301           0.51412942
          14.73410814           0.61544649
          14.74405267           0.89132475
          14.75399780           1.20045167
          14.76394293           1.40049466
          14.77388805           1.47475498
          14.78383318           1.49906346
          14.79377831           1.49420674
          14.80372344           1.39989996
          14.81366797           1.18376575
          14.82361310           0.89836807
          14.83355823           0.62246712
          14.84350335           0.41568955
          14.85344848           0.33799597
          14.86339301           0.45476282
          14.87333814           0.78099920
          14.88328327           1.20236689
          14.89322840           1.48619202
          14.90317352           1.45088944
          14.91311865           1.14430560
          14.92306378           0.82682771
          14.93300831           0.76640267
          14.94295344           1.04879719
          14.95289857           1.51175636
          14.96284370           1.83374149
          14.97278882           1.77067779
          14.98273336           1.35592198
          14.99267848           0.85182855
          15.00262361           0.50505361
          15.01256874           0.37824834
          15.02251387           0.37830024
          15.03245899           0.37941767
          15.04240412           0.32461266
          15.05234866           0.25062076
          15.06229378           0.25259588
          15.07223891           0.43405819
          15.08218404           0.85429653
          15.09212916           1.45713495
          15.10207370           2.03105257
          15.11201883           2.31109857
          15.12196395           2.18794199
          15.13190908           1.80771229
          15.14185421           1.44388299
          15.15179934           1.26856226
          15.16174446           1.26717605
          15.17168900           1.33390676
          15.18163413           1.39866175
          15.19157925           1.43314367
          15.20152438           1.40686275
          15.21146951           1.33340188
          15.22141404           1.31064116
          15.23135917           1.41077508
          15.24130430           1.54002028
          15.25124942           1.51417147
          15.26119455           1.28900785
          15.27113909           1.02015460
          15.28108421           0.87967310
          15.29102934           0.88482778
          15.30097447           0.94513787
          15.31091959           1.02007114
          15.32086472           1.16862244
          15.33080985           1.47552648
          15.34075438           1.95684455
          15.35069951           2.49871607
          15.36064464           2.86879386
          15.37058977           2.87385842
          15.38053489           2.54333730
          15.39047943           2.06594803
          15.40042455           1.57843586
          15.41036968           1.10719710
          15.42031481           0.67401327
          15.43025994           0.33932910
          15.44020506           0.13841190
          15.45015019           0.05166660
          15.46009473           0.04226831
          15.47003985           0.09768419
          15.47998498           0.22796792
          15.48993011           0.42434047
          15.49987524           0.62194595
          15.50981977           0.72800088
          15.51976490           0.71376229
          15.52971002           0.65723710
          15.53965515           0.65663839
          15.54960028           0.71171783
          15.55954541           0.72405464
          15.56949053           0.61988117
          15.57943507           0.43378922
          15.58938020           0.26471177
          15.59932532           0.17808907
          15.60927045           0.16563041
          15.61921558           0.17608211
          15.62916011           0.16544288
          15.63910524           0.12629778
          15.64905037           0.08231400
          15.65899549           0.06539736
          15.66894062           0.10290801
          15.67888575           0.21574046
          15.68883088           0.40957293
          15.69877541           0.65767074
          15.70872054           0.90176576
          15.71866567           1.08760574
          15.72861079           1.20465198
          15.73855592           1.27408302
          15.74850045           1.28143360
          15.75844558           1.16709594
          15.76839071           0.91659487
          15.77833584           0.62234631
          15.78828096           0.41420777
          15.79822609           0.34144936
          15.80817122           0.34834396
          15.81811575           0.34742204
          15.82806088           0.30822302
          15.83800601           0.28605212
          15.84795114           0.37979566
          15.85789626           0.65386408
          15.86784080           1.06253661
          15.87778592           1.43626096
          15.88773105           1.58465054
          15.89767618           1.46272178
          15.90762131           1.24111935
          15.91756643           1.17187818
          15.92751156           1.36190163
          15.93745610           1.66316259
          15.94740122           1.81402682
          15.95734635           1.69144321
          15.96729148           1.39172383
          15.97723660           1.08395558
          15.98718114           0.84928559
          15.99712627           0.67432286
          16.00707139           0.52394210
          16.01701652           0.39717458
          16.02696165           0.34605778
          16.03690678           0.44650910
          16.04685190           0.72295537
          16.05679644           1.07256268
          16.06674156           1.29262350
          16.07668669           1.24382883
          16.08663182           0.99983035
          16.09657695           0.80670932
          16.10652148           0.87751474
          16.11646661           1.22198370
          16.12641174           1.64300496
          16.13635686           1.90112493
          16.14630199           1.90497285
          16.15624712           1.72397434
          16.16619225           1.46221488
          16.17613678           1.18923372
          16.18608191           0.97024602
          16.19602703           0.84587133
          16.20597216           0.77687662
          16.21591729           0.69018539
          16.22586182           0.58530781
          16.23580695           0.54792546
          16.24575208           0.64260492
          16.25569721           0.81848842
          16.26564233           0.94108542
          16.27558687           0.91976062
          16.28553199           0.80020104
          16.29547712           0.71318561
          16.30542225           0.73937294
          16.31536738           0.85543682
          16.32531250           1.00343488
          16.33525763           1.16414206
          16.34520217           1.33834605
          16.35514729           1.51774906
          16.36509242           1.70089691
          16.37503755           1.87481536
          16.38498268           1.95893441
          16.39492721           1.83849666
          16.40487234           1.51592819
          16.41481746           1.17329196
          16.42476259           1.02940067
          16.43470772           1.14659924
          16.44465285           1.38665962
          16.45459797           1.54335997
          16.46454251           1.49212394
          16.47448764           1.23974943
          16.48443276           0.87987630
          16.49437789           0.52597364
          16.50432302           0.26016135
          16.51426755           0.10459198
          16.52421268           0.03370526
          16.53415781           0.00864573
          16.54410293           0.00191742
          16.55404806           0.00143627
          16.56399319           0.00598690
          16.57393832           0.02386218
          16.58388285           0.07466933
          16.59382798           0.18250092
          16.60377311           0.34855678
          16.61371823           0.52064319
          16.62366336           0.61217217
          16.63360789           0.58136884
          16.64355302           0.49304145
          16.65349815           0.47883738
          16.66344328           0.62879144
          16.67338840           0.92693016
          16.68333353           1.29118027
          16.69327866           1.66187002
          16.70322319           2.00472356
          16.71316832           2.24598938
          16.72311345           2.30192815
          16.73305857           2.19419778
          16.74300370           2.03480336
          16.75294824           1.85973204
          16.76289336           1.59927764
          16.77283849           1.23369937
          16.78278362           0.87385838
          16.79272875           0.64557400
          16.80267387           0.55584550
          16.81261900           0.52977326
          16.82256353           0.54972353
          16.83250866           0.71746761
          16.84245379           1.14552801
          16.85239892           1.76365022
          16.86234404           2.26190984
          16.87228858           2.30717796
          16.88223371           1.85769477
          16.89217883           1.20172117
          16.90212396           0.67647023
          16.91206909           0.41454994
          16.92201422           0.33995638
          16.93195934           0.32439114
          16.94190388           0.31582457
          16.95184900           0.36299769
          16.96179413           0.54394248
          16.97173926           0.85636434
          16.98168439           1.16570892
          16.99162892           1.28549651
          17.00157405           1.14323879
          17.01151918           0.85102465
          17.02146430           0.59586683
          17.03140943           0.48926383
          17.04135456           0.53051328
          17.05129969           0.66877249
          17.06124422           0.83648760
          17.07118935           0.93901030
          17.08113447           0.88798308
          17.09107960           0.68268414
          17.10102473           0.42914314
          17.11096926           0.26271365
          17.12091439           0.28771217
          17.13085952           0.57743360
          17.14080465           1.14573444
          17.15074977           1.85288622
          17.16069431           2.38867270
          17.17063943           2.47936710
          17.18058456           2.15679519
          17.19052969           1.75512069
          17.20047482           1.59783601
          17.21041994           1.69345861
          17.22036507           1.77153369
          17.23030961           1.59305572
          17.24025473           1.19325869
          17.25019986           0.80551196
          17.26014499           0.60605810
          17.27009012           0.57816824
          17.28003465           0.58261777
          17.28997978           0.51297736
          17.29992490           0.37797944
          17.30987003           0.26549324
          17.31981516           0.25870316
          17.32976029           0.38029707
          17.33970541           0.58369605
          17.34964995           0.78447126
          17.35959508           0.92669168
          17.36954020           1.02418666
          17.37948533           1.11134682
          17.38943046           1.16097128
          17.39937499           1.09492253
          17.40932012           0.90285327
          17.41926525           0.70874721
          17.42921037           0.68684005
          17.43915550           0.91430414
          17.44910063           1.29094217
          17.45904576           1.60207064
          17.46899029           1.69956064
          17.47893542           1.65702361
          17.48888054           1.69747773
          17.49882567           1.92807621
          17.50877080           2.20376476
          17.51871533           2.29795584
          17.52866046           2.16116467
          17.53860559           1.93801067
          17.54855072           1.78063225
          17.55849584           1.72376610
          17.56844097           1.70149004
          17.57838610           1.63657250
          17.58833063           1.49034673
          17.59827576           1.25599810
          17.60822089           0.94653206
          17.61816601           0.61179794
          17.62811114           0.33279759
          17.63805568           0.17301200
          17.64800080           0.16070247
          17.65794593           0.31297122
          17.66789106           0.63275640
          17.67783619           1.05138157
          17.68778131           1.40334046
          17.69772644           1.53512821
          17.70767097           1.45912369
          17.71761610           1.34731245
          17.72756123           1.33770417
          17.73750636           1.40272279
          17.74745148           1.43803004
          17.75739602           1.39541918
          17.76734115           1.28464266
          17.77728627           1.11206790
          17.78723140           0.88301438
          17.79717653           0.63587258
          17.80712166           0.43505085
          17.81706678           0.35020427
          17.82701132           0.43147740
          17.83695644           0.66468381
          17.84690157           0.93279221
          17.85684670           1.06676062
          17.86679183           0.99048270
          17.87673636           0.80312717
          17.88668149           0.68371399
          17.89662662           0.71070531
          17.90657174           0.79602639
          17.91651687           0.79757289
          17.92646200           0.67450313
          17.93640712           0.52091497
          17.94635166           0.45210720
          17.95629679           0.48588333
          17.96624191           0.53946262
          17.97618704           0.53146182
          17.98613217           0.47812438
          17.99607670           0.48274601
          18.00602183           0.63508675
          18.01596696           0.92062930
          18.02591209           1.22565431
          18.03585721           1.43836339
          18.04580234           1.54430624
          18.05574747           1.61944646
          18.06569200           1.71965653
          18.07563713           1.80641208
          18.08558226           1.79747290
          18.09552738           1.66275806
          18.10547251           1.43813864
          18.11541705           1.16607674
          18.12536217           0.87806606
          18.13530730           0.61355674
          18.14525243           0.42577027
          18.15519755           0.36988562
          18.16514209           0.47065682
          18.17508722           0.67747728
          18.18503234           0.85872525
          18.19497747           0.88800573
          18.20492260           0.76131102
          18.21486773           0.59921685
          18.22481285           0.52046403
          18.23475739           0.52766812
          18.24470252           0.53175966
          18.25464764           0.46830110
          18.26459277           0.36974264
          18.27453790           0.32928306
          18.28448243           0.40840988
          18.29442756           0.57871801
          18.30437269           0.74245386
          18.31431781           0.82514828
          18.32426294           0.86218633
          18.33420807           0.95954322
          18.34415320           1.14553401
          18.35409773           1.29360258
          18.36404286           1.25107245
          18.37398798           1.02470120
          18.38393311           0.78072925
          18.39387824           0.67277110
          18.40382277           0.71985511
          18.41376790           0.85343942
          18.42371303           1.01736279
          18.43365816           1.19988963
          18.44360328           1.41645776
          18.45354841           1.67400524
          18.46349354           1.91879385
          18.47343807           2.02680986
          18.48338320           1.93250291
          18.49332833           1.75336479
          18.50327345           1.68423585
          18.51321858           1.75806249
          18.52316312           1.79677564
          18.53310824           1.64236608
          18.54305337           1.35303955
          18.55299850           1.11450260
          18.56294363           1.01182876
          18.57288875           0.95411151
          18.58283388           0.82202322
          18.59277841           0.61454407
          18.60272354           0.42681583
          18.61266867           0.32581815
          18.62261380           0.29529847
          18.63255892           0.29487725
          18.64250346           0.33734175
          18.65244859           0.48930178
          18.66239371           0.78536245
          18.67233884           1.14024760
          18.68228397           1.37408048
          18.69222910           1.35989708
          18.70217422           1.15508563
          18.71211876           0.95579427
          18.72206388           0.92565358
          18.73200901           1.07963413
          18.74195414           1.31638790
          18.75189927           1.51558901
          18.76184380           1.58759809
          18.77178893           1.49228339
          18.78173406           1.25398182
          18.79167918           0.94852545
          18.80162431           0.67028234
          18.81156944           0.50506703
          18.82151456           0.50638639
          18.83145910           0.65537054
          18.84140423           0.85660166
          18.85134935           1.00489682
          18.86129448           1.06507458
          18.87123961           1.08093277
          18.88118414           1.11021202
          18.89112927           1.16994389
          18.90107440           1.23735184
          18.91101952           1.28862154
          18.92096465           1.33269283
          18.93090978           1.40301781
          18.94085491           1.51413136
          18.95079944           1.60516412
          18.96074457           1.56669523
          18.97068970           1.36785543
          18.98063482           1.12602648
          18.99057995           0.99521058
          19.00052449           0.99804628
          19.01046961           1.02983072
          19.02041474           1.01525252
          19.03035987           0.99893686
          19.04030499           1.06023342
          19.05024953           1.18608080
          19.06019466           1.28479239
          19.07013978           1.29099456
          19.08008491           1.20110793
          19.09003004           1.03564610
          19.09997517           0.82116260
          19.10992029           0.61395681
          19.11986483           0.50448197
          19.12980995           0.58844294
          19.13975508           0.89645125
          19.14970021           1.31400736
          19.15964534           1.61037496
          19.16958987           1.63090956
          19.17953500           1.47771005
          19.18948013           1.42055780
          19.19942525           1.59189375
          19.20937038           1.82175232
          19.21931551           1.81224532
          19.22926064           1.45697325
          19.23920517           0.92443659
          19.24915030           0.45987420
          19.25909542           0.17966641
          19.26904055           0.05810203
          19.27898568           0.02796946
          19.28893021           0.05092767
          19.29887534           0.12314524
          19.30882047           0.24427419
          19.31876560           0.38533210
          19.32871072           0.49464136
          19.33865585           0.54645372
          19.34860098           0.57353030
          19.35854551           0.62872945
          19.36849064           0.72740081
          19.37843577           0.84035203
          19.38838089           0.92023573
          19.39832602           0.92306785
          19.40827056           0.82952300
          19.41821568           0.66838542
          19.42816081           0.50739613
          19.43810594           0.42447881
          19.44805107           0.48518011
          19.45799619           0.70389488
          19.46794132           1.00578247
          19.47788585           1.26128540
          19.48783098           1.40185483
          19.49777611           1.47892343
          19.50772124           1.56880771
          19.51766636           1.64106647
          19.52761090           1.56558607
          19.53755603           1.26961678
          19.54750115           0.84010432
          19.55744628           0.44450767
          19.56739141           0.18917713
          19.57733653           0.07818088
          19.58728166           0.07952858
          19.59722620           0.18967065
          19.60717132           0.43069052
          19.61711645           0.78521688
          19.62706158           1.13928285
          19.63700671           1.33252201
          19.64695124           1.29831682
          19.65689637           1.12996657
          19.66684150           0.96604203
          19.67678662           0.84387357
          19.68673175           0.71804521
          19.69667688           0.58539876
          19.70662200           0.52910643
          19.71656654           0.62583244
          19.72651167           0.84179842
          19.73645679           1.03453821
          19.74640192           1.07103954
          19.75634705           0.95707989
          19.76629158           0.82913402
          19.77623671           0.81189971
          19.78618184           0.89738218
          19.79612696           0.96808158
          19.80607209           0.91689110
          19.81601722           0.73103644
          19.82596235           0.48776700
          19.83590688           0.28937065
          19.84585201           0.20884523
          19.85579714           0.27124859
          19.86574226           0.44784801
          19.87568739           0.65211743
          19.88563192           0.77914720
          19.89557705           0.80252199
          19.90552218           0.82451296
          19.91546731           0.97971396
          19.92541243           1.27435578
          19.93535756           1.55093768
          19.94530269           1.64889418
          19.95524722           1.57445086
          19.96519235           1.47823626
          19.97513748           1.47197762
          19.98508261           1.51817643
          19.99502773           1.50861405
