#  pair_distribution  output: pdf
           0.10997002           0.00000000
           0.12991005           0.00000000
           0.14985008           0.00000000
           0.16979011           0.00000000
           0.18973014           0.00000000
           0.20967017           0.00000000
           0.22961020           0.00000000
           0.24955023           0.00000000
           0.26949026           0.00000000
           0.28943028           0.00000000
           0.30937031           0.00000000
           0.32931034           0.00000000
           0.34925038           0.00000000
           0.36919041           0.00000000
           0.38913043           0.00000000
           0.40907047           0.00000000
           0.42901049           0.00000000
           0.44895052           0.00000000
           0.46889056           0.00000000
           0.48883059           0.00000000
           0.50877061           0.00000000
           0.52871064           0.00000000
           0.54865067           0.00000000
           0.56859071           0.00000000
           0.58853074           0.00000000
           0.60847076           0.00000000
           0.62841079           0.00000000
           0.64835081           0.00000000
           0.66829086           0.00000000
           0.68823088           0.00000000
           0.70817091           0.00000000
           0.72811095           0.00000000
           0.74805098           0.00000000
           0.76799099           0.00000000
           0.78793103           0.00000000
           0.80787108           0.00000000
           0.82781108           0.00000000
           0.84775113           0.00000000
           0.86769117           0.00000000
           0.88763118           0.00000000
           0.90757122           0.00000000
           0.92751127           0.00000000
           0.94745128           0.00000000
           0.96739128           0.00000000
           0.98733133           0.00000000
           1.00727137           0.00000000
           1.02721138           0.00000000
           1.04715142           0.00000000
           1.06709147           0.00000000
           1.08703148           0.00000000
           1.10697152           0.00000000
           1.12691156           0.00000000
           1.14685157           0.00000000
           1.16679158           0.00000000
           1.18673162           0.00000000
           1.20667167           0.00000000
           1.22661168           0.00000000
           1.24655172           0.00000000
           1.26649176           0.00000000
           1.28643177           0.00000000
           1.30637182           0.00000225
           1.32631186           0.00038794
           1.34625187           0.02478971
           1.36619191           0.58650904
           1.38613192           5.13777009
           1.40607193          16.66317202
           1.42601201          20.00910382
           1.44595202           8.89567686
           1.46589202           1.46419370
           1.48583210           0.08922487
           1.50577211           0.00201301
           1.52571212           0.00001681
           1.54565220           0.00000005
           1.56559221           0.00000000
           1.58553222           0.00000000
           1.60547230           0.00000000
           1.62541230           0.00000000
           1.64535231           0.00000000
           1.66529239           0.00000000
           1.68523240           0.00000000
           1.70517241           0.00000000
           1.72511249           0.00000000
           1.74505250           0.00000000
           1.76499250           0.00000000
           1.78493251           0.00000000
           1.80487252           0.00000000
           1.82481260           0.00000000
           1.84475261           0.00000000
           1.86469261           0.00000000
           1.88463270           0.00000000
           1.90457270           0.00000000
           1.92451271           0.00000000
           1.94445279           0.00000000
           1.96439280           0.00000000
           1.98433281           0.00000000
           2.00427289           0.00000000
           2.02421290           0.00000000
           2.04415290           0.00000000
           2.06409298           0.00000000
           2.08403299           0.00000000
           2.10397300           0.00000000
           2.12391308           0.00000000
           2.14385309           0.00000000
           2.16379310           0.00000000
           2.18373318           0.00000000
           2.20367318           0.00000000
           2.22361319           0.00000000
           2.24355320           0.00000000
           2.26349321           0.00000000
           2.28343329           0.00000000
           2.30337330           0.00000000
           2.32331330           0.00000000
           2.34325338           0.00000061
           2.36319339           0.00012343
           2.38313340           0.00920573
           2.40307348           0.25414357
           2.42301349           2.59695369
           2.44295350           9.82221056
           2.46289358          13.75063113
           2.48283358           7.12528675
           2.50277359           1.36659295
           2.52271367           0.09701453
           2.54265368           0.00254919
           2.56259369           0.00002479
           2.58253377           0.00000009
           2.60247378           0.00000000
           2.62241371           0.00000000
           2.64235379           0.00000000
           2.66229387           0.00000000
           2.68223381           0.00000000
           2.70217389           0.00000000
           2.72211397           0.00000014
           2.74205390           0.00003021
           2.76199398           0.00245865
           2.78193406           0.07406015
           2.80187400           0.82567385
           2.82181408           3.40709003
           2.84175416           5.20378169
           2.86169409           2.94170058
           2.88163418           0.61548505
           2.90157426           0.04766451
           2.92151419           0.00136623
           2.94145427           0.00001449
           2.96139435           0.00000006
           2.98133429           0.00000000
           3.00127437           0.00000000
           3.02121445           0.00000000
           3.04115438           0.00000000
           3.06109446           0.00000000
           3.08103455           0.00000000
           3.10097448           0.00000000
           3.12091456           0.00000000
           3.14085464           0.00000000
           3.16079458           0.00000000
           3.18073466           0.00000000
           3.20067474           0.00000000
           3.22061467           0.00000000
           3.24055475           0.00000042
           3.26049483           0.00005904
           3.28043477           0.00307437
           3.30037485           0.05924963
           3.32031493           0.42263384
           3.34025486           1.11575864
           3.36019495           1.09020845
           3.38013503           0.39427234
           3.40007496           0.05277388
           3.42001489           0.00261446
           3.43995497           0.00004794
           3.45989506           0.00000033
           3.47983499           0.00000000
           3.49977507           0.00000000
           3.51971515           0.00000021
           3.53965509           0.00004829
           3.55959517           0.00403724
           3.57953525           0.12493066
           3.59947518           1.43077474
           3.61941526           6.06467053
           3.63935534           9.51450934
           3.65929528           5.52452931
           3.67923536           1.19001149
           3.69917544           0.17919132
           3.71911537           0.94679320
           3.73905546           3.89113027
           3.75899554           5.93619491
           3.77893547           3.35173234
           3.79887555           0.70040944
           3.81881563           0.05417207
           3.83875557           0.00155072
           3.85869565           0.00001643
           3.87863573           0.00000006
           3.89857566           0.00000000
           3.91851574           0.00000000
           3.93845583           0.00000000
           3.95839576           0.00000000
           3.97833584           0.00000000
           3.99827592           0.00000000
           4.01821585           0.00000000
           4.03815594           0.00000014
           4.05809602           0.00003031
           4.07803595           0.00243058
           4.09797603           0.07212701
           4.11791611           0.79218014
           4.13785605           3.22006725
           4.15779613           4.84429394
           4.17773621           2.69816964
           4.19767614           0.58836378
           4.21761623           0.49914753
           4.23755631           2.37597388
           4.25749624           4.56962402
           4.27743632           3.25428832
           4.29737640           0.85785499
           4.31731634           0.08979854
           4.33725642           0.15715717
           4.35719650           1.43646270
           4.37713643           4.95419487
           4.39707636           6.32400746
           4.41701645           2.98764793
           4.43695653           0.52239737
           4.45689646           0.03380633
           4.47683654           0.00080966
           4.49677662           0.00000718
           4.51671656           0.00000002
           4.53665664           0.00000000
           4.55659672           0.00000000
           4.57653665           0.00000000
           4.59647674           0.00000000
           4.61641682           0.00000000
           4.63635675           0.00000000
           4.65629683           0.00000000
           4.67623691           0.00000000
           4.69617685           0.00000000
           4.71611693           0.00000000
           4.73605701           0.00000000
           4.75599694           0.00000000
           4.77593702           0.00000000
           4.79587711           0.00000002
           4.81581704           0.00000464
           4.83575712           0.00050401
           4.85569720           0.02026951
           4.87563713           0.30168612
           4.89557722           1.66184239
           4.91551730           3.38809493
           4.93545723           2.55649247
           4.95539731           0.71827059
           4.97533739           0.20813157
           4.99527733           1.52574066
           5.01521741           6.38911875
           5.03515749           9.92075679
           5.05509742           5.71546358
           5.07503750           1.44754294
           5.09497744           1.49152439
           5.11491737           3.07060548
           5.13485760           2.49508739
           5.15479753           0.75104332
           5.17473747           0.08366558
           5.19467770           0.00344938
           5.21461763           0.00005264
           5.23455756           0.00000030
           5.25449779           0.00000000
           5.27443773           0.00000000
           5.29437766           0.00000001
           5.31431789           0.00000251
           5.33425782           0.00029578
           5.35419776           0.01288082
           5.37413799           0.20761676
           5.39407792           1.23849751
           5.41401785           2.73416208
           5.43395808           2.23400352
           5.45389801           0.67557950
           5.47383795           0.07560756
           5.49377818           0.00313159
           5.51371811           0.00004801
           5.53365804           0.00000027
           5.55359827           0.00000000
           5.57353821           0.00000070
           5.59347814           0.00009056
           5.61341837           0.00432077
           5.63335830           0.07629482
           5.65329824           0.49856746
           5.67323847           1.20583906
           5.69317840           1.07939346
           5.71311833           0.35757355
           5.73305856           0.04383974
           5.75299850           0.00198937
           5.77293843           0.00003341
           5.79287866           0.00000021
           5.81281859           0.00000000
           5.83275853           0.00000004
           5.85269876           0.00001029
           5.87263869           0.00088744
           5.89257862           0.02832596
           5.91251885           0.33464019
           5.93245878           1.46313847
           5.95239872           2.36748412
           5.97233895           1.41780057
           5.99227888           0.31425069
           6.01221881           0.02578107
           6.03215904           0.00130189
           6.05209898           0.02420859
           6.07203891           0.41728669
           6.09197914           2.66317889
           6.11191907           6.29135289
           6.13185901           5.52737143
           6.15179924           2.10789026
           6.17173917           1.60702901
           6.19167910           2.19546386
           6.21161933           1.26887214
           6.23155927           0.27252640
           6.25149920           0.02166420
           6.27143943           0.00063736
           6.29137936           0.00000694
           6.31131929           0.00000003
           6.33125952           0.00000000
           6.35119946           0.00000000
           6.37113939           0.00000000
           6.39107962           0.00000013
           6.41101955           0.00002800
           6.43095949           0.00218769
           6.45089972           0.06327391
           6.47083965           0.67728220
           6.49077958           2.68292144
           6.51071981           3.93385924
           6.53065975           2.15032769
           6.55059968           0.67037720
           6.57053991           1.38767846
           6.59047984           2.81482752
           6.61041978           2.16137089
           6.63036001           0.61587503
           6.65029994           0.09346860
           6.67023987           0.21016520
           6.69018010           0.55361865
           6.71012003           0.54620744
           6.73005997           0.19944579
           6.74999990           0.02696384
           6.76993983           0.00210527
           6.78988006           0.02345997
           6.80982000           0.26845398
           6.82975993           1.13806177
           6.84970016           1.78563388
           6.86964009           1.03691568
           6.88958003           0.22283646
           6.90952026           0.01772311
           6.92946019           0.00052327
           6.94940012           0.00022760
           6.96934035           0.01175979
           6.98928029           0.23062948
           7.00922022           1.67389129
           7.02916045           4.49762134
           7.04910038           4.49796287
           7.06904031           1.88095202
           7.08898055           1.09106889
           7.10892048           1.99345127
           7.12886041           3.33768155
           7.14880064           2.83361042
           7.16874057           0.95403880
           7.18868051           0.12042054
           7.20862074           0.01008176
           7.22856067           0.08275775
           7.24850060           0.57191248
           7.26844083           1.55233192
           7.28838077           2.25122938
           7.30832070           3.11338310
           7.32826093           2.98760355
           7.34820086           1.59784262
           7.36814080           1.46755470
           7.38808103           1.42494036
           7.40802096           0.57268093
           7.42796089           0.08579817
           7.44790112           0.00980737
           7.46784106           0.08878865
           7.48778099           0.57524788
           7.50772122           1.38089170
           7.52766115           1.22683234
           7.54760108           0.40336793
           7.56754131           0.04908311
           7.58748125           0.00225345
           7.60742118           0.00289992
           7.62736141           0.07071107
           7.64730134           0.64631378
           7.66724128           2.18620656
           7.68718151           2.73694640
           7.70712144           1.26813583
           7.72706137           0.21744806
           7.74700160           0.01380140
           7.76694154           0.00057506
           7.78688147           0.01049913
           7.80682170           0.16249527
           7.82676163           0.93133504
           7.84670157           1.98676344
           7.86664180           1.71524894
           7.88658173           1.29312695
           7.90652166           2.04285938
           7.92646189           2.98119712
           7.94640182           2.73121298
           7.96634176           1.13326052
           7.98628199           0.18282355
           8.00622192           0.01103647
           8.02616185           0.00082468
           8.04610208           0.01758883
           8.06604202           0.19806308
           8.08598195           0.82548722
           8.10592218           1.27334262
           8.12586211           0.72695454
           8.14580205           0.15435852
           8.16574228           0.04053971
           8.18568221           0.38995223
           8.20562214           1.96891043
           8.22556237           3.68279882
           8.24550231           2.55834184
           8.26544224           0.80846349
           8.28538247           1.04073175
           8.30532240           2.28369284
           8.32526233           1.96808208
           8.34520257           0.62846082
           8.36514250           0.08196344
           8.38508243           0.14021633
           8.40502266           0.89891098
           8.42496259           2.18308956
           8.44490253           1.96291200
           8.46484276           0.67330445
           8.48478269           0.29245494
           8.50472262           0.81267848
           8.52466285           1.16312979
           8.54460279           0.91852384
           8.56454272           1.82748732
           8.58448295           3.39070248
           8.60442288           2.68424231
           8.62436282           1.50847470
           8.64430275           1.15106437
           8.66424268           0.51324886
           8.68418291           0.08896905
           8.70412285           0.00608316
           8.72406278           0.01181105
           8.74400301           0.14292145
           8.76394294           0.64753260
           8.78388287           1.08593561
           8.80382310           0.68333761
           8.82376304           0.30946793
           8.84370297           0.93639541
           8.86364320           2.03927718
           8.88358313           1.66640506
           8.90352307           0.50403343
           8.92346330           0.05642213
           8.94340323           0.00233764
           8.96334316           0.00003584
           8.98328339           0.00000020
           9.00322333           0.00000004
           9.02316326           0.00000945
           9.04310349           0.00080286
           9.06304342           0.02524899
           9.08298336           0.29464640
           9.10292359           1.29127156
           9.12286352           2.25733919
           9.14280345           1.97931701
           9.16274368           1.20967483
           9.18268361           0.44350047
           9.20262355           0.08953738
           9.22256378           0.28350527
           9.24250371           1.47705012
           9.26244364           2.92343428
           9.28238387           2.43261256
           9.30232381           1.99566592
           9.32226374           3.43526645
           9.34220397           4.17349709
           9.36214390           2.21674648
           9.38208384           0.45651773
           9.40202407           0.03597393
           9.42196400           0.02448089
           9.44190393           0.27255989
           9.46184416           1.17133129
           9.48178410           1.86306922
           9.50172403           1.09664619
           9.52166426           0.23890103
           9.54160419           0.01926208
           9.56154412           0.00057475
           9.58148436           0.00000635
           9.60142429           0.00000003
           9.62136422           0.00000000
           9.64130445           0.00000001
           9.66124438           0.00000204
           9.68118432           0.00019951
           9.70112455           0.00720893
           9.72106448           0.09639937
           9.74100441           0.47705608
           9.76094464           0.87410075
           9.78088458           0.60337318
           9.80082451           0.27666642
           9.82076474           0.56239847
           9.84070467           0.91056389
           9.86064461           0.97576919
           9.88058484           1.91534666
           9.90052477           2.70102503
           9.92046470           2.14852746
           9.94040493           2.19438557
           9.96034487           2.42841088
           9.98028480           1.58086099
          10.00022503           0.47478264
          10.02016496           0.19120429
          10.04010489           0.73820371
          10.06004512           1.64054651
          10.07998535           1.43950101
          10.09992499           0.53285936
          10.11986463           0.45800073
          10.13980486           1.07974646
          10.15974509           1.07765203
          10.17968532           0.40540763
          10.19962555           0.14184808
          10.21956518           0.43521993
          10.23950482           0.79377628
          10.25944505           0.53925560
          10.27938528           0.13849359
          10.29932551           0.06819762
          10.31926574           0.42990418
          10.33920538           1.45112522
          10.35914501           2.31103774
          10.37908524           1.98369590
          10.39902547           1.22667164
          10.41896570           0.95003208
          10.43890593           1.30119905
          10.45884557           1.79859731
          10.47878520           3.07734239
          10.49872543           3.21208889
          10.51866566           1.32798144
          10.53860589           0.20454544
          10.55854612           0.01166704
          10.57848576           0.00024634
          10.59842540           0.00000193
          10.61836563           0.00000218
          10.63830586           0.00026067
          10.65824609           0.01179866
          10.67818632           0.20246383
          10.69812595           1.32101719
          10.71806559           3.30635881
          10.73800582           3.45128968
          10.75794605           2.56396059
          10.77788628           2.31151128
          10.79782651           1.33272954
          10.81776614           1.00121365
          10.83770578           1.43348487
          10.85764601           0.98176940
          10.87758624           0.39000990
          10.89752647           0.78263842
          10.91746670           1.74846042
          10.93740634           1.75713810
          10.95734597           0.73917184
          10.97728620           0.12358753
          10.99722643           0.00793223
          11.01716666           0.00075165
          11.03710689           0.01552930
          11.05704653           0.17586340
          11.07698617           0.91596894
          11.09692640           2.40928298
          11.11686663           3.03549821
          11.13680686           1.63537441
          11.15674709           0.50891446
          11.17668672           0.59118594
          11.19662636           0.86397256
          11.21656659           1.21861715
          11.23650682           1.80551422
          11.25644705           2.66345045
          11.27638728           3.39250719
          11.29632691           2.06142967
          11.31626655           0.51203705
          11.33620678           0.18347547
          11.35614701           0.31141403
          11.37608724           0.25476232
          11.39602747           0.07826813
          11.41596711           0.03078102
          11.43590674           0.22985606
          11.45584697           0.88383431
          11.47578720           1.26212478
          11.49572743           0.71242974
          11.51566707           0.46546884
          11.53560670           0.92736188
          11.55554693           1.33378510
          11.57548717           1.87429000
          11.59542740           1.96773934
          11.61536763           1.25635708
          11.63530726           0.65615791
          11.65524690           0.21009762
          11.67518713           0.02835716
          11.69512736           0.00742825
          11.71506759           0.09405448
          11.73500782           0.54953461
          11.75494745           1.26089780
          11.77488709           1.56776751
          11.79482732           1.94142686
          11.81476755           1.84734678
          11.83470778           1.31545171
          11.85464801           0.93501077
          11.87458765           0.70994344
          11.89452728           1.09341510
          11.91446751           1.05985668
          11.93440774           0.60076561
          11.95434797           1.19115612
          11.97428820           2.51337596
          11.99422784           2.36377952
          12.01416747           0.92812951
          12.03410770           0.15554613
          12.05404793           0.15448893
          12.07398816           0.81650804
          12.09392840           1.74269973
          12.11386803           1.60529730
          12.13380767           0.92871292
          12.15374790           0.40136418
          12.17368813           0.09334895
          12.19362836           0.09703290
          12.21356859           0.51194004
          12.23350822           1.08632647
          12.25344786           0.91254515
          12.27338809           0.69969191
          12.29332832           1.23502542
          12.31326855           1.21839585
          12.33320878           0.49044138
          12.35314842           0.26364408
          12.37308805           0.50179972
          12.39302828           0.46529502
          12.41296851           0.17175710
          12.43290874           0.13035702
          12.45284897           0.39642397
          12.47278861           0.52792247
          12.49272824           0.28935621
          12.51266847           0.34928520
          12.53260870           1.16469968
          12.55254893           1.88230355
          12.57248916           1.97261535
          12.59242880           1.94417615
          12.61236844           1.85130361
          12.63230867           2.39688640
          12.65224890           2.12089651
          12.67218913           0.80015460
          12.69212936           0.12671841
          12.71206899           0.11134757
          12.73200863           0.42635684
          12.75194886           0.96786044
          12.77188909           1.84110187
          12.79182932           2.34435597
          12.81176955           2.08755157
          12.83170919           1.64907424
          12.85164882           0.71894444
          12.87158905           0.12543692
          12.89152928           0.01151071
          12.91146951           0.05888654
          12.93140974           0.38321250
          12.95134938           0.93007610
          12.97128901           0.89984783
          12.99122924           0.70733545
          13.01116947           1.04957410
          13.03110970           1.26940219
          13.05104993           1.56032289
          13.07098957           1.51019256
          13.09092921           1.48034845
          13.11086944           1.99173022
          13.13080967           1.40135596
          13.15074990           0.63432308
          13.17069013           0.83668148
          13.19062976           1.10958759
          13.21056940           1.02922465
          13.23050963           1.18855205
          13.25044986           1.51851682
          13.27039009           0.98179043
          13.29033032           0.24675146
          13.31026995           0.02313875
          13.33020959           0.00222090
          13.35014982           0.03432206
          13.37009005           0.32421952
          13.39003028           1.25026287
          13.40996992           2.16646772
          13.42990955           2.06181525
          13.44984978           1.38895885
          13.46979001           0.81652216
          13.48973024           0.41397437
          13.50967047           0.24297426
          13.52961011           0.59339847
          13.54954975           0.91249118
          13.56948998           0.55009408
          13.58943021           0.31784404
          13.60937044           0.70263141
          13.62931067           0.87598739
          13.64925030           0.52320594
          13.66918994           0.93159332
          13.68913017           2.33644080
          13.70907040           2.36906161
          13.72901063           0.90383234
          13.74895086           0.12945101
          13.76889049           0.00697393
          13.78883013           0.00130254
          13.80877036           0.02661144
          13.82871059           0.22546429
          13.84865082           0.70923754
          13.86859105           0.86704682
          13.88853069           0.67718132
          13.90847032           0.99086735
          13.92841055           1.69685887
          13.94835078           2.69202341
          13.96829101           2.60569189
          13.98823124           1.73369485
          14.00817088           1.23624605
          14.02811051           0.86764221
          14.04805074           1.38119383
          14.06799098           2.19783582
          14.08793121           2.10585941
          14.10787144           1.83515123
          14.12781107           2.08559093
          14.14775071           1.67203260
          14.16769094           0.61106518
          14.18763117           0.22881131
          14.20757140           0.20818796
          14.22751163           0.15273800
          14.24745126           0.41616295
          14.26739090           1.16785872
          14.28733113           1.49662392
          14.30727136           1.09211366
          14.32721159           1.43252081
          14.34715182           2.27329947
          14.36709146           2.14868524
          14.38703109           1.71246014
          14.40697132           1.38571703
          14.42691155           1.22600235
          14.44685178           0.72416989
          14.46679201           0.18948414
          14.48673165           0.02075669
          14.50667128           0.02345241
          14.52661151           0.15204967
          14.54655174           0.40735062
          14.56649197           0.58529660
          14.58643221           0.71632363
          14.60637184           0.85351982
          14.62631148           1.37447452
          14.64625171           1.54051639
          14.66619194           0.91842356
          14.68613217           0.79317836
          14.70607240           0.72293253
          14.72601203           0.51744236
          14.74595167           0.95378596
          14.76589190           1.42390174
          14.78583213           1.50264970
          14.80577236           1.36550625
          14.82571259           0.83765261
          14.84565223           0.38593727
          14.86559186           0.51077097
          14.88553209           1.28831665
          14.90547232           1.39779429
          14.92541255           0.78269491
          14.94535278           1.15567596
          14.96529242           1.85949417
          14.98523205           1.22651217
          15.00517228           0.45374651
          15.02511251           0.38275374
          15.04505274           0.30365117
          15.06499297           0.28049318
          15.08493261           1.00973194
          15.10487225           2.15026213
          15.12481248           2.09493855
          15.14475271           1.37154629
          15.16469294           1.28505571
          15.18463317           1.41455140
          15.20457280           1.38723929
          15.22451244           1.33015074
          15.24445267           1.55629431
          15.26439290           1.19771960
          15.28433313           0.86968602
          15.30427276           0.96783426
          15.32421240           1.25215993
          15.34415263           2.14665278
          15.36409286           2.91762782
          15.38403309           2.38363415
          15.40397332           1.40927200
          15.42391296           0.53888277
          15.44385259           0.09555122
          15.46379282           0.05499497
          15.48373305           0.29655697
          15.50367328           0.67759909
          15.52361351           0.69091635
          15.54355315           0.67636990
          15.56349279           0.69771646
          15.58343302           0.35872524
          15.60337325           0.16667607
          15.62331348           0.17569478
          15.64325371           0.10673744
          15.66319334           0.07326152
          15.68313298           0.28946220
          15.70307321           0.76797624
          15.72301344           1.14675662
          15.74295367           1.28888065
          15.76289390           1.06938697
          15.78283353           0.51219678
          15.80277317           0.34065174
          15.82271340           0.33271396
          15.84265363           0.30991540
          15.86259386           0.83864657
          15.88253409           1.54408209
          15.90247373           1.35290376
          15.92241336           1.23654150
          15.94235359           1.77062294
          15.96229382           1.55408399
          15.98223405           0.95681959
          16.00217428           0.59657269
          16.02211392           0.35685124
          16.04205355           0.57104245
          16.06199379           1.21721768
          16.08193402           1.12643580
          16.10187425           0.80563542
          16.12181448           1.45672160
          16.14175411           1.93407307
          16.16169375           1.58663910
          16.18163398           1.05814239
          16.20157421           0.80632046
          16.22151444           0.62928314
          16.24145467           0.58613608
          16.26139430           0.90431417
          16.28133394           0.85514927
          16.30127417           0.71468319
          16.32121440           0.94143350
          16.34115463           1.26688728
          16.36109486           1.62762548
          16.38103450           1.94575788
          16.40097413           1.65902046
          16.42091436           1.05321449
          16.44085459           1.29497406
          16.46079482           1.53882745
          16.48073505           1.01942562
          16.50067469           0.34494774
          16.52061432           0.05215388
          16.54055455           0.00325416
          16.56049479           0.00352009
          16.58043502           0.05173092
          16.60037525           0.28744651
          16.62031488           0.59527194
          16.64025452           0.52116502
          16.66019475           0.56092951
          16.68013498           1.17223929
          16.70007521           1.90349028
          16.72001544           2.30728592
          16.73995507           2.08547192
          16.75989471           1.69175545
          16.77983494           0.97147375
          16.79977517           0.57230564
          16.81971540           0.53541054
          16.83965563           0.99841068
          16.85959527           2.15984238
          16.87953490           2.01726024
          16.89947513           0.79194415
          16.91941536           0.34942305
          16.93935559           0.31614877
          16.95929582           0.48402251
          16.97923546           1.10129260
          16.99917509           1.19883411
          17.01911532           0.64519296
          17.03905555           0.51056286
          17.05899578           0.80087703
          17.07893602           0.91494850
          17.09887565           0.48119112
          17.11881529           0.26259917
          17.13875552           1.01032061
          17.15869575           2.31221562
          17.17863598           2.24027301
          17.19857561           1.60433369
          17.21851525           1.77332172
          17.23845548           1.27300760
          17.25839571           0.62619017
          17.27833594           0.58579528
          17.29827617           0.40175398
          17.31821581           0.25098804
          17.33815544           0.55028227
          17.35809567           0.90971712
          17.37803590           1.10007125
          17.39797613           1.11360759
          17.41791636           0.72883726
          17.43785600           0.87274198
          17.45779563           1.57429397
          17.47773586           1.66326370
          17.49767609           1.89567774
          17.51761632           2.30130679
          17.53755655           1.96130331
          17.55749619           1.72743621
          17.57743583           1.64686196
          17.59737606           1.28148181
          17.61731629           0.63978221
          17.63725652           0.18072151
          17.65719675           0.29559793
          17.67713638           1.02240909
          17.69707602           1.53490279
          17.71701625           1.35262112
          17.73695648           1.39991604
          17.75689671           1.40001718
          17.77683694           1.12178460
          17.79677657           0.64575624
          17.81671621           0.35072443
          17.83665644           0.65671420
          17.85659667           1.06667322
          17.87653690           0.80715793
          17.89647713           0.70984568
          17.91641677           0.79868757
          17.93635640           0.52181270
          17.95629663           0.48618201
          17.97623686           0.53157285
          17.99617709           0.48370548
          18.01611732           0.92590312
          18.03605696           1.44218508
          18.05599660           1.62240197
          18.07593683           1.80900016
          18.09587706           1.65710878
          18.11581729           1.15515412
          18.13575752           0.60325391
          18.15569715           0.37145787
          18.17563679           0.69000524
          18.19557702           0.88455645
          18.21551725           0.59113948
          18.23545748           0.52949686
          18.25539771           0.46130136
          18.27533734           0.33114640
          18.29527698           0.59485425
          18.31521721           0.82943106
          18.33515744           0.97498284
          18.35509767           1.30014996
          18.37503790           0.99679234
          18.39497754           0.67161475
          18.41491717           0.87193992
          18.43485740           1.22453566
          18.45479763           1.70860194
          18.47473786           2.02643851
          18.49467809           1.73504744
          18.51461773           1.77178292
          18.53455736           1.60545393
          18.55449760           1.09156070
          18.57443783           0.94074257
          18.59437806           0.58060917
          18.61431829           0.31733065
          18.63425792           0.29778570
          18.65419756           0.53183047
          18.67413779           1.19767418
          18.69407802           1.33217373
          18.71401825           0.93471107
          18.73395848           1.12408846
          18.75389811           1.54319327
          18.77383775           1.45379093
          18.79377798           0.88493984
          18.81371821           0.49083405
          18.83365844           0.69992891
          18.85359867           1.02608269
          18.87353831           1.08558878
          18.89347794           1.18705463
          18.91341817           1.29958714
          18.93335840           1.42823927
          18.95329863           1.61215641
          18.97323886           1.30350596
          18.99317850           0.98655505
          19.01311813           1.03126430
          19.03305836           1.00679612
          19.05299859           1.22072061
          19.07293883           1.27521138
          19.09287846           0.97801977
          19.11281810           0.56761880
          19.13275833           0.65867624
          19.15269856           1.42771559
          19.17263879           1.59156388
          19.19257902           1.45235466
          19.21251865           1.85681358
          19.23245829           1.29283403
          19.25239852           0.34747681
          19.27233875           0.04076918
          19.29227898           0.06948704
          19.31221921           0.29287115
          19.33215885           0.51889619
          19.35209848           0.58805555
          19.37203871           0.76880396
          19.39197894           0.93252380
          19.41191917           0.77560177
          19.43185940           0.46362006
          19.45179904           0.55129920
          19.47173867           1.11563390
          19.49167890           1.43464109
          19.51161913           1.60640538
          19.53155936           1.47388882
          19.55149959           0.66880714
          19.57143923           0.12858325
          19.59137887           0.11058445
          19.61131910           0.56926580
          19.63125933           1.24868209
          19.65119956           1.23431567
          19.67113979           0.91067357
          19.69107942           0.65775274
          19.71101906           0.55203625
          19.73095929           0.94130415
          19.75089952           1.03229264
          19.77083975           0.80483091
          19.79077998           0.94049195
          19.81071962           0.84402362
          19.83065925           0.38310809
          19.85059948           0.22130871
          19.87053971           0.55023619
          19.89047994           0.80021184
          19.91042017           0.87988614
          19.93035981           1.42755255
          19.95029944           1.62578194
          19.97023967           1.46356563
          19.99017990           1.52673806
          20.01012013           1.28316479
          20.03006036           0.77942208
          20.05000000           0.53090384
          20.06994023           1.05055433
          20.08988046           1.59422392
          20.10981950           1.46432000
          20.12975973           1.86100854
          20.14969996           2.19144124
          20.16964019           1.66677042
          20.18958042           0.92470175
          20.20952065           0.54221248
          20.22946088           0.83216855
          20.24939992           1.10830380
          20.26934015           0.71448685
          20.28928038           0.60330890
          20.30922062           0.91072143
          20.32916085           1.06796529
          20.34909989           1.23947479
          20.36904012           1.70608409
          20.38898035           2.13324070
          20.40892058           1.68609371
          20.42886081           1.30243390
          20.44880104           1.05525730
          20.46874127           0.57725718
          20.48868031           0.27437315
          20.50862054           0.16171921
          20.52856077           0.28505837
          20.54850100           0.44229241
          20.56844123           0.37509131
          20.58838027           0.27337338
          20.60832050           0.36725020
          20.62826073           0.81982777
          20.64820096           1.04790038
          20.66814119           1.01168392
          20.68808142           1.13088478
          20.70802165           1.22365643
          20.72796069           1.63729798
          20.74790092           1.69129940
          20.76784115           1.20849579
          20.78778138           0.85811743
          20.80772161           0.80097420
          20.82766066           1.01891593
          20.84760089           0.93020103
          20.86754112           0.85193217
          20.88748135           1.07262663
          20.90742158           1.06223908
          20.92736181           0.76800932
          20.94730204           0.94843830
          20.96724108           1.78399847
          20.98718131           1.90379305
          21.00712154           1.71936197
          21.02706177           1.62997952
          21.04700200           0.89960953
          21.06694104           0.37953448
          21.08688127           0.41611401
          21.10682150           1.06300445
          21.12676173           1.71594599
          21.14670196           1.86752361
          21.16664100           2.14140120
          21.18658123           2.21419019
          21.20652146           1.97716970
          21.22646169           1.34880420
          21.24640192           0.55893389
          21.26634215           0.43367781
          21.28628238           0.86258220
          21.30622143           1.08604165
          21.32616166           0.66504030
          21.34610189           0.17752656
          21.36604212           0.04539187
          21.38598235           0.16617093
          21.40592139           0.45860524
          21.42586162           0.85293043
          21.44580185           1.34611972
          21.46574208           1.39245565
          21.48568231           0.87512673
          21.50562254           0.52151230
          21.52556277           0.96777010
          21.54550181           1.59071735
          21.56544204           1.40052227
          21.58538227           1.13782561
          21.60532250           0.88794671
          21.62526273           0.58680707
          21.64520177           0.53169522
          21.66514200           0.83722091
          21.68508223           1.26765670
          21.70502246           1.02991063
          21.72496269           0.58970577
          21.74490292           0.56481152
          21.76484315           0.47493411
          21.78478220           0.48676561
          21.80472243           1.32243137
          21.82466266           1.97314874
          21.84460289           1.55009571
          21.86454312           1.21253218
          21.88448216           0.79392540
          21.90442239           0.26843613
          21.92436262           0.26273840
          21.94430285           1.07864627
          21.96424308           1.98988247
          21.98418331           1.57049139
          22.00412354           0.73465429
          22.02406258           0.45602998
          22.04400281           0.72573226
          22.06394304           0.97525847
          22.08388327           0.98889773
          22.10382350           1.09593676
          22.12376254           1.20406830
          22.14370277           1.22712786
          22.16364300           0.81383395
          22.18358323           0.40116612
          22.20352346           0.43940495
          22.22346369           0.89406081
          22.24340392           1.14923296
          22.26334296           1.29198493
          22.28328319           1.54910374
          22.30322343           1.44951325
          22.32316366           1.21373283
          22.34310389           0.93143615
          22.36304293           0.96927606
          22.38298316           1.12450666
          22.40292339           1.27096377
          22.42286362           1.55456814
          22.44280385           1.53389226
          22.46274408           1.39827627
          22.48268431           1.28313484
          22.50262335           1.36427369
          22.52256358           1.30767490
          22.54250381           1.47975395
          22.56244404           1.72343940
          22.58238427           1.14667366
          22.60232331           0.34344581
          22.62226354           0.04163897
          22.64220377           0.00199152
          22.66214400           0.00203944
          22.68208423           0.03115188
          22.70202446           0.18054662
          22.72196469           0.39719532
          22.74190373           0.41693168
          22.76184396           0.61337826
          22.78178419           1.16952422
          22.80172442           1.46485078
          22.82166466           1.22394086
          22.84160370           0.92749695
          22.86154393           1.08723570
          22.88148416           1.17576133
          22.90142439           1.12868913
          22.92136462           1.00454754
          22.94130366           1.20737670
          22.96124389           1.16692693
          22.98118412           0.57172546
          23.00112435           0.30526181
          23.02106458           0.82796720
          23.04100481           1.46750719
          23.06094504           1.32000174
          23.08088408           1.25279941
          23.10082431           1.35170054
          23.12076454           0.97325454
          23.14070477           0.68650872
          23.16064500           0.84445505
          23.18058404           1.04424720
          23.20052427           1.29125623
          23.22046450           1.29472499
          23.24040473           0.87575567
          23.26034496           0.62338091
          23.28028519           0.69514924
          23.30022542           0.98346455
          23.32016447           0.83659654
          23.34010470           0.49240881
          23.36004493           0.28210082
          23.37998516           0.29404146
          23.39992539           0.74426078
          23.41986443           1.53838243
          23.43980466           1.69464666
          23.45974489           1.75961740
          23.47968512           1.89858036
          23.49962535           1.47387159
          23.51956558           0.99620672
          23.53950581           0.70073681
          23.55944485           0.65246523
          23.57938508           0.66248185
          23.59932531           0.86180676
          23.61926554           1.05856822
          23.63920577           0.79733328
          23.65914481           0.94801013
          23.67908504           1.78576213
          23.69902527           2.07718032
          23.71896550           1.85001341
          23.73890573           1.44504503
          23.75884596           0.76442235
          23.77878619           0.40998203
          23.79872524           0.84367078
          23.81866547           1.34469400
          23.83860570           1.13485839
          23.85854593           0.86778447
          23.87848616           0.78454401
          23.89842520           0.55496768
          23.91836543           0.45562324
          23.93830566           0.87964007
          23.95824589           1.24672663
          23.97818612           1.13185351
          23.99812635           0.98027263
          24.01806658           0.85991848
          24.03800562           0.72414424
          24.05794585           0.81038810
          24.07788608           0.74346454
          24.09782631           0.68165076
          24.11776654           0.85483688
          24.13770558           0.74183515
          24.15764581           0.61888665
          24.17758604           1.11648066
          24.19752627           1.45035729
          24.21746650           1.49724182
          24.23740673           1.66403012
          24.25734696           1.21691335
          24.27728601           0.57965556
          24.29722624           0.63173937
          24.31716647           1.21633428
          24.33710670           1.32214084
          24.35704693           1.03234879
          24.37698597           1.11109771
          24.39692620           1.55080049
          24.41686643           1.40818708
          24.43680666           1.05787570
          24.45674689           1.34244197
          24.47668712           1.91252277
          24.49662735           1.68148732
          24.51656639           0.76158240
          24.53650662           0.24039433
          24.55644685           0.33496033
          24.57638708           0.64584514
          24.59632731           0.92080170
          24.61626635           1.11861666
          24.63620658           1.22233734
          24.65614681           1.12451355
          24.67608704           0.95641814
          24.69602727           0.70303425
          24.71596750           0.51940103
          24.73590773           0.70032859
          24.75584677           0.65945626
          24.77578700           0.34267035
          24.79572724           0.31030782
          24.81566747           0.65785528
          24.83560770           1.16250498
          24.85554674           1.46907680
          24.87548697           1.17164320
          24.89542720           0.80548790
          24.91536743           1.24352017
          24.93530766           1.76714958
          24.95524670           1.95496549
          24.97518693           2.12807004
          24.99512716           1.63447881
          25.01506739           0.89763563
          25.03500762           0.89747883
          25.05494785           1.36751303
          25.07488808           1.36314315
          25.09482712           1.19261184
          25.11476735           1.12683209
          25.13470758           1.07811845
          25.15464781           1.14629485
          25.17458804           1.20875105
          25.19452708           0.83096845
          25.21446731           0.53367104
          25.23440754           0.54518324
          25.25434777           0.50684134
          25.27428800           0.77394900
          25.29422823           1.17097407
          25.31416847           1.18237408
          25.33410751           1.06550871
          25.35404774           0.70288936
          25.37398797           0.31848680
          25.39392820           0.35094659
          25.41386843           0.58775022
          25.43380747           0.87268074
          25.45374770           1.39006110
          25.47368793           1.58398408
          25.49362816           1.21244113
          25.51356839           1.07025111
          25.53350862           1.15217903
          25.55344885           0.91027226
          25.57338789           0.81970108
          25.59332812           0.74061150
          25.61326835           0.53771580
          25.63320858           0.69385875
          25.65314881           0.93878886
          25.67308785           1.02856184
          25.69302808           0.96531278
          25.71296831           0.62935589
          25.73290854           0.50854497
          25.75284877           0.91316075
          25.77278900           1.42657918
          25.79272923           1.26236099
          25.81266828           0.98193785
          25.83260851           1.04698408
          25.85254874           1.08993986
          25.87248897           1.08488343
          25.89242920           1.29561732
          25.91236824           1.70886763
          25.93230847           1.62266895
          25.95224870           0.84560785
          25.97218893           0.50245417
          25.99212916           0.92877746
          26.01206939           1.35487516
          26.03200962           1.45126748
          26.05194866           1.21678552
          26.07188889           0.72500879
          26.09182912           0.51212733
          26.11176935           0.78848862
          26.13170958           0.95065790
          26.15164862           0.94227254
          26.17158885           0.91015481
          26.19152908           0.73489534
          26.21146931           0.78316663
          26.23140954           1.00229001
          26.25134977           0.95709466
          26.27129000           0.89120454
          26.29122905           0.77502193
          26.31116928           0.46945028
          26.33110951           0.26908907
          26.35104974           0.30739034
          26.37098997           0.36647316
          26.39092901           0.48312508
          26.41086924           0.57945528
          26.43080947           0.69810587
          26.45074970           1.23840767
          26.47068993           1.73549709
          26.49063016           1.82434925
          26.51057039           1.95002336
          26.53050943           1.63475864
          26.55044966           1.06281434
          26.57038989           0.83644983
          26.59033012           1.04890684
          26.61027035           1.44567873
          26.63020939           1.16321813
          26.65014962           0.46983386
          26.67008985           0.22132236
          26.69003008           0.40112849
          26.70997031           0.64347428
          26.72990935           0.79523773
          26.74984958           0.83648534
          26.76978981           0.96106218
          26.78973005           1.43684068
          26.80967028           1.92457081
          26.82961051           1.78970589
          26.84955074           1.27313258
          26.86948978           0.98315922
          26.88943001           0.97695292
          26.90937024           0.95292001
          26.92931047           0.78960436
          26.94925070           0.54998162
          26.96918974           0.38227460
          26.98912997           0.49567165
          27.00907020           1.06824063
          27.02901043           1.45659873
          27.04895066           1.44239558
          27.06889089           1.63362621
          27.08883112           1.41701638
          27.10877016           0.86894905
          27.12871039           0.84722202
          27.14865062           1.16993518
          27.16859085           1.30388577
          27.18853108           1.23078774
          27.20847012           0.99235927
          27.22841035           1.01334504
          27.24835058           1.24619693
          27.26829081           1.22779982
          27.28823105           1.47799309
          27.30817128           1.38842880
          27.32811151           0.69392197
          27.34805055           0.58207319
          27.36799078           0.99381128
          27.38793101           1.30776626
          27.40787124           1.39694689
          27.42781147           1.14960914
          27.44775051           0.71673538
          27.46769074           0.41934384
          27.48763097           0.61384728
          27.50757120           1.04441847
          27.52751143           1.00305633
          27.54745166           0.71844719
          27.56739189           0.79208011
          27.58733093           0.89088447
          27.60727116           0.69145843
          27.62721139           0.57300077
          27.64715162           0.50976962
          27.66709185           0.63464921
          27.68703089           1.02951918
          27.70697112           1.35008447
          27.72691135           1.49842518
          27.74685158           1.10043536
          27.76679181           0.78047469
          27.78673204           1.32161940
          27.80667228           1.77740378
          27.82661132           1.38228029
          27.84655155           1.07392068
          27.86649178           0.91911589
          27.88643201           1.09155200
          27.90637224           1.65456131
          27.92631128           1.66996352
          27.94625151           1.12192745
          27.96619174           0.52861788
          27.98613197           0.39191308
          28.00607220           0.82721855
          28.02601243           1.22376397
          28.04595266           0.99409846
          28.06589170           0.54569583
          28.08583193           0.36536829
          28.10577216           0.48298935
          28.12571239           0.94356226
          28.14565262           1.61977291
          28.16559166           1.85135755
          28.18553189           1.36443976
          28.20547212           1.01413034
          28.22541235           1.02629988
          28.24535258           0.95793621
          28.26529281           0.91758829
          28.28523304           0.83965620
          28.30517209           0.71056773
          28.32511232           1.05359490
          28.34505255           1.42117921
          28.36499278           1.55827216
          28.38493301           1.33112224
          28.40487205           0.71230497
          28.42481228           0.59743302
          28.44475251           1.02484196
          28.46469274           1.09015278
          28.48463297           0.89897140
          28.50457320           0.91348715
          28.52451343           0.84786452
          28.54445247           0.77507406
          28.56439270           1.03464516
          28.58433293           1.32350489
          28.60427316           1.16169231
          28.62421339           0.61543961
          28.64415243           0.38423650
          28.66409266           0.48077457
          28.68403289           0.79997946
          28.70397312           1.18776181
          28.72391335           1.12869890
          28.74385239           0.87181052
          28.76379263           0.81040830
          28.78373286           0.94686461
          28.80367309           1.16045650
          28.82361332           1.12890038
          28.84355355           0.97998835
          28.86349378           1.00688301
          28.88343282           1.10603738
          28.90337305           1.13791971
          28.92331328           0.76474083
          28.94325351           0.52321201
          28.96319374           0.83717929
          28.98313278           1.22372373
          29.00307301           1.51972838
          29.02301324           1.30334578
          29.04295347           0.83358804
          29.06289370           1.00361944
          29.08283393           1.39853377
          29.10277416           1.23641741
          29.12271320           1.09252482
          29.14265343           1.34539905
          29.16259366           1.56946432
          29.18253389           1.55273779
          29.20247412           1.35688395
          29.22241316           1.08186281
          29.24235339           0.65593327
          29.26229362           0.64739659
          29.28223386           1.02056084
          29.30217409           0.94255624
          29.32211432           0.70274642
          29.34205455           0.57894160
          29.36199359           0.49607992
          29.38193382           0.75285828
          29.40187405           1.13081155
          29.42181428           1.22118912
          29.44175451           0.95562182
          29.46169355           0.76178913
          29.48163378           1.01404913
          29.50157401           1.25879679
          29.52151424           1.33273879
          29.54145447           1.08084932
          29.56139470           0.52930656
          29.58133493           0.27044894
          29.60127397           0.33048465
          29.62121420           0.45941929
          29.64115443           0.52529417
          29.66109466           0.49380090
          29.68103489           0.73476097
          29.70097393           1.07691087
          29.72091416           1.10556479
          29.74085439           1.05777721
          29.76079462           1.19052623
          29.78073485           1.55403823
          29.80067509           1.58861732
          29.82061532           1.29076279
          29.84055436           1.17544771
          29.86049459           0.79606847
          29.88043482           0.65238476
          29.90037505           0.96386640
          29.92031528           1.10838052
          29.94025432           1.03593367
          29.96019455           0.66931322
          29.98013478           0.46217503
          30.00007501           0.80606235
          30.02001524           1.36123389
          30.03995547           1.49642855
          30.05989570           1.11183742
          30.07983474           1.09734175
          30.09977497           1.44269257
          30.11971520           1.21787378
          30.13965543           0.63596691
          30.15959566           0.35255098
          30.17953470           0.68280717
          30.19947493           1.33036390
          30.21941516           1.89037409
          30.23935539           1.93894026
          30.25929562           1.30061401
          30.27923585           0.86962609
          30.29917608           0.87459520
          30.31911513           0.82054431
          30.33905536           0.57793741
          30.35899559           0.41229668
          30.37893582           0.49939092
          30.39887605           0.71573490
          30.41881509           1.00612796
          30.43875532           0.99196535
          30.45869555           0.56751282
          30.47863578           0.49797358
          30.49857601           0.82803153
          30.51851505           1.05100283
          30.53845528           1.17968869
          30.55839551           1.33704157
          30.57833574           1.33252652
          30.59827597           1.01019784
          30.61821620           0.69852459
          30.63815643           0.72817798
          30.65809547           0.96171331
          30.67803570           1.07856006
          30.69797593           1.05466015
          30.71791616           1.22289195
          30.73785639           1.45689497
          30.75779544           1.27098212
          30.77773567           1.18365501
          30.79767590           1.23197975
          30.81761613           1.18684591
          30.83755636           1.14747823
          30.85749659           0.91980052
          30.87743682           1.05129762
          30.89737586           1.43763903
          30.91731609           1.25597390
          30.93725632           1.14082911
          30.95719655           1.27388952
          30.97713678           1.30616624
          30.99707582           1.34142744
          31.01701605           1.35244119
          31.03695628           0.96564155
          31.05689651           0.58559919
          31.07683674           0.69410244
          31.09677697           0.81684857
          31.11671720           0.84013638
          31.13665624           0.92599404
          31.15659647           0.93961830
          31.17653670           1.01585899
          31.19647693           1.00722954
          31.21641716           0.96993537
          31.23635620           0.74504138
          31.25629643           0.50213185
          31.27623667           0.63733616
          31.29617690           0.87577737
          31.31611713           1.08836463
          31.33605736           1.09508594
          31.35599759           1.18252928
          31.37593663           1.47430328
          31.39587686           1.66000482
          31.41581709           1.89083916
          31.43575732           1.68004570
          31.45569755           1.34344218
          31.47563659           1.42464904
          31.49557682           1.38449128
          31.51551705           1.10388242
          31.53545728           0.91967511
          31.55539751           0.82274167
          31.57533774           0.66634342
          31.59527797           0.57374788
          31.61521701           0.51349019
          31.63515724           0.35012776
          31.65509747           0.29786756
          31.67503770           0.50426162
          31.69497793           0.65509640
          31.71491697           0.61090118
          31.73485720           0.80653383
          31.75479743           1.20527562
          31.77473767           1.28982444
          31.79467790           1.25846476
          31.81461813           1.18604879
          31.83455836           1.40311992
          31.85449740           1.81618308
          31.87443763           1.41504052
          31.89437786           0.83066022
          31.91431809           0.53133801
          31.93425832           0.62006409
          31.95419736           0.96422967
          31.97413759           1.15335850
          31.99407782           0.97521230
          32.01401805           0.55380199
          32.03395828           0.52822664
          32.05389851           0.75672178
          32.07383874           0.69903910
          32.09377778           0.76992090
          32.11371801           1.15749120
          32.13365824           1.38334134
          32.15359847           1.48098460
          32.17353870           1.54170556
          32.19347774           1.12684450
          32.21341797           0.52491755
          32.23335820           0.43911035
          32.25329843           0.93620102
          32.27323866           1.34485995
          32.29317890           1.11019565
          32.31311913           0.98749490
          32.33305817           1.20687588
          32.35299840           1.35667900
          32.37293863           1.20802504
          32.39287886           0.82097826
          32.41281909           0.71553837
          32.43275813           0.70551048
          32.45269836           0.46519969
          32.47263859           0.31128656
          32.49257882           0.42441080
          32.51251905           0.73048052
          32.53245809           1.16980991
          32.55239832           1.21206956
          32.57233855           0.93038573
          32.59227878           1.07452781
          32.61221901           1.23177404
          32.63215924           1.06397438
          32.65209947           1.06023874
          32.67203851           1.26200892
          32.69197874           1.40655776
          32.71191897           1.46847862
          32.73185920           1.56058905
          32.75179943           1.28868543
          32.77173848           0.96358037
          32.79167871           1.05014027
          32.81161894           0.90154005
          32.83155917           0.67923447
          32.85149940           0.68406836
          32.87143963           0.78860113
          32.89137986           1.03951362
          32.91131890           1.37552846
          32.93125913           1.50125124
          32.95119936           1.28844106
          32.97113959           0.96372631
          32.99107982           0.57639435
          33.01101886           0.41753403
          33.03095909           0.68360019
          33.05089932           1.16822596
          33.07083955           1.28357523
          33.09077978           1.04646251
          33.11072001           0.88429970
          33.13066024           0.62942822
          33.15059928           0.71377118
          33.17053951           1.02419913
          33.19047974           1.05245720
          33.21041997           0.96706960
          33.23036020           1.01412332
          33.25029925           1.07749283
          33.27023948           1.13607829
          33.29017971           0.98673276
          33.31011994           0.66365795
          33.33006017           0.77392816
          33.35000040           1.06557117
          33.36994063           1.01571628
          33.38987967           0.78100361
          33.40981990           0.66005362
          33.42976013           0.70682181
          33.44970036           0.70405154
          33.46964059           0.66954548
          33.48957963           0.76198845
          33.50951986           1.04752267
          33.52946009           1.26660885
          33.54940032           1.30271374
          33.56934055           1.26524401
          33.58928078           1.17040120
          33.60922101           1.15626288
          33.62916005           1.19460918
          33.64910028           1.24057987
          33.66904051           0.97748113
          33.68898074           0.92126113
          33.70892097           1.24375873
          33.72886001           1.54392958
          33.74880024           1.56048010
          33.76874048           1.27054477
          33.78868071           1.04377134
          33.80862094           0.87185898
          33.82856117           0.70714879
          33.84850140           0.50437062
          33.86844044           0.43297811
          33.88838067           0.53019051
          33.90832090           0.57065759
          33.92826113           0.62614461
          33.94820136           0.87452423
          33.96814040           1.22100948
          33.98808063           1.50398175
          34.00802086           1.40897304
          34.02796109           1.10400915
          34.04790132           1.27364131
          34.06784155           1.38821875
          34.08778178           1.10900027
          34.10772082           1.05334471
          34.12766105           1.19561474
          34.14760128           1.23761099
          34.16754151           1.15037251
          34.18748174           1.08490387
          34.20742078           0.91104918
          34.22736101           1.03295181
          34.24730124           1.33938249
          34.26724147           1.22188126
          34.28718171           1.04614709
          34.30712075           1.14180292
          34.32706098           1.12954390
          34.34700121           0.88446928
          34.36694144           0.58864680
          34.38688167           0.44320595
          34.40682190           0.70882359
          34.42676213           1.02281830
          34.44670117           1.06847533
          34.46664140           0.97245558
          34.48658163           0.69994404
          34.50652186           0.38372368
          34.52646209           0.33705518
          34.54640113           0.47814203
          34.56634136           0.75402856
          34.58628159           1.03298252
          34.60622182           0.98230023
          34.62616205           0.86172844
          34.64610228           0.91689542
          34.66604251           1.08825780
          34.68598155           1.33038072
          34.70592178           1.55383103
          34.72586201           1.43246434
          34.74580224           1.40177532
          34.76574247           1.68785829
          34.78568152           1.43614892
          34.80562175           0.94723100
          34.82556198           0.95472792
          34.84550221           1.23933963
          34.86544244           1.53813775
          34.88538267           1.52016330
          34.90532290           1.01580524
          34.92526194           0.78214335
          34.94520217           0.85256566
          34.96514240           0.88586476
          34.98508263           0.94186009
          35.00502286           1.18949071
          35.02496190           1.53810580
          35.04490213           1.59405914
          35.06484236           1.43317472
          35.08478259           1.09278205
          35.10472282           0.74466461
          35.12466305           0.67869041
          35.14460328           0.79422483
          35.16454232           0.96271482
          35.18448255           1.12931992
          35.20442278           1.02737220
          35.22436301           0.83842286
          35.24430324           0.64774504
          35.26424229           0.52643498
          35.28418252           0.63447586
          35.30412275           0.65255324
          35.32406298           0.85068186
          35.34400321           1.25227237
          35.36394344           1.30547077
          35.38388367           1.16657719
          35.40382271           1.03388572
          35.42376294           0.76812461
          35.44370317           0.73959820
          35.46364340           0.85503983
          35.48358363           0.82837949
          35.50352267           0.82021502
          35.52346290           0.89816119
          35.54340313           0.91071883
          35.56334336           0.88307255
          35.58328359           0.78490708
          35.60322382           0.89345496
          35.62316405           1.17018609
          35.64310309           0.93826939
          35.66304332           0.60907309
          35.68298355           0.70455452
          35.70292378           0.94330519
          35.72286401           1.07509556
          35.74280306           1.13150660
          35.76274329           0.92561517
          35.78268352           0.89468457
          35.80262375           1.08116875
          35.82256398           1.20688017
          35.84250421           1.22617986
          35.86244444           1.16849378
          35.88238348           1.25836399
          35.90232371           1.29695458
          35.92226394           1.08165057
          35.94220417           0.85231690
          35.96214440           0.97963039
          35.98208344           1.25163842
          36.00202367           1.23219384
          36.02196390           0.87384155
          36.04190413           0.70913692
          36.06184436           0.74308877
          36.08178459           0.86799527
          36.10172482           1.22597204
          36.12166386           1.54961424
          36.14160409           1.44465313
          36.16154432           1.11183268
          36.18148455           0.94453143
          36.20142478           1.03091264
          36.22136382           1.07064534
          36.24130405           1.01524846
          36.26124429           0.86043204
          36.28118452           0.79942705
          36.30112475           0.92941987
          36.32106379           0.78195209
          36.34100402           0.63965548
          36.36094425           0.82362671
          36.38088448           1.13553479
          36.40082471           1.28743358
          36.42076494           0.98563655
          36.44070517           0.71681464
          36.46064421           0.88653400
          36.48058444           0.93764280
          36.50052467           0.71255086
          36.52046490           0.57154383
          36.54040513           0.62740874
          36.56034417           0.71978810
          36.58028440           0.69162629
          36.60022463           0.66743928
          36.62016486           0.80462974
          36.64010509           0.77385851
          36.66004532           0.65938997
          36.67998555           0.90487080
          36.69992459           1.33994771
          36.71986482           1.46520015
          36.73980505           1.28809998
          36.75974528           0.89683361
          36.77968552           0.79539139
          36.79962456           0.97750168
          36.81956479           0.92711990
          36.83950502           1.10206831
          36.85944525           1.31555813
          36.87938548           1.12692999
          36.89932571           0.99593607
          36.91926594           0.94204162
          36.93920498           0.82772374
          36.95914521           0.88126417
          36.97908544           1.00640442
          36.99902567           1.09833462
          37.01896590           1.18495765
          37.03890494           1.32720283
          37.05884517           1.46197758
          37.07878540           1.35073450
          37.09872563           0.99513046
          37.11866586           0.89488724
          37.13860609           0.94811306
          37.15854632           1.04451179
          37.17848536           1.08733973
          37.19842559           1.19781102
          37.21836582           1.36210725
          37.23830605           1.21897956
          37.25824628           0.93724778
          37.27818533           1.10120050
          37.29812556           1.09633340
          37.31806579           0.76575272
          37.33800602           1.01248548
          37.35794625           1.57630430
          37.37788648           1.57981093
          37.39782671           1.23278407
          37.41776575           0.93490708
          37.43770598           0.81277172
          37.45764621           0.74976700
          37.47758644           0.71038357
          37.49752667           0.87280944
          37.51746571           1.15290620
          37.53740594           1.15447794
          37.55734617           1.03831140
          37.57728640           0.94534042
          37.59722663           0.95484190
          37.61716686           0.95372641
          37.63710709           0.82607196
          37.65704613           0.79020171
          37.67698636           0.75237413
          37.69692659           0.70443141
          37.71686682           0.80343729
          37.73680705           1.01346646
          37.75674610           1.21605905
          37.77668633           1.27062101
          37.79662656           1.27052817
          37.81656679           1.35217258
          37.83650702           1.31227080
          37.85644725           1.15398990
          37.87638748           1.04705161
          37.89632652           0.99922249
          37.91626675           1.08544892
          37.93620698           1.05225377
          37.95614721           0.69712830
          37.97608744           0.50105994
          37.99602648           0.74980622
          38.01596671           1.01664293
          38.03590694           0.78804357
          38.05584717           0.55878155
          38.07578740           0.65434410
          38.09572644           0.76793174
          38.11566667           0.78903262
          38.13560690           0.82560194
          38.15554713           1.00602824
          38.17548736           1.11934668
          38.19542759           0.99734836
          38.21536782           0.80016644
          38.23530686           1.06828292
          38.25524710           1.58160253
          38.27518733           1.61170201
          38.29512756           1.45715205
          38.31506779           1.49035931
          38.33500683           1.52145428
          38.35494706           1.35585587
          38.37488729           0.93938371
          38.39482752           0.71425956
          38.41476775           0.83427081
          38.43470798           0.93771648
          38.45464821           0.90045368
          38.47458725           0.79109437
          38.49452748           0.62658836
          38.51446771           0.56939141
          38.53440794           0.66927548
          38.55434817           0.83292359
          38.57428721           0.84060328
          38.59422744           0.77099082
          38.61416767           1.00587037
          38.63410790           1.41164885
          38.65404813           1.55045256
          38.67398836           1.40200337
          38.69392859           1.23065842
          38.71386763           1.28134026
          38.73380786           1.07985757
          38.75374810           0.86202018
          38.77368833           1.05255537
          38.79362856           1.19967792
          38.81356760           0.93256640
          38.83350783           0.64374213
          38.85344806           0.66957203
          38.87338829           0.87228011
          38.89332852           0.83448949
          38.91326875           0.73161483
          38.93320898           0.94459872
          38.95314802           1.21878208
          38.97308825           1.36578231
          38.99302848           1.33250161
          39.01296871           1.24671245
          39.03290894           1.14483275
          39.05284798           0.99886554
          39.07278821           1.02695987
          39.09272844           1.07948136
          39.11266867           1.05330492
          39.13260890           1.01628925
          39.15254913           0.72467141
          39.17248936           0.52277507
          39.19242840           0.65064085
          39.21236863           0.87287877
          39.23230886           1.21529091
          39.25224909           1.32772828
          39.27218933           1.00478776
          39.29212837           0.60674269
          39.31206860           0.57369514
          39.33200883           0.86871717
          39.35194906           1.10278321
          39.37188929           1.03321720
          39.39182952           0.71648019
          39.41176975           0.63300989
          39.43170879           0.78029229
          39.45164902           0.84945592
          39.47158925           0.98445538
          39.49152948           1.20254754
          39.51146971           1.04028460
          39.53140875           0.96956707
          39.55134898           1.37097120
          39.57128921           1.68365755
          39.59122944           1.49630958
          39.61116967           1.07035232
          39.63110990           0.86263287
          39.65105013           0.92016049
          39.67098917           0.87318575
          39.69092940           0.86145015
          39.71086963           1.04184366
          39.73080986           1.22886150
          39.75075009           1.26561575
          39.77068914           1.12432056
          39.79062937           0.92841570
          39.81056960           0.67543869
          39.83050983           0.44969405
          39.85045006           0.56363907
          39.87039029           0.94925279
          39.89033052           1.27151561
          39.91026956           1.27345734
          39.93020979           1.07399033
          39.95015002           0.96569576
          39.97009025           0.95652721
          39.99003048           0.96859813
