#  pair_distribution  output: pdf
           0.10747126           0.00000000
           0.12241379           0.00000000
           0.13735632           0.00000000
           0.15229885           0.00000000
           0.16724138           0.00000000
           0.18218391           0.00000000
           0.19712644           0.00000000
           0.21206897           0.00000000
           0.22701150           0.00000000
           0.24195402           0.00000000
           0.25689655           0.00000000
           0.27183908           0.00000000
           0.28678161           0.00000000
           0.30172414           0.00000000
           0.31666666           0.00000000
           0.33160920           0.00000000
           0.34655172           0.00000000
           0.36149425           0.00000000
           0.37643679           0.00000000
           0.39137931           0.00000000
           0.40632184           0.00000000
           0.42126436           0.00000000
           0.43620689           0.00000000
           0.45114943           0.00000000
           0.46609196           0.00000000
           0.48103448           0.00000000
           0.49597701           0.00000000
           0.51091953           0.00000000
           0.52586207           0.00000000
           0.54080460           0.00000000
           0.55574712           0.00000000
           0.57068966           0.00000000
           0.58563219           0.00000000
           0.60057470           0.00000000
           0.61551724           0.00000000
           0.63045978           0.00000000
           0.64540229           0.00000000
           0.66034483           0.00000000
           0.67528737           0.00000000
           0.69022988           0.00000000
           0.70517242           0.00000000
           0.72011496           0.00000000
           0.73505747           0.00000000
           0.74999998           0.00000000
           0.76494252           0.00000000
           0.77988506           0.00000000
           0.79482758           0.00000000
           0.80977011           0.00000000
           0.82471265           0.00000000
           0.83965517           0.00000000
           0.85459771           0.00000000
           0.86954025           0.00000000
           0.88448276           0.00000000
           0.89942527           0.00000000
           0.91436781           0.00000000
           0.92931035           0.00000000
           0.94425286           0.00000000
           0.95919540           0.00000000
           0.97413794           0.00000000
           0.98908045           0.00000000
           1.00402299           0.00000000
           1.01896553           0.00000000
           1.03390804           0.00000000
           1.04885058           0.00000000
           1.06379309           0.00000000
           1.07873560           0.00000000
           1.09367817           0.00000000
           1.10862068           0.00000000
           1.12356320           0.00000000
           1.13850576           0.00000000
           1.15344827           0.00000000
           1.16839079           0.00000000
           1.18333335           0.00000000
           1.19827587           0.00000000
           1.21321838           0.00000000
           1.22816094           0.00000000
           1.24310346           0.00000000
           1.25804597           0.00000000
           1.27298854           0.00000000
           1.28793105           0.00000001
           1.30287356           0.00000082
           1.31781613           0.00004861
           1.33275864           0.00165222
           1.34770115           0.03214073
           1.36264366           0.35787942
           1.37758617           2.28084167
           1.39252874           8.32031933
           1.40747125          17.37260263
           1.42241376          20.76158967
           1.43735633          14.20148012
           1.45229884           5.56010666
           1.46724135           1.24594082
           1.48218392           0.15980134
           1.49712643           0.01173105
           1.51206895           0.00049289
           1.52701151           0.00001185
           1.54195402           0.00000016
           1.55689654           0.00000000
           1.57183910           0.00000000
           1.58678162           0.00000000
           1.60172413           0.00000000
           1.61666669           0.00000000
           1.63160921           0.00000000
           1.64655172           0.00000000
           1.66149429           0.00000000
           1.67643680           0.00000000
           1.69137931           0.00000000
           1.70632182           0.00000000
           1.72126433           0.00000000
           1.73620690           0.00000000
           1.75114941           0.00000000
           1.76609192           0.00000000
           1.78103449           0.00000000
           1.79597700           0.00000000
           1.81091951           0.00000000
           1.82586208           0.00000000
           1.84080459           0.00000000
           1.85574711           0.00000000
           1.87068967           0.00000000
           1.88563218           0.00000000
           1.90057470           0.00000000
           1.91551726           0.00000000
           1.93045978           0.00000000
           1.94540229           0.00000000
           1.96034485           0.00000000
           1.97528737           0.00000000
           1.99022982           0.00000000
           2.00517239           0.00000000
           2.02011496           0.00000000
           2.03505741           0.00000000
           2.04999998           0.00000000
           2.06494255           0.00000000
           2.07988500           0.00000000
           2.09482757           0.00000000
           2.10977014           0.00000000
           2.12471259           0.00000000
           2.13965516           0.00000000
           2.15459773           0.00000000
           2.16954019           0.00000000
           2.18448275           0.00000000
           2.19942532           0.00000000
           2.21436778           0.00000000
           2.22931034           0.00000000
           2.24425291           0.00000000
           2.25919537           0.00000000
           2.27413794           0.00000000
           2.28908050           0.00000000
           2.30402296           0.00000000
           2.31896553           0.00000000
           2.33390809           0.00000004
           2.34885055           0.00000300
           2.36379312           0.00014227
           2.37873568           0.00386579
           2.39367814           0.06011312
           2.40862071           0.53495095
           2.42356328           2.72446735
           2.43850573           7.94053838
           2.45344830          13.24419329
           2.46839087          12.64220505
           2.48333332           6.90597610
           2.49827589           2.15887716
           2.51321846           0.38623480
           2.52816091           0.03954432
           2.54310348           0.00231692
           2.55804605           0.00007769
           2.57298850           0.00000149
           2.58793096           0.00000002
           2.60287353           0.00000000
           2.61781609           0.00000000
           2.63275855           0.00000000
           2.64770112           0.00000000
           2.66264369           0.00000000
           2.67758614           0.00000000
           2.69252871           0.00000000
           2.70747128           0.00000000
           2.72241373           0.00000015
           2.73735630           0.00000926
           2.75229887           0.00032727
           2.76724132           0.00662127
           2.78218389           0.07666309
           2.79712646           0.50797881
           2.81206891           1.92617795
           2.82701148           4.17971935
           2.84195405           5.19052856
           2.85689651           3.68869059
           2.87183907           1.50012202
           2.88678164           0.34913544
           2.90172410           0.04650098
           2.91666666           0.00354420
           2.93160923           0.00015459
           2.94655169           0.00000386
           2.96149425           0.00000006
           2.97643682           0.00000000
           2.99137928           0.00000000
           3.00632185           0.00000000
           3.02126441           0.00000000
           3.03620687           0.00000000
           3.05114944           0.00000000
           3.06609200           0.00000000
           3.08103446           0.00000000
           3.09597703           0.00000000
           3.11091959           0.00000000
           3.12586205           0.00000000
           3.14080462           0.00000000
           3.15574719           0.00000000
           3.17068964           0.00000000
           3.18563221           0.00000000
           3.20057478           0.00000000
           3.21551723           0.00000000
           3.23045980           0.00000002
           3.24540237           0.00000153
           3.26034482           0.00005701
           3.27528739           0.00121700
           3.29022996           0.01486745
           3.30517241           0.10393579
           3.32011487           0.41580683
           3.33505744           0.95194355
           3.35000000           1.24720444
           3.36494246           0.93508980
           3.37988503           0.40119563
           3.39482760           0.09850664
           3.40977005           0.01384105
           3.42471262           0.00111289
           3.43965519           0.00005121
           3.45459764           0.00000135
           3.46954021           0.00000002
           3.48448278           0.00000000
           3.49942523           0.00000000
           3.51436780           0.00000004
           3.52931037           0.00000328
           3.54425282           0.00014613
           3.55919539           0.00372542
           3.57413796           0.05435075
           3.58908042           0.45374832
           3.60402298           2.16779095
           3.61896555           5.92685267
           3.63390801           9.27289226
           3.64885057           8.30220662
           3.66379314           4.25388754
           3.67873560           1.24978219
           3.69367816           0.24583706
           3.70862073           0.32020035
           3.72356319           1.41040186
           3.73850576           3.78724720
           3.75344832           5.82424893
           3.76839078           5.12560640
           3.78333335           2.58127840
           3.79827591           0.74392202
           3.81321837           0.12269030
           3.82816094           0.01157901
           3.84310339           0.00062539
           3.85804585           0.00001933
           3.87298853           0.00000034
           3.88793098           0.00000000
           3.90287344           0.00000000
           3.91781612           0.00000000
           3.93275857           0.00000000
           3.94770103           0.00000000
           3.96264371           0.00000000
           3.97758617           0.00000000
           3.99252862           0.00000000
           4.00747130           0.00000000
           4.02241376           0.00000000
           4.03735621           0.00000011
           4.05229889           0.00000702
           4.06724135           0.00025586
           4.08218380           0.00533347
           4.09712648           0.06362670
           4.11206894           0.43436605
           4.12701139           1.69682913
           4.14195407           3.79339598
           4.15689653           4.85306530
           4.17183899           3.55302246
           4.18678166           1.49343188
           4.20172412           0.41702314
           4.21666658           0.46039050
           4.23160926           1.61356944
           4.24655171           3.60426260
           4.26149417           4.61747695
           4.27643685           3.38542318
           4.29137930           1.42046877
           4.30632176           0.34171272
           4.32126444           0.05938870
           4.33620689           0.13686323
           4.35114935           0.81001531
           4.36609203           2.81827394
           4.38103448           5.61247052
           4.39597694           6.39572826
           4.41091962           4.17084859
           4.42586207           1.55654901
           4.44080453           0.33240334
           4.45574721           0.04062145
           4.47068967           0.00284093
           4.48563212           0.00011369
           4.50057480           0.00000260
           4.51551726           0.00000003
           4.53045971           0.00000000
           4.54540239           0.00000000
           4.56034485           0.00000000
           4.57528730           0.00000000
           4.59022998           0.00000000
           4.60517244           0.00000000
           4.62011489           0.00000000
           4.63505757           0.00000000
           4.65000003           0.00000000
           4.66494249           0.00000000
           4.67988516           0.00000000
           4.69482762           0.00000000
           4.70977008           0.00000000
           4.72471275           0.00000000
           4.73965521           0.00000000
           4.75459767           0.00000000
           4.76954035           0.00000000
           4.78448280           0.00000000
           4.79942526           0.00000005
           4.81436794           0.00000317
           4.82931039           0.00012329
           4.84425285           0.00274374
           4.85919553           0.03494277
           4.87413798           0.25465642
           4.88908044           1.06197525
           4.90402312           2.53442308
           4.91896557           3.46128659
           4.93390803           2.70497923
           4.94885071           1.21083351
           4.96379317           0.33048791
           4.97873562           0.26311457
           4.99367830           1.30276442
           5.00862076           4.43395369
           5.02356321           8.65989429
           5.03850589           9.68008647
           5.05344835           6.20246667
           5.06839080           2.37012129
           5.08333326           1.03078652
           5.09827572           1.75838116
           5.11321839           2.98306877
           5.12816085           2.98523227
           5.14310331           1.71151001
           5.15804598           0.56155547
           5.17298844           0.10544170
           5.18793090           0.01132906
           5.20287358           0.00069655
           5.21781603           0.00002451
           5.23275849           0.00000049
           5.24770117           0.00000001
           5.26264362           0.00000000
           5.27758608           0.00000000
           5.29252876           0.00000000
           5.30747121           0.00000039
           5.32241367           0.00001962
           5.33735635           0.00056698
           5.35229880           0.00937696
           5.36724126           0.08873927
           5.38218394           0.48059437
           5.39712640           1.48945879
           5.41206885           2.64143081
           5.42701153           2.68069814
           5.44195399           1.55687694
           5.45689644           0.51739411
           5.47183912           0.09839560
           5.48678158           0.01070874
           5.50172403           0.00066690
           5.51666671           0.00002377
           5.53160917           0.00000048
           5.54655162           0.00000001
           5.56149430           0.00000002
           5.57643676           0.00000151
           5.59137921           0.00005685
           5.60632189           0.00122250
           5.62126435           0.01504312
           5.63620681           0.10592195
           5.65114948           0.42681580
           5.66609194           0.98419978
           5.68103440           1.29863273
           5.69597708           0.98058406
           5.71091953           0.42372327
           5.72586199           0.10477074
           5.74080467           0.01482457
           5.75574712           0.00120042
           5.77068958           0.00005562
           5.78563226           0.00000147
           5.80057471           0.00000002
           5.81551717           0.00000000
           5.83045985           0.00000002
           5.84540230           0.00000157
           5.86034476           0.00006387
           5.87528744           0.00148734
           5.89022989           0.01981957
           5.90517235           0.15112532
           5.92011503           0.65945702
           5.93505749           1.64673214
           5.94999994           2.35298523
           5.96494262           1.92402550
           5.97988508           0.90032728
           5.99482753           0.24107364
           6.00977021           0.03694098
           6.02471267           0.00333492
           6.03965512           0.00263389
           6.05459780           0.03648603
           6.06954026           0.30816650
           6.08448271           1.48956538
           6.09942539           4.12043245
           6.11436785           6.52382006
           6.12931031           5.92741066
           6.14425298           3.20915727
           6.15919544           1.53904703
           6.17413790           1.70390603
           6.18908058           2.19420356
           6.20402303           1.75449406
           6.21896549           0.80753729
           6.23390817           0.21278425
           6.24885062           0.03208733
           6.26379308           0.00276878
           6.27873576           0.00013672
           6.29367821           0.00000386
           6.30862067           0.00000006
           6.32356335           0.00000000
           6.33850580           0.00000000
           6.35344826           0.00000000
           6.36839094           0.00000000
           6.38333339           0.00000001
           6.39827585           0.00000103
           6.41321853           0.00004750
           6.42816099           0.00125904
           6.44310344           0.01909702
           6.45804612           0.16576816
           6.47298858           0.82341462
           6.48793103           2.34042757
           6.50287349           3.80705917
           6.51781594           3.54509520
           6.53275862           1.90964698
           6.54770108           0.74841261
           6.56264354           0.87120465
           6.57758621           1.97450157
           6.59252867           2.86549257
           6.60747113           2.39078668
           6.62241381           1.14203349
           6.63735626           0.31670145
           6.65229872           0.08550971
           6.66724140           0.16866205
           6.68218385           0.42089667
           6.69712631           0.61634744
           6.71206899           0.51676337
           6.72701144           0.24794706
           6.74195390           0.06807569
           6.75689658           0.01074212
           6.77183903           0.00205670
           6.78678149           0.01471271
           6.80172417           0.11236585
           6.81666662           0.49273099
           6.83160908           1.23637274
           6.84655176           1.77536107
           6.86149422           1.45887125
           6.87643667           0.68597078
           6.89137935           0.18457848
           6.90632181           0.02842237
           6.92126426           0.00250452
           6.93620694           0.00013556
           6.95114940           0.00033055
           6.96609185           0.00658615
           6.98103453           0.07593617
           6.99597699           0.50101388
           7.01091944           1.89153678
           7.02586212           4.08731948
           7.04080458           5.06120850
           7.05574704           3.63749298
           7.07068971           1.71775496
           7.08563217           1.06464511
           7.10057463           1.48815935
           7.11551730           2.47351328
           7.13045976           3.39349036
           7.14540222           3.09865675
           7.16034490           1.69704117
           7.17528735           0.53879609
           7.19022981           0.09834367
           7.20517249           0.01268319
           7.22011494           0.02766869
           7.23505740           0.17277156
           7.25000008           0.63559224
           7.26494253           1.38326515
           7.27988499           1.98666637
           7.29482767           2.48961516
           7.30977012           3.16741624
           7.32471258           3.16861656
           7.33965526           2.14266522
           7.35459772           1.39138069
           7.36954017           1.49051308
           7.38448285           1.51541172
           7.39942531           0.95590032
           7.41436776           0.34819102
           7.42931044           0.07279067
           7.44425290           0.01136466
           7.45919535           0.02952262
           7.47413803           0.17811228
           7.48908049           0.62735309
           7.50402294           1.26457248
           7.51896562           1.45871801
           7.53390808           0.96292548
           7.54885053           0.36372376
           7.56379321           0.07862050
           7.57873589           0.00972964
           7.59367813           0.00086439
           7.60862036           0.00359651
           7.62356304           0.04141986
           7.63850572           0.27509288
           7.65344840           1.04552157
           7.66839107           2.27385539
           7.68333331           2.83005892
           7.69827554           2.01542675
           7.71321822           0.82137176
           7.72816090           0.19155287
           7.74310358           0.02556389
           7.75804626           0.00198657
           7.77298849           0.00094959
           7.78793072           0.01242223
           7.80287340           0.10215213
           7.81781608           0.48082168
           7.83275876           1.29600207
           7.84770144           2.01044986
           7.86264367           1.86745676
           7.87758590           1.34006492
           7.89252858           1.42075696
           7.90747126           2.09126782
           7.92241394           2.83294033
           7.93735662           3.08073383
           7.95229885           2.30930313
           7.96724109           1.06508488
           7.98218376           0.28789998
           7.99712644           0.04486163
           8.01206912           0.00403737
           8.02701180           0.00088692
           8.04195403           0.00938029
           8.05689627           0.07375293
           8.07183895           0.33208655
           8.08678163           0.85565706
           8.10172430           1.26160679
           8.11666698           1.06444783
           8.13160922           0.51400369
           8.14655145           0.14290230
           8.16149413           0.03681882
           8.17643681           0.13313816
           8.19137949           0.68470061
           8.20632216           2.04559211
           8.22126440           3.49791861
           8.23620663           3.42405631
           8.25114931           1.93875450
           8.26609199           0.78149433
           8.28103467           0.82539093
           8.29597735           1.74745509
           8.31091958           2.41918779
           8.32586181           1.92827064
           8.34080449           0.87986120
           8.35574717           0.23112245
           8.37068985           0.05330392
           8.38563253           0.14905027
           8.40057476           0.64373503
           8.41551699           1.62204355
           8.43045967           2.33956875
           8.44540235           1.93177111
           8.46034503           0.92259369
           8.47528771           0.32551514
           8.49022994           0.37534859
           8.50517218           0.82723254
           8.52011486           1.16101994
           8.53505753           1.02177585
           8.55000021           0.97996996
           8.56494289           1.86194206
           8.57988513           3.16670545
           8.59482736           3.31267713
           8.60977004           2.26764510
           8.62471272           1.49803121
           8.63965539           1.24335931
           8.65459763           0.84591964
           8.66953986           0.35440116
           8.68448254           0.08595760
           8.69942522           0.01208349
           8.71436790           0.00336137
           8.72931058           0.02488272
           8.74425281           0.14647541
           8.75919504           0.49421953
           8.77413772           0.95435322
           8.78908040           1.05516154
           8.80402308           0.67668970
           8.81896576           0.32800791
           8.83390799           0.48443988
           8.84885022           1.25107250
           8.86379290           2.04257902
           8.87873558           1.91665161
           8.89367826           1.02934568
           8.90862094           0.31634274
           8.92356317           0.05563933
           8.93850541           0.00559943
           8.95344809           0.00032246
           8.96839076           0.00001063
           8.98333344           0.00000020
           8.99827612           0.00000001
           9.01321836           0.00000071
           9.02816059           0.00003157
           9.04310327           0.00080238
           9.05804595           0.01167208
           9.07298862           0.09724697
           9.08793130           0.46511269
           9.10287354           1.28740117
           9.11781577           2.11906605
           9.13275845           2.24850162
           9.14770113           1.80304778
           9.16264381           1.21313100
           9.17758649           0.61452575
           9.19252872           0.20348869
           9.20747095           0.07956875
           9.22241363           0.27894327
           9.23735631           1.05615318
           9.25229899           2.32966260
           9.26724167           2.99200865
           9.28218390           2.44251722
           9.29712613           1.91754776
           9.31206881           2.54080387
           9.32701149           3.82367045
           9.34195417           4.18070979
           9.35689685           2.86128555
           9.37183908           1.16028114
           9.38678132           0.27276104
           9.40172399           0.03756474
           9.41666667           0.01320260
           9.43160935           0.08708766
           9.44655203           0.41822754
           9.46149426           1.15102703
           9.47643650           1.81258962
           9.49137918           1.63351772
           9.50632185           0.84240944
           9.52126453           0.24859798
           9.53620721           0.04198044
           9.55114945           0.00405724
           9.56609168           0.00022436
           9.58103436           0.00000710
           9.59597704           0.00000013
           9.61091972           0.00000000
           9.62586239           0.00000000
           9.64080463           0.00000001
           9.65574686           0.00000048
           9.67068954           0.00002025
           9.68563222           0.00048379
           9.70057490           0.00661438
           9.71551758           0.05174801
           9.73045981           0.23167730
           9.74540204           0.59349754
           9.76034472           0.87038456
           9.77528740           0.73458391
           9.79023008           0.38990285
           9.80517276           0.28753172
           9.82011499           0.54627130
           9.83505722           0.86057149
           9.84999990           0.91451860
           9.86494258           1.07773464
           9.87988526           1.86783340
           9.89482794           2.64338712
           9.90977017           2.50211851
           9.92471241           2.06426889
           9.93965508           2.17648519
           9.95459776           2.44701289
           9.96954044           2.17012441
           9.98448312           1.31237795
           9.99942535           0.50517662
          10.01436759           0.18331872
          10.02931027           0.34356187
          10.04425295           0.93723466
          10.05919562           1.61463794
          10.07413786           1.64971010
          10.08908009           0.99374216
          10.10402277           0.42669668
          10.11896545           0.43876874
          10.13390813           0.89727107
          10.14885081           1.21830680
          10.16379304           0.95436265
          10.17873527           0.43317462
          10.19367795           0.15425947
          10.20862063           0.21906360
          10.22356331           0.53001963
          10.23850599           0.78804491
          10.25344822           0.67214748
          10.26839045           0.32842978
          10.28333313           0.09727822
          10.29827581           0.06333509
          10.31321849           0.25417774
          10.32816117           0.81495194
          10.34310340           1.68101085
          10.35804564           2.29219689
          10.37298831           2.18642869
          10.38793099           1.63210551
          10.40287367           1.11579692
          10.41781635           0.94366375
          10.43275858           1.17089572
          10.44770082           1.47508100
          10.46264350           1.97745684
          10.47758618           2.99508155
          10.49252885           3.47272550
          10.50747153           2.45813586
          10.52241377           1.00737330
          10.53735600           0.23668714
          10.55229868           0.03183397
          10.56724136           0.00245023
          10.58218404           0.00010792
          10.59712671           0.00000272
          10.61206895           0.00000043
          10.62701118           0.00001953
          10.64195386           0.00056278
          10.65689654           0.00939447
          10.67183922           0.09095301
          10.68678190           0.51130376
          10.70172413           1.67157534
          10.71666636           3.19494861
          10.73160904           3.68214209
          10.74655172           2.98337614
          10.76149440           2.51193652
          10.77643708           2.34880136
          10.79137931           1.68523336
          10.80632154           1.01306178
          10.82126422           1.07602274
          10.83620690           1.42075821
          10.85114958           1.22882412
          10.86609226           0.64943379
          10.88103449           0.37935517
          10.89597673           0.71630927
          10.91091941           1.45684180
          10.92586208           1.94037778
          10.94080476           1.61398842
          10.95574744           0.81884865
          10.97068968           0.24788575
          10.98563191           0.04402769
          11.00057459           0.00455619
          11.01551727           0.00067789
          11.03045994           0.00569852
          11.04540262           0.04722377
          11.06034486           0.24279305
          11.07528709           0.81731472
          11.09022977           1.87839954
          11.10517245           2.91833549
          11.12011513           2.91266734
          11.13505781           1.78641924
          11.15000004           0.72929791
          11.16494227           0.44813077
          11.17988495           0.64439497
          11.19482763           0.84431509
          11.20977031           1.05509706
          11.22471299           1.45412481
          11.23965522           1.90376884
          11.25459745           2.55754918
          11.26954013           3.31829105
          11.28448281           3.08490481
          11.29942549           1.75616962
          11.31436817           0.60271406
          11.32931040           0.19680855
          11.34425264           0.22952478
          11.35919531           0.32144039
          11.37413799           0.27121710
          11.38908067           0.13144169
          11.40402335           0.03971647
          11.41896558           0.03917407
          11.43390782           0.19022361
          11.44885050           0.61642424
          11.46379317           1.14634568
          11.47873585           1.22360750
          11.49367809           0.77971528
          11.50862032           0.44749818
          11.52356300           0.60681398
          11.53850568           0.99946362
          11.55344836           1.29338463
          11.56839104           1.65806292
          11.58333327           2.04137041
          11.59827550           1.88935175
          11.61321818           1.33461238
          11.62816086           0.85058945
          11.64310354           0.45853709
          11.65804622           0.16767496
          11.67298845           0.03697835
          11.68793068           0.00644308
          11.70287336           0.01998886
          11.71781604           0.12709604
          11.73275872           0.47257773
          11.74770140           1.02858847
          11.76264363           1.42127540
          11.77758587           1.60343292
          11.79252854           1.89767497
          11.80747122           1.98927003
          11.82241390           1.62740902
          11.83735658           1.26252657
          11.85229881           0.98232517
          11.86724105           0.72476625
          11.88218373           0.80962763
          11.89712640           1.14031463
          11.91206908           1.11238863
          11.92701176           0.71679001
          11.94195400           0.65416571
          11.95689623           1.35840594
          11.97183891           2.38802143
          11.98678159           2.67193578
          12.00172427           1.84587329
          12.01666694           0.77440607
          12.03160918           0.19999844
          12.04655141           0.08742223
          12.06149409           0.31334185
          12.07643677           0.94260702
          12.09137945           1.66446415
          12.10632213           1.79469171
          12.12126436           1.34858220
          12.13620659           0.85677822
          12.15114927           0.46104671
          12.16609195           0.17473153
          12.18103463           0.05756091
          12.19597731           0.12095868
          12.21091954           0.43004214
          12.22586177           0.91403481
          12.24080445           1.12207491
          12.25574713           0.85794932
          12.27068981           0.67670542
          12.28563249           0.99921533
          12.30057472           1.36449183
          12.31551696           1.14696467
          12.33045963           0.57922673
          12.34540231           0.26318108
          12.36034499           0.33505599
          12.37528767           0.52137690
          12.39022990           0.49856409
          12.40517214           0.27718899
          12.42011482           0.11461834
          12.43505750           0.14770621
          12.45000017           0.35143811
          12.46494285           0.52993878
          12.47988509           0.46278121
          12.49482732           0.26707398
          12.50977000           0.29347458
          12.52471268           0.77331621
          12.53965536           1.50180202
          12.55459803           1.90798024
          12.56954027           1.96577916
          12.58448250           1.98772999
          12.59942518           1.87019072
          12.61436786           1.87945497
          12.62931054           2.31160378
          12.64425322           2.43710850
          12.65919545           1.67652062
          12.67413768           0.69156628
          12.68908036           0.17296842
          12.70402304           0.06958126
          12.71896572           0.18897407
          12.73390840           0.46853690
          12.74885063           0.86513290
          12.76379286           1.45466755
          12.77873554           2.12361078
          12.79367822           2.33719342
          12.80862090           2.13507440
          12.82356358           1.88547057
          12.83850581           1.36176725
          12.85344805           0.63861288
          12.86839073           0.17711366
          12.88333340           0.02908137
          12.89827608           0.01241233
          12.91321832           0.07210441
          12.92816055           0.30193108
          12.94310323           0.72574709
          12.95804591           1.00825579
          12.97298859           0.87004362
          12.98793126           0.69669872
          13.00287350           0.88235325
          13.01781573           1.14965587
          13.03275841           1.28495042
          13.04770109           1.50825900
          13.06264377           1.61168366
          13.07758645           1.41473420
          13.09252868           1.51842075
          13.10747091           1.94749805
          13.12241359           1.80112605
          13.13735627           1.05985995
          13.15229895           0.61912751
          13.16724163           0.76343548
          13.18218386           1.04624356
          13.19712609           1.10197703
          13.21206877           1.02406834
          13.22701145           1.12236295
          13.24195413           1.43578311
          13.25689681           1.45126116
          13.27183904           0.91739301
          13.28678128           0.33887183
          13.30172396           0.07198607
          13.31666663           0.00885413
          13.33160931           0.00243993
          13.34655199           0.02073445
          13.36149423           0.13784111
          13.37643646           0.54717810
          13.39137914           1.32817966
          13.40632182           2.06352710
          13.42126449           2.22788068
          13.43620717           1.86902592
          13.45114941           1.34396333
          13.46609164           0.90409220
          13.48103432           0.57792012
          13.49597700           0.31691888
          13.51091968           0.24913219
          13.52586236           0.49710455
          13.54080459           0.84806475
          13.55574682           0.85782447
          13.57068950           0.52082687
          13.58563218           0.30862495
          13.60057486           0.48852031
          13.61551754           0.83025075
          13.63045977           0.86214439
          13.64540200           0.57840327
          13.66034468           0.57625000
          13.67528736           1.32962091
          13.69023004           2.39717568
          13.70517272           2.55001040
          13.72011495           1.56746626
          13.73505719           0.55586783
          13.74999986           0.11369987
          13.76494254           0.01341572
          13.77988522           0.00111778
          13.79482790           0.00334402
          13.80977013           0.03032056
          13.82471237           0.15900836
          13.83965505           0.47762576
          13.85459772           0.82616359
          13.86954040           0.85802659
          13.88448308           0.68990830
          13.89942532           0.78045892
          13.91436755           1.16291893
          13.92931023           1.73860273
          13.94425291           2.51597574
          13.95919559           2.85141435
          13.97413826           2.33605683
          13.98908050           1.70585719
          14.00402273           1.33300800
          14.01896541           0.98247912
          14.03390809           0.90189892
          14.04885077           1.41939799
          14.06379345           2.08730525
          14.07873568           2.25103170
          14.09367791           1.98624175
          14.10862059           1.83630727
          14.12356327           2.03011154
          14.13850595           2.02394405
          14.15344863           1.35765810
          14.16839086           0.58320073
          14.18333309           0.25264404
          14.19827577           0.21913047
          14.21321845           0.18993101
          14.22816113           0.15340712
          14.24310381           0.30827139
          14.25804604           0.78956803
          14.27298828           1.35505528
          14.28793095           1.48993976
          14.30287363           1.17289829
          14.31781631           1.11098853
          14.33275855           1.70494261
          14.34770078           2.28312767
          14.36264346           2.23887301
          14.37758614           1.91258079
          14.39252882           1.60196412
          14.40747149           1.38046369
          14.42241373           1.27493208
          14.43735596           1.01443579
          14.45229864           0.54846067
          14.46724132           0.18185686
          14.48218400           0.03618440
          14.49712668           0.01051128
          14.51206891           0.04205166
          14.52701114           0.15636331
          14.54195382           0.34867748
          14.55689650           0.51347418
          14.57183918           0.62181847
          14.58678186           0.71796312
          14.60172409           0.80167094
          14.61666632           1.07259197
          14.63160900           1.51803898
          14.64655168           1.53364906
          14.66149436           1.05443882
          14.67643704           0.77390855
          14.69137927           0.81332870
          14.70632151           0.71915512
          14.72126419           0.52336420
          14.73620686           0.66265522
          14.75114954           1.11895394
          14.76609222           1.42546420
          14.78103445           1.49453182
          14.79597669           1.48406758
          14.81091937           1.25416931
          14.82586205           0.83303918
          14.84080472           0.46198351
          14.85574740           0.34580727
          14.87068964           0.67761845
          14.88563187           1.29144875
          14.90057455           1.49352555
          14.91551723           1.05737060
          14.93045991           0.74851946
          14.94540258           1.15758151
          14.96034482           1.78412176
          14.97528705           1.69200867
          14.99022973           0.96867025
          15.00517241           0.45359315
          15.02011509           0.37415516
          15.03505777           0.37066128
          15.05000000           0.26534466
          15.06494268           0.27973294
          15.07988536           0.73667724
          15.09482715           1.62794511
          15.10976982           2.28397406
          15.12471250           2.09797925
          15.13965518           1.51146549
          15.15459786           1.25537146
          15.16954054           1.31852276
          15.18448322           1.41350067
          15.19942501           1.41878179
          15.21436768           1.31642080
          15.22931036           1.38261719
          15.24425304           1.55530905
          15.25919572           1.34509108
          15.27413751           0.96032702
          15.28908019           0.87664608
          15.30402287           0.96581079
          15.31896555           1.13051106
          15.33390822           1.60965052
          15.34885090           2.40399051
          15.36379358           2.91467895
          15.37873537           2.62088563
          15.39367805           1.90799417
          15.40862073           1.18901670
          15.42356341           0.55115504
          15.43850608           0.16365070
          15.45344787           0.04130174
          15.46839055           0.08366541
          15.48333323           0.28876048
          15.49827591           0.59430317
          15.51321859           0.73493066
          15.52816127           0.66427916
          15.54310395           0.67359317
          15.55804573           0.72927255
          15.57298841           0.55910551
          15.58793109           0.28507252
          15.60287377           0.16744559
          15.61781645           0.17526868
          15.63275824           0.15383117
          15.64770091           0.08739322
          15.66264359           0.07159572
          15.67758627           0.19632385
          15.69252895           0.49828590
          15.70747163           0.87378569
          15.72241431           1.13913886
          15.73735610           1.26852199
          15.75229878           1.25540668
          15.76724145           0.95067016
          15.78218413           0.52641527
          15.79712681           0.34406683
          15.81206860           0.35264431
          15.82701128           0.31321316
          15.84195396           0.30422240
          15.85689664           0.61850453
          15.87183931           1.22950422
          15.88678110           1.58364932
          15.90172378           1.37003365
          15.91666646           1.16773143
          15.93160914           1.48805395
          15.94655182           1.81251310
          15.96149450           1.57790933
          15.97643718           1.10666443
          15.99137896           0.77077138
          16.00632164           0.53487216
          16.02126432           0.36170646
          16.03620700           0.43350272
          16.05114968           0.87622858
          16.06609147           1.28643833
          16.08103414           1.14896214
          16.09597682           0.81249432
          16.11091950           1.00450277
          16.12586218           1.62270971
          16.14080486           1.93313692
          16.15574754           1.73644946
          16.17068933           1.33678540
          16.18563201           0.97846199
          16.20057468           0.81266597
          16.21551736           0.69452314
          16.23046004           0.55390422
          16.24540183           0.63742947
          16.26034451           0.89080953
          16.27528719           0.92268524
          16.29022987           0.74777690
          16.30517254           0.73767044
          16.32011522           0.92459951
          16.33505790           1.16112774
          16.34999969           1.42522733
          16.36494237           1.69842360
          16.37988505           1.93564319
          16.39482773           1.84121069
          16.40977041           1.33482337
          16.42471219           1.02986476
          16.43965487           1.26433671
          16.45459755           1.54382630
          16.46954023           1.38613839
          16.48448291           0.87825336
          16.49942559           0.37731239
          16.51436827           0.10354746
          16.52931005           0.01727138
          16.54425273           0.00187883
          16.55919541           0.00288705
          16.57413809           0.02447911
          16.58908077           0.12289745
          16.60402256           0.35324508
          16.61896524           0.58392101
          16.63390791           0.57912930
          16.64885059           0.46842779
          16.66379327           0.63743221
          16.67873595           1.11985956
          16.69367863           1.67698627
          16.70862042           2.15564717
          16.72356310           2.30028437
          16.73850577           2.10839171
          16.75344845           1.84968712
          16.76839113           1.40597854
          16.78333292           0.85747160
          16.79827560           0.58307897
          16.81321828           0.52933862
          16.82816096           0.61682006
          16.84310364           1.18274831
          16.85804631           2.08683886
          16.87298899           2.29049375
          16.88793078           1.48317000
          16.90287346           0.64775679
          16.91781614           0.35771202
          16.93275882           0.32340511
          16.94770150           0.33103242
          16.96264328           0.56668459
          16.97758596           1.05154813
          16.99252864           1.28334695
          17.00747132           0.97591331
          17.02241400           0.57880907
          17.03735668           0.49915545
          17.05229936           0.68582678
          17.06724114           0.91320875
          17.08218382           0.87262628
          17.09712650           0.52541703
          17.11206918           0.25455063
          17.12701186           0.43091826
          17.14195365           1.22555508
          17.15689633           2.22649983
          17.17183900           2.45875006
          17.18678168           1.89087223
          17.20172436           1.60028495
          17.21666615           1.76500715
          17.23160883           1.54965058
          17.24655151           0.93172458
          17.26149419           0.59489487
          17.27643687           0.58634534
          17.29137954           0.49651632
          17.30632222           0.29696309
          17.32126401           0.26890633
          17.33620669           0.50807077
          17.35114937           0.81035914
          17.36609205           0.99285344
          17.38103473           1.12384189
          17.39597651           1.13423066
          17.41091919           0.86730157
          17.42586187           0.66703369
          17.44080455           0.97173080
          17.45574723           1.51947416
          17.47068991           1.69702181
          17.48563259           1.66394053
          17.50057437           1.98118361
          17.51551705           2.29589360
          17.53045973           2.12253267
          17.54540241           1.81901137
          17.56034509           1.72016291
          17.57528688           1.66513184
          17.59022956           1.45261080
          17.60517223           1.04764345
          17.62011491           0.55035969
          17.63505759           0.20651681
          17.65000027           0.17759115
          17.66494295           0.52270011
          17.67988474           1.13605346
          17.69482742           1.52310910
          17.70977010           1.43229474
          17.72471277           1.32896234
          17.73965545           1.41644079
          17.75459724           1.41540815
          17.76953992           1.25224003
          17.78448260           0.95079400
          17.79942528           0.58396027
          17.81436796           0.35832727
          17.82931063           0.47454415
          17.84425331           0.86814577
          17.85919510           1.06724189
          17.87413778           0.85245989
          17.88908046           0.67796937
          17.90402314           0.77744234
          17.91896582           0.77720743
          17.93390760           0.55518991
          17.94885028           0.45311243
          17.96379296           0.53019671
          17.97873564           0.51904522
          17.99367832           0.47032872
          18.00862100           0.70045558
          18.02356368           1.15938195
          18.03850546           1.47524610
          18.05344814           1.60081472
          18.06839082           1.74864569
          18.08333350           1.81108568
          18.09827618           1.60818573
          18.11321797           1.22901728
          18.12816065           0.79937886
          18.14310333           0.45706603
          18.15804600           0.38324120
          18.17298868           0.63100932
          18.18793136           0.88630035
          18.20287404           0.79551791
          18.21781583           0.56465015
          18.23275851           0.52324073
          18.24770119           0.52042568
          18.26264386           0.38763030
          18.27758654           0.34029432
          18.29252833           0.54353843
          18.30747101           0.77788715
          18.32241369           0.85406748
          18.33735637           1.01236407
          18.35229905           1.27813875
          18.36724173           1.19256329
          18.38218440           0.81691456
          18.39712619           0.67389615
          18.41206887           0.82773763
          18.42701155           1.07570720
          18.44195423           1.37768464
          18.45689691           1.76387194
          18.47183869           2.02385005
          18.48678137           1.87067844
          18.50172405           1.68402294
          18.51666673           1.78707114
          18.53160941           1.67888628
          18.54655209           1.25512225
          18.56149477           1.02081771
          18.57643656           0.91905829
          18.59137923           0.64507336
          18.60632191           0.37968034
          18.62126459           0.29716509
          18.63620727           0.30258915
          18.65114906           0.46121735
          18.66609174           0.91933050
          18.68103442           1.35758546
          18.69597709           1.29630250
          18.71091977           0.97312932
          18.72586156           0.96706515
          18.74080424           1.28917887
          18.75574692           1.56240217
          18.77068960           1.51124569
          18.78563228           1.13741268
          18.80057496           0.69576285
          18.81551763           0.48490152
          18.83045942           0.63621791
          18.84540210           0.92688136
          18.86034478           1.06268847
          18.87528746           1.08920589
          18.89023014           1.16418991
          18.90517192           1.26116722
          18.92011460           1.32861655
          18.93505728           1.44636781
          18.94999996           1.60150352
          18.96494264           1.49905252
          18.97988532           1.14210460
          18.99482800           0.98493048
          19.00976979           1.02930048
          19.02471246           1.00295366
          19.03965514           1.05378030
          19.05459782           1.23827889
          19.06954050           1.29385575
          19.08448229           1.13643885
          19.09942497           0.83374480
          19.11436765           0.54686867
          19.12931032           0.57879464
          19.14425300           1.08476084
          19.15919568           1.60281721
          19.17413836           1.56738757
          19.18908015           1.41871034
          19.20402283           1.71027550
          19.21896551           1.81941691
          19.23390819           1.21401734
          19.24885086           0.47149825
          19.26379265           0.10681127
          19.27873533           0.02800824
          19.29367801           0.07893088
          19.30862069           0.24152120
          19.32356337           0.44503694
          19.33850605           0.54613974
          19.35344872           0.59483970
          19.36839051           0.72653743
          19.38333319           0.88699218
          19.39827587           0.92353581
          19.41321855           0.75429324
          19.42816123           0.50752105
          19.44310302           0.43445952
          19.45804569           0.70547281
          19.47298837           1.14864860
          19.48793105           1.40314553
          19.50287373           1.52237965
          19.51781641           1.64159287
          19.53275909           1.43850966
          19.54770088           0.83150432
          19.56264355           0.29151140
          19.57758623           0.07697292
          19.59252891           0.12272801
          19.60747159           0.44020940
          19.62241338           0.98481621
          19.63735606           1.33522972
          19.65229874           1.21486431
          19.66724142           0.96063839
          19.68218409           0.77877404
          19.69712677           0.58055167
          19.71206945           0.56220728
          19.72701124           0.85376342
          19.74195392           1.07787652
          19.75689660           0.94909246
          19.77183928           0.80301356
          19.78678195           0.90367292
          19.80172374           0.95793296
          19.81666642           0.71595762
          19.83160910           0.36396224
          19.84655178           0.20862418
          19.86149446           0.36291000
          19.87643714           0.66553520
          19.89137982           0.80153499
          19.90632160           0.83101157
          19.92126428           1.14228061
          19.93620696           1.56817325
          19.95114964           1.61787861
          19.96609232           1.47398994
          19.98103411           1.50057614
          19.99597678           1.50212713
          20.01091946           1.26503360
          20.02586214           0.88500767
          20.04080482           0.57070209
          20.05574661           0.59892713
          20.07068929           1.08027086
          20.08563197           1.55055512
          20.10057465           1.53571648
          20.11551732           1.49561474
          20.13046000           1.88305066
          20.14540268           2.19705603
          20.16034447           1.98737480
          20.17528715           1.44684095
          20.19022983           0.90390625
          20.20517251           0.57168986
          20.22011518           0.62278663
          20.23505697           0.96820244
          20.24999965           1.10395162
          20.26494233           0.81758121
          20.27988501           0.56783519
          20.29482769           0.68016183
          20.30977037           0.91752801
          20.32471305           1.04255736
          20.33965483           1.13920930
          20.35459751           1.32627495
          20.36954019           1.72198955
          20.38448287           2.10831888
          20.39942555           1.97402349
          20.41436734           1.53197303
          20.42931001           1.29806000
          20.44425269           1.13932663
          20.45919537           0.80689979
          20.47413805           0.47011923
          20.48908073           0.27035180
          20.50402341           0.16990474
          20.51896520           0.19627523
          20.53390788           0.34269101
          20.54885055           0.44286959
          20.56379323           0.40258357
          20.57873591           0.31422109
          20.59367770           0.26605459
          20.60862038           0.37169172
          20.62356306           0.70226810
          20.63850574           1.00537750
          20.65344841           1.03180766
          20.66839109           1.01223703
          20.68333377           1.10785975
          20.69827556           1.15660243
          20.71321824           1.30369822
          20.72816092           1.64101296
          20.74310360           1.75088794
          20.75804628           1.46124944
          20.77298806           1.09281691
          20.78793074           0.85623863
          20.80287342           0.77852130
          20.81781610           0.91060575
          20.83275878           1.03826945
          20.84770146           0.92883004
          20.86264414           0.83175822
          20.87758592           0.95675594
          20.89252860           1.10887780
          20.90747128           1.06143514
          20.92241396           0.83512788
          20.93735664           0.74229776
          20.95229843           1.13887986
          20.96724111           1.78336150
          20.98218378           1.96483814
          20.99712646           1.75746358
          21.01206914           1.73353916
          21.02701182           1.63069326
          21.04195450           1.10697534
          21.05689629           0.56771175
          21.07183897           0.33880972
          21.08678164           0.41441490
          21.10172432           0.84980161
          21.11666700           1.45829256
          21.13160879           1.77449198
          21.14655147           1.86556331
          21.16149415           2.06624720
          21.17643683           2.22519530
          21.19137951           2.18008020
          21.20632218           1.98031466
          21.22126486           1.55864523
          21.23620665           0.92360970
          21.25114933           0.45269040
          21.26609201           0.43044706
          21.28103469           0.73562549
          21.29597737           1.04513710
          21.31091915           1.03786748
          21.32586183           0.67383783
          21.34080451           0.27350770
          21.35574719           0.07420699
          21.37068987           0.05389781
          21.38563255           0.16217676
          21.40057523           0.37092551
          21.41551701           0.62959754
          21.43045969           0.96817136
          21.44540237           1.33804796
          21.46034505           1.45173062
          21.47528773           1.17960188
          21.49022952           0.74856866
          21.50517220           0.52157327
          21.52011487           0.76913320
          21.53505755           1.33760712
          21.55000023           1.61272265
          21.56494202           1.41003744
          21.57988470           1.18543835
          21.59482738           1.04683630
          21.60977006           0.80852478
          21.62471274           0.59192928
          21.63965541           0.51986534
          21.65459809           0.61916011
          21.66953988           0.95315923
          21.68448256           1.26205744
          21.69942524           1.16311528
          21.71436792           0.78342972
          21.72931060           0.55414052
          21.74425238           0.56330011
          21.75919506           0.52610396
          21.77413774           0.40690639
          21.78908042           0.59594438
          21.80402310           1.28456374
          21.81896578           1.91237303
          21.83390846           1.84628155
          21.84885024           1.44627328
          21.86379292           1.22131884
          21.87873560           0.95295926
          21.89367828           0.51996559
          21.90862096           0.20991394
          21.92356275           0.24805001
          21.93850543           0.76178008
          21.95344810           1.59863696
          21.96839078           2.02009125
          21.98333346           1.60923321
          21.99827614           0.93449864
          22.01321882           0.53002491
          22.02816061           0.47520530
          22.04310329           0.70780604
          22.05804597           0.94149680
          22.07298864           0.97974931
          22.08793132           1.00458340
          22.10287311           1.09050863
          22.11781579           1.16793420
          22.13275847           1.25124903
          22.14770115           1.17913775
          22.16264383           0.84063111
          22.17758650           0.48668953
          22.19252918           0.35378998
          22.20747097           0.50830634
          22.22241365           0.86883914
          22.23735633           1.11672949
          22.25229901           1.18116501
          22.26724169           1.35159859
          22.28218347           1.54317570
          22.29712615           1.50785911
          22.31206883           1.35305768
          22.32701151           1.15674395
          22.34195419           0.94250786
          22.35689687           0.91540186
          22.37183955           1.05719001
          22.38678133           1.13860122
          22.40172401           1.25424902
          22.41666669           1.48496056
          22.43160937           1.58373144
          22.44655205           1.50862895
          22.46149384           1.40731132
          22.47643652           1.30122609
          22.49137920           1.30539174
          22.50632187           1.37010789
          22.52126455           1.31248754
          22.53620723           1.37125928
          22.55114991           1.64621110
          22.56609170           1.68493995
          22.58103438           1.20643061
          22.59597706           0.55389079
          22.61091973           0.15506937
          22.62586241           0.02572192
          22.64080420           0.00252257
          22.65574688           0.00081371
          22.67068956           0.00733463
          22.68563224           0.04575131
          22.70057492           0.16422976
          22.71551760           0.34078845
          22.73046027           0.42709397
          22.74540206           0.41923757
          22.76034474           0.58075327
          22.77528742           0.98582139
          22.79023010           1.35522581
          22.80517278           1.46031635
          22.82011456           1.25653339
          22.83505724           0.97248787
          22.84999992           0.96229929
          22.86494260           1.11828794
          22.87988528           1.17496997
          22.89482707           1.15911432
          22.90976975           1.06534998
          22.92471243           1.01116882
          22.93965510           1.18384502
          22.95459778           1.26513670
          22.96954046           0.94172182
          22.98448314           0.48219156
          22.99942493           0.29778537
          23.01436761           0.57625973
          23.02931029           1.15967709
          23.04425296           1.49311829
          23.05919564           1.34743587
          23.07413743           1.21453623
          23.08908011           1.33173242
          23.10402279           1.32041625
          23.11896547           1.01591560
          23.13390815           0.73032496
          23.14885083           0.71296006
          23.16379350           0.88285257
          23.17873529           1.02789506
          23.19367797           1.19482374
          23.20862065           1.36528141
          23.22356333           1.24017562
          23.23850601           0.91340873
          23.25344779           0.68148027
          23.26839047           0.60194933
          23.28333315           0.74112316
          23.29827583           0.96750331
          23.31321851           0.94172644
          23.32816119           0.69085048
          23.34310387           0.45021477
          23.35804566           0.29486878
          23.37298833           0.25629496
          23.38793101           0.40205279
          23.40287369           0.86021201
          23.41781637           1.47363082
          23.43275816           1.71920547
          23.44770084           1.66662904
          23.46264352           1.79986894
          23.47758619           1.91089237
          23.49252887           1.66482475
          23.50747155           1.26577451
          23.52241423           0.94155302
          23.53735602           0.72051267
          23.55229870           0.64961006
          23.56724138           0.65571578
          23.58218406           0.67156987
          23.59712673           0.82633503
          23.61206852           1.03914445
          23.62701120           0.98973830
          23.64195388           0.76588302
          23.65689656           0.88106902
          23.67183924           1.47954518
          23.68678192           2.00522996
          23.70172459           2.05819526
          23.71666638           1.88138237
          23.73160906           1.63139539
          23.74655174           1.19750255
          23.76149442           0.68066421
          23.77643710           0.41096207
          23.79137889           0.60960599
          23.80632156           1.09780457
          23.82126424           1.35464282
          23.83620692           1.18077011
          23.85114960           0.93046888
          23.86609228           0.83670732
          23.88103496           0.76536517
          23.89597675           0.58839219
          23.91091942           0.43713848
          23.92586210           0.56262904
          23.94080478           0.94790140
          23.95574746           1.23063409
          23.97068925           1.20680883
          23.98563193           1.05933137
          24.00057461           0.96893427
          24.01551729           0.88095085
          24.03045996           0.75433087
          24.04540264           0.73825833
          24.06034532           0.81875383
          24.07528711           0.76582136
          24.09022979           0.66571492
          24.10517247           0.74216404
          24.12011515           0.86383902
          24.13505782           0.77724068
          24.14999961           0.60341006
          24.16494229           0.74183571
          24.17988497           1.18461722
          24.19482765           1.44121672
          24.20977033           1.45138704
          24.22471301           1.58017597
          24.23965569           1.65161138
          24.25459747           1.31406487
          24.26954015           0.77987042
          24.28448283           0.49660513
          24.29942551           0.68676467
          24.31436819           1.14338720
          24.32930998           1.36854440
          24.34425265           1.21882951
          24.35919533           1.01289445
          24.37413801           1.06208769
          24.38908069           1.39585728
          24.40402248           1.59302259
          24.41896516           1.35854311
          24.43390784           1.07651719
          24.44885052           1.14923929
          24.46379319           1.56508748
          24.47873587           1.94009422
          24.49367855           1.78384474
          24.50862034           1.13269144
          24.52356302           0.49790145
          24.53850570           0.22715158
          24.55344838           0.29628885
          24.56839105           0.51894513
          24.58333284           0.74934864
          24.59827552           0.94333858
          24.61321820           1.09301051
          24.62816088           1.19784859
          24.64310356           1.21294401
          24.65804624           1.10718450
          24.67298892           0.98181566
          24.68793070           0.82675123
          24.70287338           0.60025530
          24.71781606           0.52507068
          24.73275874           0.66848711
          24.74770142           0.73379986
          24.76264321           0.55307126
          24.77758588           0.32179243
          24.79252856           0.28511103
          24.80747124           0.48310815
          24.82241392           0.82230932
          24.83735660           1.20464560
          24.85229928           1.45539404
          24.86724107           1.36323141
          24.88218375           0.99604227
          24.89712642           0.80869854
          24.91206910           1.12812199
          24.92701178           1.61377498
          24.94195357           1.83129957
          24.95689625           1.97522521
          24.97183893           2.13079502
          24.98678161           1.93117039
          25.00172428           1.35947868
          25.01666696           0.86262781
          25.03160964           0.83482151
          25.04655143           1.19112537
          25.06149411           1.42835052
          25.07643679           1.34666051
          25.09137947           1.21116586
          25.10632215           1.15109085
          25.12126393           1.10771355
          25.13620661           1.07675221
          25.15114929           1.12121778
          25.16609197           1.22200785
          25.18103465           1.13028570
          25.19597733           0.79633797
          25.21092001           0.55302206
          25.22586179           0.53599706
          25.24080447           0.53390162
          25.25574715           0.51007175
          25.27068983           0.69309126
          25.28563251           1.03864546
          25.30057430           1.20874275
          25.31551698           1.17643071
          25.33045965           1.09831093
          25.34540233           0.89442227
          25.36034501           0.55495658
          25.37528769           0.30633117
          25.39023037           0.31546556
          25.40517216           0.48644572
          25.42011484           0.65816440
          25.43505751           0.89923790
          25.45000019           1.29125575
          25.46494287           1.58632288
          25.47988466           1.50018016
          25.49482734           1.18930698
          25.50977002           1.05678504
          25.52471270           1.14542795
          25.53965538           1.10175837
          25.55459805           0.89610036
          25.56954073           0.81756170
          25.58448252           0.80791879
          25.59942520           0.66837915
          25.61436788           0.53445795
          25.62931056           0.63543026
          25.64425324           0.85574058
          25.65919502           0.97165314
          25.67413770           1.03168910
          25.68908038           1.00667669
          25.70402306           0.78624101
          25.71896574           0.54924789
          25.73390753           0.51527343
          25.74885021           0.79210334
          25.76379288           1.25226450
          25.77873556           1.44892710
          25.79367824           1.24344186
          25.80862092           1.00771726
          25.82356360           0.99245936
          25.83850539           1.07779358
          25.85344807           1.08794795
          25.86839074           1.07343186
          25.88333342           1.16468454
          25.89827610           1.41027206
          25.91321789           1.72214520
          25.92816057           1.71956587
          25.94310325           1.22280174
          25.95804593           0.65548041
          25.97298861           0.50797358
          25.98793128           0.81007969
          26.00287396           1.20064788
          26.01781575           1.41282251
          26.03275843           1.44860102
          26.04770111           1.29762639
          26.06264379           0.95868980
          26.07758647           0.60820866
          26.09252825           0.51555553
          26.10747093           0.71600626
          26.12241361           0.91695560
          26.13735629           0.94813878
          26.15229897           0.94244472
          26.16724165           0.93120857
          26.18218433           0.81994767
          26.19712611           0.70800031
          26.21206879           0.79010539
          26.22701147           0.97216990
          26.24195415           1.00365576
          26.25689683           0.92998411
          26.27183862           0.88986089
          26.28678130           0.81903748
          26.30172397           0.62657040
          26.31666665           0.38722524
          26.33160933           0.26785506
          26.34655201           0.29119493
          26.36149469           0.33882231
          26.37643648           0.38945098
          26.39137916           0.48616802
          26.40632184           0.56711669
          26.42126451           0.60976572
          26.43620719           0.79756924
          26.45114898           1.25211893
          26.46609166           1.67064127
          26.48103434           1.79041906
          26.49597702           1.86113048
          26.51091970           1.94947904
          26.52586237           1.75845354
          26.54080505           1.32072403
          26.55574684           0.95918189
          26.57068952           0.83612490
          26.58563220           0.95980291
          26.60057488           1.28343327
          26.61551756           1.45939247
          26.63045934           1.15459059
          26.64540202           0.61380974
          26.66034470           0.26899360
          26.67528738           0.24281441
          26.69023006           0.40369176
          26.70517274           0.59075972
          26.72011542           0.73596759
          26.73505720           0.81308737
          26.74999988           0.83657308
          26.76494256           0.90563480
          26.77988524           1.15445572
          26.79482792           1.59532616
          26.80976971           1.92524852
          26.82471239           1.87871823
          26.83965507           1.53930246
          26.85459774           1.15820371
          26.86954042           0.98277354
          26.88448310           0.97412170
          26.89942578           0.97424531
          26.91436757           0.92856017
          26.92931025           0.78946039
          26.94425293           0.60718113
          26.95919560           0.44917561
          26.97413828           0.37183146
          26.98908007           0.49474756
          27.00402275           0.89850160
          27.01896543           1.34318075
          27.03390811           1.45598119
          27.04885079           1.44165284
          27.06379347           1.58987032
          27.07873614           1.61227662
          27.09367793           1.27828743
          27.10862061           0.87153501
          27.12356329           0.78953410
          27.13850597           1.01143471
          27.15344865           1.22323101
          27.16839043           1.30347706
          27.18333311           1.27147251
          27.19827579           1.11730225
          27.21321847           0.95472761
          27.22816115           1.01023178
          27.24310294           1.20940607
          27.25804562           1.24247550
          27.27298830           1.25352934
          27.28793097           1.47301878
          27.30287365           1.50424719
          27.31781633           1.05242932
          27.33275901           0.58732832
          27.34770080           0.57696521
          27.36264348           0.87958135
          27.37758616           1.16693489
          27.39252883           1.35372315
          27.40747151           1.39841430
          27.42241330           1.24446704
          27.43735598           0.95009964
          27.45229866           0.62125334
          27.46724134           0.42131810
          27.48218402           0.50883932
          27.49712670           0.83951655
          27.51206937           1.08864824
          27.52701116           1.01014606
          27.54195384           0.77479712
          27.55689652           0.70459636
          27.57183920           0.83828170
          27.58678188           0.89308363
          27.60172366           0.75336784
          27.61666634           0.61558670
          27.63160902           0.55946857
          27.64655170           0.51087823
          27.66149438           0.56000361
          27.67643706           0.81266981
          27.69137974           1.10807990
          27.70632153           1.34064000
          27.72126420           1.50104053
          27.73620688           1.37534361
          27.75114956           0.98271345
          27.76609224           0.77756964
          27.78103403           1.10089136
          27.79597671           1.64410366
          27.81091939           1.74108188
          27.82586206           1.40020436
          27.84080474           1.13030568
          27.85574742           0.99726861
          27.87069010           0.90699034
          27.88563189           1.07233031
          27.90057457           1.50831847
          27.91551725           1.76081670
          27.93045993           1.58452687
          27.94540260           1.14986278
          27.96034439           0.67452732
          27.97528707           0.38887745
          27.99022975           0.44266352
          28.00517243           0.80100091
          28.02011511           1.16451926
          28.03505779           1.19033548
          28.05000046           0.89792005
          28.06494225           0.56251261
          28.07988493           0.38565369
          28.09482761           0.38136664
          28.10977029           0.54605270
          28.12471297           0.91238526
          28.13965476           1.42250980
          28.15459743           1.82778681
          28.16954011           1.79219936
          28.18448279           1.39407235
          28.19942547           1.06792763
          28.21436815           1.00228220
          28.22931083           1.02667193
          28.24425262           0.96398106
          28.25919529           0.91511660
          28.27413797           0.91125722
          28.28908065           0.80032597
          28.30402333           0.70717444
          28.31896512           0.90542289
          28.33390780           1.25439143
          28.34885048           1.45753556
          28.36379316           1.55467313
          28.37873583           1.46897714
          28.39367851           1.05853078
          28.40862119           0.62923873
          28.42356298           0.58090998
          28.43850566           0.89072359
          28.45344834           1.12723473
          28.46839102           1.05052121
          28.48333369           0.90510796
          28.49827548           0.89825381
          28.51321816           0.91094338
          28.52816084           0.81991902
          28.54310352           0.76981988
          28.55804620           0.92379563
          28.57298799           1.18678166
          28.58793066           1.33763342
          28.60287334           1.19218453
          28.61781602           0.78686740
          28.63275870           0.45472429
          28.64770138           0.38750586
          28.66264406           0.46802462
          28.67758585           0.66567445
          28.69252852           0.99361254
          28.70747120           1.21465465
          28.72241388           1.14712596
          28.73735656           0.94233892
          28.75229835           0.81823433
          28.76724103           0.82032751
          28.78218371           0.92968761
          28.79712639           1.10403602
          28.81206906           1.18463598
          28.82701174           1.09950735
          28.84195442           0.98615978
          28.85689621           0.98298604
          28.87183889           1.04257738
          28.88678157           1.12596949
          28.90172425           1.14896433
          28.91666692           0.92167607
          28.93160871           0.59599668
          28.94655139           0.54497892
          28.96149407           0.80092214
          28.97643675           1.10148311
          28.99137943           1.36945527
          29.00632211           1.53173360
          29.02126479           1.34689515
          29.03620657           0.95124018
          29.05114925           0.81086312
          29.06609193           1.08290797
          29.08103461           1.38361548
          29.09597729           1.33769497
          29.11091908           1.12692200
          29.12586176           1.11280301
          29.14080443           1.31620493
          29.15574711           1.51619452
          29.17068979           1.59412984
          29.18563247           1.52802729
          29.20057515           1.37687099
          29.21551694           1.19896942
          29.23045962           0.90887420
          29.24540229           0.61078785
          29.26034497           0.61807907
          29.27528765           0.91063491
          29.29022944           1.05598229
          29.30517212           0.89874005
          29.32011480           0.71843861
          29.33505748           0.62384916
          29.35000015           0.52525127
          29.36494283           0.50849198
          29.37988551           0.71164409
          29.39482730           1.01632218
          29.40976998           1.21195269
          29.42471266           1.20113699
          29.43965534           0.99169988
          29.45459802           0.78091350
          29.46953980           0.82073900
          29.48448248           1.06174715
          29.49942516           1.24259344
          29.51436784           1.32391974
          29.52931052           1.29208194
          29.54425320           1.00846367
          29.55919588           0.58447529
          29.57413766           0.31188025
          29.58908034           0.27398431
          29.60402302           0.34688395
          29.61896570           0.44477877
          29.63390838           0.51968053
          29.64885017           0.50913434
          29.66379285           0.50305595
          29.67873552           0.68941531
          29.69367820           0.98183388
          29.70862088           1.11994797
          29.72356356           1.09629212
          29.73850624           1.05780746
          29.75344803           1.10841300
          29.76839071           1.31727983
          29.78333338           1.59293476
          29.79827606           1.61760873
          29.81321874           1.38141245
          29.82816053           1.24559268
          29.84310321           1.14519206
          29.85804589           0.84965605
          29.87298857           0.62831035
          29.88793125           0.75400804
          29.90287392           0.99737817
          29.91781660           1.10312427
          29.93275839           1.09287129
          29.94770107           0.92789572
          29.96264375           0.61950300
          29.97758643           0.45672697
          29.99252911           0.62376879
