#  xrd: units of q output: q*F(q)
           1.00000000          -0.96029865
           1.02250000          -0.98187504
           1.04500000          -1.02509347
           1.06750000          -1.07657325
           1.09000000          -1.11490202
           1.11250000          -1.12657437
           1.13500000          -1.11755654
           1.15750000          -1.11090598
           1.18000000          -1.13063762
           1.20250000          -1.18280823
           1.22500000          -1.24834279
           1.24750000          -1.29480212
           1.27000000          -1.30039163
           1.29250000          -1.27296989
           1.31500000          -1.24827815
           1.33750000          -1.26562222
           1.36000000          -1.33673263
           1.38250000          -1.43144122
           1.40500000          -1.49450755
           1.42750000          -1.48583347
           1.45000000          -1.41638653
           1.47250000          -1.35019989
           1.49500000          -1.36362183
           1.51750000          -1.48488747
           1.54000000          -1.65785059
           1.56250000          -1.76522319
           1.58500000          -1.70901922
           1.60750000          -1.50069502
           1.63000000          -1.29226421
           1.65250000          -1.30332733
           1.67500000          -1.66112645
           1.69750000          -2.23720662
           1.72000000          -2.59119861
           1.74250000          -2.09360687
           1.76500000          -0.20688874
           1.78750000           3.19494406
           1.81000000           7.63476620
           1.83250000          12.09462585
           1.85500000          15.34142881
           1.87750000          16.39081157
           1.90000000          14.90320096
           1.92250000          11.32658743
           1.94500000           6.71637842
           1.96750000           2.31571797
           1.99000000          -0.90934697
           2.01250000          -2.57329683
           2.03500000          -2.89658311
           2.05750000          -2.47767973
           2.08000000          -1.95301683
           2.10250000          -1.72018077
           2.12500000          -1.84155393
           2.14750000          -2.13563302
           2.17000000          -2.36617282
           2.19250000          -2.40559911
           2.21500000          -2.28835592
           2.23750000          -2.14935878
           2.26000000          -2.11103662
           2.28250000          -2.20132943
           2.30500000          -2.35056393
           2.32750000          -2.45618623
           2.35000000          -2.46116942
           2.37250000          -2.39006061
           2.39500000          -2.32235461
           2.41750000          -2.32847624
           2.44000000          -2.41756631
           2.46250000          -2.53407885
           2.48500000          -2.60289609
           2.50750000          -2.58763560
           2.53000000          -2.51845744
           2.55250000          -2.46893465
           2.57500000          -2.49923302
           2.59750000          -2.60796888
           2.62000000          -2.72967031
           2.64250000          -2.78217201
           2.66500000          -2.73115149
           2.68750000          -2.62383273
           2.71000000          -2.56269945
           2.73250000          -2.63163470
           2.75500000          -2.82338434
           2.77750000          -3.02239381
           2.80000000          -3.06430364
           2.82250000          -2.84160086
           2.84500000          -2.38767020
           2.86750000          -1.87578865
           2.89000000          -1.51754558
           2.91250000          -1.41041016
           2.93500000          -1.42645233
           2.95750000          -1.22378775
           2.98000000          -0.39945067
           3.00250000           1.28029981
           3.02500000           3.69124735
           3.04750000           6.31545495
           3.07000000           8.39874292
           3.09250000           9.24260821
           3.11500000           8.49794120
           3.13750000           6.32045416
           3.16000000           3.31242211
           3.18250000           0.27879273
           3.20500000          -2.08614921
           3.22750000          -3.43761790
           3.25000000          -3.84511724
           3.27250000          -3.67365246
           3.29500000          -3.35878806
           3.31750000          -3.19352687
           3.34000000          -3.22370376
           3.36250000          -3.28348024
           3.38500000          -3.13173819
           3.40750000          -2.60923288
           3.43000000          -1.73987955
           3.45250000          -0.73714325
           3.47500000           0.07671502
           3.49750000           0.39778241
           3.52000000           0.06355379
           3.54250000          -0.86958907
           3.56500000          -2.11873293
           3.58750000          -3.24246416
           3.61000000          -3.77158292
           3.63250000          -3.36918088
           3.65500000          -1.96881329
           3.67750000           0.16552832
           3.70000000           2.49524217
           3.72250000           4.37346246
           3.74500000           5.26544929
           3.76750000           4.93395360
           3.79000000           3.50900825
           3.81250000           1.41301906
           3.83500000          -0.81785733
           3.85750000          -2.72494901
           3.88000000          -4.03990568
           3.90250000          -4.67990338
           3.92500000          -4.65881160
           3.94750000          -3.99645979
           3.97000000          -2.70090637
           3.99250000          -0.83940491
           4.01500000           1.35884375
           4.03750000           3.46141820
           4.06000000           4.91809179
           4.08250000           5.25923509
           4.10500000           4.31260699
           4.12750000           2.31497924
           4.15000000          -0.15833100
           4.17250000          -2.42458586
           4.19500000          -3.97216642
           4.21750000          -4.64468327
           4.24000000          -4.64221211
           4.26250000          -4.35479677
           4.28500000          -4.13429256
           4.30750000          -4.13470367
           4.33000000          -4.29703449
           4.35250000          -4.46015971
           4.37500000          -4.50582393
           4.39750000          -4.43832176
           4.42000000          -4.35710858
           4.44250000          -4.35992284
           4.46500000          -4.45930195
           4.48750000          -4.57732973
           4.51000000          -4.61851234
           4.53250000          -4.55831517
           4.55500000          -4.47177027
           4.57750000          -4.47282608
           4.60000000          -4.60670057
           4.62250000          -4.78034477
           4.64500000          -4.79549627
           4.66750000          -4.47587530
           4.69000000          -3.80603588
           4.71250000          -2.97996061
           4.73500000          -2.31215362
           4.75750000          -2.05905854
           4.78000000          -2.26789076
           4.80250000          -2.76033574
           4.82500000          -3.26966094
           4.84750000          -3.63872509
           4.87000000          -3.93173204
           4.89250000          -4.36014882
           4.91500000          -5.05031984
           4.93750000          -5.80529678
           4.96000000          -6.04712210
           4.98250000          -5.03282151
           5.00500000          -2.26550244
           5.02750000           2.12239988
           5.05000000           7.25483632
           5.07250000          11.77506552
           5.09500000          14.38130408
           5.11750000          14.36559108
           5.14000000          11.87422235
           5.16250000           7.76309842
           5.18500000           3.15325305
           5.20750000          -1.04081992
           5.23000000          -4.33937321
           5.25250000          -6.58286602
           5.27500000          -7.60850812
           5.29750000          -6.99654310
           5.32000000          -4.12385270
           5.34250000           1.44539688
           5.36500000           9.44907350
           5.38750000          18.63950430
           5.41000000          26.97653598
           5.43250000          32.29882131
           5.45500000          33.18468974
           5.47750000          29.57312092
           5.50000000          22.81153406
           5.52250000          15.08462459
           5.54500000           8.49876799
           5.56750000           4.27024719
           5.59000000           2.39720551
           5.61250000           1.92766169
           5.63500000           1.62329530
           5.65750000           0.63492939
           5.68000000          -1.15611291
           5.70250000          -3.25388727
           5.72500000          -4.97701941
           5.74750000          -5.90176959
           5.77000000          -6.05518633
           5.79250000          -5.78265780
           5.81500000          -5.42792361
           5.83750000          -5.06970903
           5.86000000          -4.49910689
           5.88250000          -3.44408213
           5.90500000          -1.87252404
           5.92750000          -0.14766702
           5.95000000           1.09403561
           5.97250000           1.28564746
           5.99500000           0.28076654
           6.01750000          -1.52022542
           6.04000000          -3.36926615
           6.06250000          -4.58943010
           6.08500000          -4.95739126
           6.10750000          -4.79847540
           6.13000000          -4.70998291
           6.15250000          -5.06218014
           6.17500000          -5.58536523
           6.19750000          -5.33168533
           6.22000000          -3.10047966
           6.24250000           1.85723048
           6.26500000           9.22910768
           6.28750000          17.49020002
           6.31000000          24.35585040
           6.33250000          27.67078499
           6.35500000          26.32531038
           6.37750000          20.75509269
           6.40000000          12.77632537
           6.42250000           4.83220860
           6.44500000          -0.99021906
           6.46750000          -3.71727454
           6.49000000          -3.69740187
           6.51250000          -2.22293311
           6.53500000          -0.80699588
           6.55750000          -0.49305376
           6.58000000          -1.50898893
           6.60250000          -3.36568858
           6.62500000          -5.26770697
           6.64750000          -6.57341823
           6.67000000          -7.06743055
           6.69250000          -6.95164541
           6.71500000          -6.62711168
           6.73750000          -6.43304371
           6.76000000          -6.49323084
           6.78250000          -6.72382052
           6.80500000          -6.95138405
           6.82750000          -7.03998871
           6.85000000          -6.94955950
           6.87250000          -6.71459411
           6.89500000          -6.38947808
           6.91750000          -6.01690443
           6.94000000          -5.64027172
           6.96250000          -5.33336408
           6.98500000          -5.20052892
           7.00750000          -5.32388524
           7.03000000          -5.68265947
           7.05250000          -6.10541629
           7.07500000          -6.30857479
           7.09750000          -6.02412769
           7.12000000          -5.15714189
           7.14250000          -3.88155938
           7.16500000          -2.60598177
           7.18750000          -1.80997111
           7.21000000          -1.82668647
           7.23250000          -2.68411729
           7.25500000          -4.09109255
           7.27750000          -5.57815914
           7.30000000          -6.71910208
           7.32250000          -7.31347456
           7.34500000          -7.43001791
           7.36750000          -7.28593786
           7.39000000          -7.02832177
           7.41250000          -6.54324509
           7.43500000          -5.41308722
           7.45750000          -3.07320138
           7.48000000           0.88257423
           7.50250000           6.38319204
           7.52500000          12.70997919
           7.54750000          18.58617512
           7.57000000          22.53041563
           7.59250000          23.35844842
           7.61500000          20.63959689
           7.63750000          14.91678002
           7.66000000           7.58511847
           7.68250000           0.46016683
           7.70500000          -4.80576428
           7.72750000          -7.23837290
           7.75000000          -6.79708660
           7.77250000          -4.29102145
           7.79500000          -1.01249781
           7.81750000           1.74946810
           7.84000000           3.12435740
           7.86250000           2.86511402
           7.88500000           1.30524418
           7.90750000          -0.87016124
           7.93000000          -2.92210188
           7.95250000          -4.30902592
           7.97500000          -4.82165951
           7.99750000          -4.58752073
           8.02000000          -3.97304681
           8.04250000          -3.42904787
           8.06500000          -3.32593187
           8.08750000          -3.82053869
           8.11000000          -4.79136671
           8.13250000          -5.86849008
           8.15500000          -6.56088285
           8.17750000          -6.44775616
           8.20000000          -5.36577507
           8.22250000          -3.51182910
           8.24500000          -1.40583651
           8.26750000           0.28477199
           8.29000000           0.99274200
           8.31250000           0.46617037
           8.33500000          -1.14341141
           8.35750000          -3.35790835
           8.38000000          -5.57615588
           8.40250000          -7.30819510
           8.42500000          -8.33445609
           8.44750000          -8.72563900
           8.47000000          -8.73031909
           8.49250000          -8.60163332
           8.51500000          -8.45978558
           8.53750000          -8.26164917
           8.56000000          -7.88609018
           8.58250000          -7.27613049
           8.60500000          -6.54240487
           8.62750000          -5.94841160
           8.65000000          -5.76307335
           8.67250000          -6.04981440
           8.69500000          -6.51862686
           8.71750000          -6.55996623
           8.74000000          -5.49739347
           8.76250000          -2.97111409
           8.78500000           0.73932728
           8.80750000           4.66147512
           8.83000000           7.45228831
           8.85250000           8.01525028
           8.87500000           6.14621068
           8.89750000           2.86645714
           8.92000000           0.20007079
           8.94250000           0.40194054
           8.96500000           4.93019372
           8.98750000          13.63093202
           9.01000000          24.55520558
           9.03250000          34.55882000
           9.05500000          40.46657862
           9.07750000          40.29971246
           9.10000000          34.02001393
           9.12250000          23.46801229
           9.14500000          11.55444023
           9.16750000           1.10795175
           9.19000000          -6.08746846
           9.21250000          -9.67264892
           9.23500000         -10.44109926
           9.25750000          -9.66766805
           9.28000000          -8.44334815
           9.30250000          -7.33914802
           9.32500000          -6.47678000
           9.34750000          -5.83380594
           9.37000000          -5.50196411
           9.39250000          -5.69939080
           9.41500000          -6.54112083
           9.43750000          -7.75921143
           9.46000000          -8.61468457
           9.48250000          -8.12928159
           9.50500000          -5.56016122
           9.52750000          -0.87303173
           9.55000000           5.05875046
           9.57250000          10.67214870
           9.59500000          14.27901841
           9.61750000          14.72726718
           9.64000000          11.85750337
           9.66250000           6.55298605
           9.68500000           0.37265921
           9.70750000          -5.05681162
           9.73000000          -8.62086807
           9.75250000         -10.03378737
           9.77500000          -9.79118975
           9.79750000          -8.82174221
           9.82000000          -8.02235025
           9.84250000          -7.89082936
           9.86500000          -8.40408315
           9.88750000          -9.16399198
           9.91000000          -9.70631044
           9.93250000          -9.79700703
           9.95500000          -9.55736588
           9.97750000          -9.35545193
          10.00000000          -9.53028574
