-10959.666170588525 1.0000000000000000
148270.41594010664 1.0000000000000000
1612.2378643236400 1.0000000000000000
62220.742107350263 1.0000000000000000
-62227.698823163577 1.0000000000000000
-14659.767611874064 1.0000000000000000
179959.64523978456 1.0000000000000000
429.36528355420415 1.0000000000000000
39815.186919522028 1.0000000000000000
-10604.681764742578 1.0000000000000000
-12782.315506418488 1.0000000000000000
-6583.0096853952673 1.0000000000000000
26083.273396202603 1.0000000000000000
-1239.9925737894005 1.0000000000000000
-24755.195336452107 1.0000000000000000
-376.17285839473652 1.0000000000000000
5880.8401291804203 1.0000000000000000
-28850.026234272656 1.0000000000000000
113624.37816757322 1.0000000000000000
-19360.080426094046 1.0000000000000000
33235.951424578321 1.0000000000000000
-16436.383468293054 1.0000000000000000
15256.605712458460 1.0000000000000000
251477.18037868469 1.0000000000000000
3002.0606591934329 1.0000000000000000
78358.894667674540 1.0000000000000000
-6599.4004901336766 1.0000000000000000
414018.39269602142 1.0000000000000000
-2056.1187370457437 1.0000000000000000
20087.297851417796 1.0000000000000000
-5715.2212968569338 1.0000000000000000
-1767.7314788539145 1.0000000000000000
-356260.13875312515 1.0000000000000000
44093.680999014105 1.0000000000000000
-112636.54551614475 1.0000000000000000
-43389.314064417886 1.0000000000000000
-62495.450792765318 1.0000000000000000
-10443.706508178293 1.0000000000000000
-2758.1028544715850 1.0000000000000000
28902.261335186053 1.0000000000000000
-1803.7537392640206 1.0000000000000000
89.389735888975281 1.0000000000000000
3548.2119047927968 1.0000000000000000
71935.041175976934 1.0000000000000000
-11988.693034571215 1.0000000000000000
103845.52576424641 1.0000000000000000
8522.9187593900642 1.0000000000000000
-32397.628708044183 1.0000000000000000
13558.494540413132 1.0000000000000000
48359.501559077704 1.0000000000000000
178117.17305764696 1.0000000000000000
34052.887282271899 1.0000000000000000
-26108.446445112488 1.0000000000000000
12641.782968021253 1.0000000000000000
14458.628243811279 1.0000000000000000
-15494.484224994814 1.0000000000000000
-8169.6801397550244 1.0000000000000000
29066.247142692740 1.0000000000000000
15437.579205044309 1.0000000000000000
76349.804205302018 1.0000000000000000
-26245.282303654905 1.0000000000000000
-26737.465923059255 1.0000000000000000
10443.693812039242 1.0000000000000000
-14657.314521679202 1.0000000000000000
35733.267457777882 1.0000000000000000
43141.846529138755 1.0000000000000000
-55182.892487000732 1.0000000000000000
-41035.806699378103 1.0000000000000000
14262.496460547403 1.0000000000000000
1702.7278004219452 1.0000000000000000
-7937.5225699037428 1.0000000000000000
3406.0942846293783 1.0000000000000000
-46.652363435075500 1.0000000000000000
21969.871648792952 1.0000000000000000
9270.6959218004322 1.0000000000000000
6547.5464663499806 1.0000000000000000
7247.8770045141955 1.0000000000000000
-800.06501428475599 1.0000000000000000
41134.791635389571 1.0000000000000000
74522.453644674155 1.0000000000000000
-2965.6076414249528 1.0000000000000000
-2133.8676427593100 1.0000000000000000
3197.0139780248178 1.0000000000000000
31979.710258436742 1.0000000000000000
-22241.450796221805 1.0000000000000000
-13769.246325215607 1.0000000000000000
98526.392365206062 1.0000000000000000
112012.13140540881 1.0000000000000000
-10533.293686217879 1.0000000000000000
-131656.91860176640 1.0000000000000000
15528.127007131112 1.0000000000000000
28239.134602147376 1.0000000000000000
-280337.29690418066 1.0000000000000000
-19640.193473675754 1.0000000000000000
-17323.388002617190 1.0000000000000000
-43.342984612840617 1.0000000000000000
-2511.8543168529541 1.0000000000000000
-1429.6787838715561 1.0000000000000000
-18500.536375156797 1.0000000000000000
21881.694447906702 1.0000000000000000
-27702.582021154602 1.0000000000000000
-16997.313861081177 1.0000000000000000
-61165.879323527624 1.0000000000000000
-82798.427999706328 1.0000000000000000
42848.118567702899 1.0000000000000000
-353.38965013982158 1.0000000000000000
34116.050904171978 1.0000000000000000
-1004.2958279513426 1.0000000000000000
-365731.19016114052 1.0000000000000000
-41961.733666716398 1.0000000000000000
-38530.180353839816 1.0000000000000000
-545.30684975037866 1.0000000000000000
1813.1830348148073 1.0000000000000000
98.455364859116017 1.0000000000000000
-806.66556205597340 1.0000000000000000
27.356460451536282 1.0000000000000000
209.53873003194519 1.0000000000000000
-120696.97982443911 1.0000000000000000
671.27734547518037 1.0000000000000000
-10887.299134636658 1.0000000000000000
12680.253422998931 1.0000000000000000
-21775.249251807498 1.0000000000000000
10059.779373512909 1.0000000000000000
-6417.7746426049671 1.0000000000000000
-4644.1557717886189 1.0000000000000000
-29517.705743273156 1.0000000000000000
-446.91876535472494 1.0000000000000000
-54.561877503300842 1.0000000000000000
-18250.886117571972 1.0000000000000000
-33032.459648697113 1.0000000000000000
-24017.735774346373 1.0000000000000000
-10805.510163454783 1.0000000000000000
79452.912840986144 1.0000000000000000
6685.9465429758611 1.0000000000000000
9267.9547347128319 1.0000000000000000
-2391.4685089009040 1.0000000000000000
14175.001796671992 1.0000000000000000
-2148.8675116919176 1.0000000000000000
8265.4714789189893 1.0000000000000000
-13534.081670737158 1.0000000000000000
-5812.8362164331302 1.0000000000000000
16117.456353256972 1.0000000000000000
-669.46568515930710 1.0000000000000000
69061.800680899076 1.0000000000000000
-8154.3118266695847 1.0000000000000000
10507.704075886466 1.0000000000000000
44589.634102470583 1.0000000000000000
-140423.37467278671 1.0000000000000000
30650.762926211613 1.0000000000000000
40288.102959281248 1.0000000000000000
742.94857609002611 1.0000000000000000
115177.59002800303 1.0000000000000000
51916.713099598339 1.0000000000000000
-71272.609324760982 1.0000000000000000
95393.064477291380 1.0000000000000000
9235.0357834039878 1.0000000000000000
9014.4495757784061 1.0000000000000000
-73568.146828003853 1.0000000000000000
-61155.188127781992 1.0000000000000000
-160658.67528769834 1.0000000000000000
987.04520489875142 1.0000000000000000
-587.68516435267122 1.0000000000000000
12712.561598637147 1.0000000000000000
289.84281587719568 1.0000000000000000
-3260.8591827228242 1.0000000000000000
-252.12371890457842 1.0000000000000000
32111.154927127078 1.0000000000000000
-16939.574415332299 1.0000000000000000
47724.102081300742 1.0000000000000000
-70495.663072292096 1.0000000000000000
-18747.828704670319 1.0000000000000000
-47920.493570791004 1.0000000000000000
445.95228620282052 1.0000000000000000
1139.6765814303560 1.0000000000000000
-40616.352987502978 1.0000000000000000
-17269.519197613161 1.0000000000000000
-1417.4570313613765 1.0000000000000000
994.74423236015127 1.0000000000000000
17086.216901201286 1.0000000000000000
-3479.8794880055007 1.0000000000000000
-164.09261552642241 1.0000000000000000
-14374.668251191943 1.0000000000000000
2907.3470032031682 1.0000000000000000
30186.945466764042 1.0000000000000000
-2993.7786998171900 1.0000000000000000
295.75653999547063 1.0000000000000000
10580.256993299950 1.0000000000000000
39640.355916532455 1.0000000000000000
17868.780039596837 1.0000000000000000
-24346.801194825581 1.0000000000000000
12479.318407016121 1.0000000000000000
-71304.134915124887 1.0000000000000000
-3532.3753395704643 1.0000000000000000
-718.97110854519735 1.0000000000000000
-341.63697030612934 1.0000000000000000
-51286.736869356268 1.0000000000000000
-1664.3042708548373 1.0000000000000000
-8695.4499637275039 1.0000000000000000
-6376.9337277760987 1.0000000000000000
-1203.3748861647307 1.0000000000000000
-18979.717073060892 1.0000000000000000
56296.198914258239 1.0000000000000000
35212.740519533734 1.0000000000000000
45592.668569961395 1.0000000000000000
124845.40279366287 1.0000000000000000
-6808.7427053879892 1.0000000000000000
13794.552490191059 1.0000000000000000
-499.30738819972919 1.0000000000000000
28608.152194331818 1.0000000000000000
53431.864682776613 1.0000000000000000
5906.5745330913960 1.0000000000000000
-125088.27601584196 1.0000000000000000
22879.549130819720 1.0000000000000000
-2450.0369600384647 1.0000000000000000
961.52870016894656 1.0000000000000000
20545.931344985496 1.0000000000000000
57110.176249652279 1.0000000000000000
10392.118750286447 1.0000000000000000
-13719.075169484309 1.0000000000000000
58930.208315863842 1.0000000000000000
6205.8230716192284 1.0000000000000000
-11279.851695733747 1.0000000000000000
24852.206035487357 1.0000000000000000
84966.543204594171 1.0000000000000000
-18546.986420525660 1.0000000000000000
-20319.049118349947 1.0000000000000000
-16836.999171861858 1.0000000000000000
111420.00417039091 1.0000000000000000
-3260.8315074597108 1.0000000000000000
-6090.9071409595090 1.0000000000000000
-5322.4745715605341 1.0000000000000000
-9633.5006772103388 1.0000000000000000
-15284.714969310731 1.0000000000000000
-4035.1045031026470 1.0000000000000000
1129.2803510602569 1.0000000000000000
-27646.650756421877 1.0000000000000000
6143.3765273004692 1.0000000000000000
-13667.905611868789 1.0000000000000000
53385.347389937881 1.0000000000000000
1623.2077749766390 1.0000000000000000
24037.201800464161 1.0000000000000000
25267.428435587190 1.0000000000000000
25072.338800781279 1.0000000000000000
8715.9089286603030 1.0000000000000000
-20920.318236012321 1.0000000000000000
65580.050188604495 1.0000000000000000
34516.607574076588 1.0000000000000000
-6507.8685758632873 1.0000000000000000
35553.508992134783 1.0000000000000000
-28686.549666568564 1.0000000000000000
5576.6204483848232 1.0000000000000000
-1392.4471398517039 1.0000000000000000
10642.298333189596 1.0000000000000000
-62577.185383462325 1.0000000000000000
-203879.73919164221 1.0000000000000000
68154.582674213278 1.0000000000000000
-6122.1214890135079 1.0000000000000000
-3935.9944104922915 1.0000000000000000
-7428.3947835999070 1.0000000000000000
866.15305350729648 1.0000000000000000
-16435.234585542024 1.0000000000000000
56549.706406110352 1.0000000000000000
-14692.900249238508 1.0000000000000000
35484.298903481358 1.0000000000000000
-24585.993480074187 1.0000000000000000
-41843.141015568464 1.0000000000000000
2988.8491099169346 1.0000000000000000
-19618.074619271465 1.0000000000000000
-14748.651708495505 1.0000000000000000
-735.38931639660620 1.0000000000000000
-25662.682812717605 1.0000000000000000
-145502.93327894979 1.0000000000000000
22297.215186898691 1.0000000000000000
745.41504520274577 1.0000000000000000
-300.05366120112188 1.0000000000000000
22512.238494629331 1.0000000000000000
-44196.338027464801 1.0000000000000000
57720.053656583092 1.0000000000000000
38585.891735978854 1.0000000000000000
-47379.334726808229 1.0000000000000000
-10339.819963562551 1.0000000000000000
-963.17649655401988 1.0000000000000000
36730.122653459286 1.0000000000000000
16618.710850338539 1.0000000000000000
49171.538185271238 1.0000000000000000
-55137.886435778288 1.0000000000000000
-44979.287506066932 1.0000000000000000
17076.915206784757 1.0000000000000000
12042.146529200330 1.0000000000000000
5386.6913300859487 1.0000000000000000
4295.1252351172725 1.0000000000000000
-34379.146385686399 1.0000000000000000
-2442.1020932161377 1.0000000000000000
-24180.872360875717 1.0000000000000000
9414.9383892778696 1.0000000000000000
38287.906913156483 1.0000000000000000
57751.539580671422 1.0000000000000000
-56571.710554403129 1.0000000000000000
71900.435801931875 1.0000000000000000
9843.0819354664254 1.0000000000000000
1430.7636929187861 1.0000000000000000
12663.969045660753 1.0000000000000000
-4328.0349907065065 1.0000000000000000
744.49719785045932 1.0000000000000000
-24588.236406615215 1.0000000000000000
5373.5825272509601 1.0000000000000000
11594.500074220055 1.0000000000000000
4404.6768738790561 1.0000000000000000
43534.072952937124 1.0000000000000000
-39192.963968667958 1.0000000000000000
-7775.9908335193049 1.0000000000000000
25316.371361884179 1.0000000000000000
-19911.276789695199 1.0000000000000000
-5322.8169651198496 1.0000000000000000
-24567.733468766401 1.0000000000000000
-12707.531215276202 1.0000000000000000
-22046.608329492890 1.0000000000000000
-14425.961039301217 1.0000000000000000
330.16146591817602 1.0000000000000000
-55438.588733214652 1.0000000000000000
19978.767525561037 1.0000000000000000
-10859.818141493424 1.0000000000000000
-35992.304892698623 1.0000000000000000
2378.8038550897204 1.0000000000000000
-50989.064535946258 1.0000000000000000
-8644.1849755903713 1.0000000000000000
3362.9859178731112 1.0000000000000000
-10925.410046022793 1.0000000000000000
-36108.168373056142 1.0000000000000000
-15036.903264780351 1.0000000000000000
28063.459342834405 1.0000000000000000
-45908.174886309498 1.0000000000000000
-912.33832479867306 1.0000000000000000
526.79704794868576 1.0000000000000000
-27267.405576161349 1.0000000000000000
-109141.62522698785 1.0000000000000000
28415.737617990952 1.0000000000000000
-215039.67989791735 1.0000000000000000
-9307.6227501374797 1.0000000000000000
108734.11339042633 1.0000000000000000
8370.5926718964274 1.0000000000000000
15487.069896036126 1.0000000000000000
-21326.528672977587 1.0000000000000000
38453.464338172322 1.0000000000000000
44681.216414172981 1.0000000000000000
-56055.593663483989 1.0000000000000000
-64608.106925327615 1.0000000000000000
-34591.722943572080 1.0000000000000000
-1213.0985749353308 1.0000000000000000
-297.24240935429776 1.0000000000000000
6448.2483202050980 1.0000000000000000
71235.215308966901 1.0000000000000000
-3581.1111511670865 1.0000000000000000
-5903.8466657931958 1.0000000000000000
-280.96813935555576 1.0000000000000000
32165.789495099991 1.0000000000000000
5843.0928941441343 1.0000000000000000
-8307.5953805978261 1.0000000000000000
-46637.280059883444 1.0000000000000000
-50124.117435851993 1.0000000000000000
-12579.959974916897 1.0000000000000000
3188.5267576399724 1.0000000000000000
-42442.996405508246 1.0000000000000000
2684.9848627747351 1.0000000000000000
10535.762841282050 1.0000000000000000
-17904.504250620939 1.0000000000000000
24772.236371698313 1.0000000000000000
74586.275928445670 1.0000000000000000
11736.960854749244 1.0000000000000000
10483.368875020084 1.0000000000000000
-13699.189542236558 1.0000000000000000
-3192.6313130414637 1.0000000000000000
-77135.169725013417 1.0000000000000000
-3354.5898569080500 1.0000000000000000
-3499.9167526517217 1.0000000000000000
-3300.8442551286157 1.0000000000000000
21980.048617992379 1.0000000000000000
80162.746130437168 1.0000000000000000
4650.7210808115360 1.0000000000000000
-25100.682048852006 1.0000000000000000
-4604.6802889729115 1.0000000000000000
-42545.691551839271 1.0000000000000000
43599.097894977655 1.0000000000000000
-1361.4688187967927 1.0000000000000000
86730.385171365153 1.0000000000000000
8303.2851862095813 1.0000000000000000
76188.297683238357 1.0000000000000000
112101.22217755047 1.0000000000000000
1309.1021630119722 1.0000000000000000
-12876.105479620062 1.0000000000000000
-70586.066722768199 1.0000000000000000
-15279.803490637682 1.0000000000000000
47458.500530349280 1.0000000000000000
-23844.688582996961 1.0000000000000000
20480.723376812410 1.0000000000000000
3834.1520901161007 1.0000000000000000
1212.1726082134060 1.0000000000000000
5520.7245355463228 1.0000000000000000
-617.61802124385440 1.0000000000000000
-1466.6080487151655 1.0000000000000000
47515.099976344114 1.0000000000000000
20845.611525028737 1.0000000000000000
-4602.6145457349048 1.0000000000000000
18539.870198407010 1.0000000000000000
-2109.5214273133570 1.0000000000000000
-20668.650402473711 1.0000000000000000
28554.656329524136 1.0000000000000000
-22102.015126202477 1.0000000000000000
-5554.3614029585142 1.0000000000000000
-7479.9896482540144 1.0000000000000000
-25087.390104863800 1.0000000000000000
-63779.741693269272 1.0000000000000000
-20122.393983571357 1.0000000000000000
104142.94035712584 1.0000000000000000
18313.756472368314 1.0000000000000000
32.665600008692330 1.0000000000000000
10089.869647362495 1.0000000000000000
-22229.605638761521 1.0000000000000000
63692.920045274455 1.0000000000000000
-14051.527315826086 1.0000000000000000
15129.707344581613 1.0000000000000000
-76588.209726590983 1.0000000000000000
-7817.1735032969000 1.0000000000000000
-72381.029817606919 1.0000000000000000
249.75300876056585 1.0000000000000000
-39155.668353438705 1.0000000000000000
-10415.794229819101 1.0000000000000000
46858.973431320963 1.0000000000000000
-795.76521866889334 1.0000000000000000
-8962.6107139186879 1.0000000000000000
78361.788632290685 1.0000000000000000
-19448.811269281701 1.0000000000000000
-511.84186164109099 1.0000000000000000
-79554.504587718970 1.0000000000000000
75090.036809996192 1.0000000000000000
12039.050528377089 1.0000000000000000
739.47373144947755 1.0000000000000000
1307.1774695533609 1.0000000000000000
694.56094607995090 1.0000000000000000
3689.0741625502760 1.0000000000000000
-2473.3943679495255 1.0000000000000000
72170.896879246968 1.0000000000000000
4235.8024953426993 1.0000000000000000
-5356.1541139209994 1.0000000000000000
5920.2137975807691 1.0000000000000000
10660.020185326961 1.0000000000000000
-29252.305399948622 1.0000000000000000
11300.810993745323 1.0000000000000000
-32658.683029299504 1.0000000000000000
2340.6456768449611 1.0000000000000000
2397.0918435298095 1.0000000000000000
28982.633667230224 1.0000000000000000
4440.1569508365283 1.0000000000000000
47094.458759224908 1.0000000000000000
9242.5503996363041 1.0000000000000000
2938.1320343276539 1.0000000000000000
-565.17500119017780 1.0000000000000000
-26945.578428784338 1.0000000000000000
53666.503535946918 1.0000000000000000
-4016.9431369107688 1.0000000000000000
-37125.679831969581 1.0000000000000000
-11810.129464238444 1.0000000000000000
24018.053006563576 1.0000000000000000
180257.59113645880 1.0000000000000000
45597.303969078836 1.0000000000000000
-1608.1124120140596 1.0000000000000000
2170.9744853632883 1.0000000000000000
-86834.236277959237 1.0000000000000000
-9755.6171151093440 1.0000000000000000
-39386.015009548835 1.0000000000000000
58595.426092869355 1.0000000000000000
-9853.0896865404975 1.0000000000000000
-86742.763252728822 1.0000000000000000
-68985.440392400487 1.0000000000000000
31997.696855972801 1.0000000000000000
9701.8549390953358 1.0000000000000000
-258213.98835077553 1.0000000000000000
-3117.8695923158007 1.0000000000000000
5532.2067237329629 1.0000000000000000
12556.814327380775 1.0000000000000000
65871.970229726547 1.0000000000000000
87879.947437881710 1.0000000000000000
-24761.197258285963 1.0000000000000000
3584.0493313650377 1.0000000000000000
31555.614427109565 1.0000000000000000
-853.77648592376613 1.0000000000000000
-31037.292721495494 1.0000000000000000
-22353.680275454302 1.0000000000000000
1282.5778115731196 1.0000000000000000
14379.246560735577 1.0000000000000000
-18831.037663836905 1.0000000000000000
-1183.6657680005005 1.0000000000000000
26139.061947235670 1.0000000000000000
20965.802681614743 1.0000000000000000
6477.7253372497544 1.0000000000000000
-36286.444241157333 1.0000000000000000
-26600.385627123116 1.0000000000000000
2454.2736498265795 1.0000000000000000
2790.1630650645466 1.0000000000000000
62498.653080627562 1.0000000000000000
69937.344600254000 1.0000000000000000
-10105.495024138150 1.0000000000000000
-5199.1283949991166 1.0000000000000000
-49086.293295637675 1.0000000000000000
-3876.1624037209372 1.0000000000000000
9445.6364791669821 1.0000000000000000
-9745.4490056002232 1.0000000000000000
41762.220998319070 1.0000000000000000
8015.3299576183281 1.0000000000000000
7542.6028182812397 1.0000000000000000
-71.829978855999457 1.0000000000000000
1821.1612604788052 1.0000000000000000
-36527.174190416867 1.0000000000000000
5097.6144555013170 1.0000000000000000
-40212.620569115461 1.0000000000000000
28326.221669299925 1.0000000000000000
-6633.1411186915038 1.0000000000000000
-3749.2117048812711 1.0000000000000000
-63493.564671185937 1.0000000000000000
65730.020320313197 1.0000000000000000
18516.495099761240 1.0000000000000000
11427.271090680708 1.0000000000000000
1871.1992373058019 1.0000000000000000
2836.0020871704173 1.0000000000000000
6783.5205877208082 1.0000000000000000
-1477.1994762109609 1.0000000000000000
-14993.143706116769 1.0000000000000000
29059.789000805205 1.0000000000000000
28742.784885864636 1.0000000000000000
84803.358145790859 1.0000000000000000
10654.956024740475 1.0000000000000000
39839.266538247204 1.0000000000000000
-44330.648872905491 1.0000000000000000
-124554.73883947154 1.0000000000000000
14254.890723355120 1.0000000000000000
-306287.12587126170 1.0000000000000000
1207.2100863303026 1.0000000000000000
-170627.89580116520 1.0000000000000000
-9467.4320554780752 1.0000000000000000
-47459.873989114822 1.0000000000000000
1125.6976250860248 1.0000000000000000
5991.5276744004450 1.0000000000000000
-5215.6100565962170 1.0000000000000000
-388.78165724596352 1.0000000000000000
-11470.816615253963 1.0000000000000000
26976.133884378050 1.0000000000000000
34629.799226685354 1.0000000000000000
-14151.775671197322 1.0000000000000000
11054.070747412838 1.0000000000000000
181305.09420958901 1.0000000000000000
-8655.6161218304806 1.0000000000000000
-53911.784394131202 1.0000000000000000
-8708.7483302918881 1.0000000000000000
-4738.4307743003201 1.0000000000000000
-8575.8035654846008 1.0000000000000000
-2608.4521142404292 1.0000000000000000
-77800.760832726781 1.0000000000000000
-45779.108936779812 1.0000000000000000
27596.976414387802 1.0000000000000000
112084.56048969127 1.0000000000000000
7813.3994678933213 1.0000000000000000
-37963.078119781116 1.0000000000000000
-4205.1741908802933 1.0000000000000000
-31986.990568917096 1.0000000000000000
1561.8413407119488 1.0000000000000000
2374.0125907288002 1.0000000000000000
-90650.986135408602 1.0000000000000000
-86713.411694911440 1.0000000000000000
-38.484978712192614 1.0000000000000000
28344.980438945051 1.0000000000000000
1848.3528415337523 1.0000000000000000
-37828.369993463726 1.0000000000000000
-30732.032841514327 1.0000000000000000
-214.46110335485400 1.0000000000000000
-2104.6991309626992 1.0000000000000000
-20880.263147821992 1.0000000000000000
1066.7379888243827 1.0000000000000000
60972.095339683867 1.0000000000000000
-60945.766305795492 1.0000000000000000
6884.7115183033038 1.0000000000000000
51047.346563165265 1.0000000000000000
37911.682487818071 1.0000000000000000
-53636.533715586978 1.0000000000000000
-1410.3886813647323 1.0000000000000000
-50916.684459136348 1.0000000000000000
6198.4417474601214 1.0000000000000000
2677.6143400805800 1.0000000000000000
1373.8587451196088 1.0000000000000000
-16280.603550334541 1.0000000000000000
19568.232270291111 1.0000000000000000
-61582.561505568963 1.0000000000000000
-36406.706583978783 1.0000000000000000
77145.482358211622 1.0000000000000000
-11814.471271283610 1.0000000000000000
-39476.981336908597 1.0000000000000000
-64206.523832228217 1.0000000000000000
54570.115563382416 1.0000000000000000
100007.53012065365 1.0000000000000000
15617.604014101580 1.0000000000000000
-17670.835495540865 1.0000000000000000
-1410.4342478040842 1.0000000000000000
-10908.920395027350 1.0000000000000000
-585.81861408704333 1.0000000000000000
82118.109136374711 1.0000000000000000
-32488.018655630458 1.0000000000000000
-66382.945417853436 1.0000000000000000
-5881.0150168888395 1.0000000000000000
46704.071017677306 1.0000000000000000
42.307151020112961 1.0000000000000000
724.43924280197291 1.0000000000000000
-121957.08903248509 1.0000000000000000
2845.0370858895685 1.0000000000000000
-24699.478466017703 1.0000000000000000
16622.482039145027 1.0000000000000000
-28714.303536383257 1.0000000000000000
-15858.137950903361 1.0000000000000000
2274.1390870701021 1.0000000000000000
71169.320100522105 1.0000000000000000
15368.501203001904 1.0000000000000000
-59078.851282771269 1.0000000000000000
-13783.209797797446 1.0000000000000000
-16470.487134589825 1.0000000000000000
-13665.574113509241 1.0000000000000000
-7941.1741121241848 1.0000000000000000
-15792.658706676828 1.0000000000000000
-7173.8141635660804 1.0000000000000000
-9450.1299122433375 1.0000000000000000
27967.530391178250 1.0000000000000000
-64704.393853499685 1.0000000000000000
-429.07058187977350 1.0000000000000000
5430.2590119271581 1.0000000000000000
2925.9501168074125 1.0000000000000000
17696.199490223680 1.0000000000000000
953.09504251250792 1.0000000000000000
-260860.25882028963 1.0000000000000000
48084.528776229745 1.0000000000000000
-1643.9059047775993 1.0000000000000000
-11291.161286425398 1.0000000000000000
-47644.959076507701 1.0000000000000000
31709.200269358498 1.0000000000000000
19698.917746585706 1.0000000000000000
41025.602627518077 1.0000000000000000
39984.748004633577 1.0000000000000000
-56783.574560839850 1.0000000000000000
-18951.437137796194 1.0000000000000000
13164.319372022333 1.0000000000000000
2734.3813233610631 1.0000000000000000
-16223.389639836781 1.0000000000000000
21930.343195841811 1.0000000000000000
-8691.4594105044889 1.0000000000000000
-57351.777415839439 1.0000000000000000
78539.706638758347 1.0000000000000000
-1277.2826005188904 1.0000000000000000
-144.85979971582691 1.0000000000000000
-3780.1719591203237 1.0000000000000000
3552.4070972883997 1.0000000000000000
163431.44529628530 1.0000000000000000
35118.700865363666 1.0000000000000000
-95706.283637228917 1.0000000000000000
25569.007566259101 1.0000000000000000
1967.2033070953084 1.0000000000000000
-194837.07541530946 1.0000000000000000
-8497.3765755954792 1.0000000000000000
-816.85090886511659 1.0000000000000000
-921.63766160666614 1.0000000000000000
-26131.547581630006 1.0000000000000000
-45031.172191722988 1.0000000000000000
11445.102843923929 1.0000000000000000
21101.641589938794 1.0000000000000000
929.46554269810440 1.0000000000000000
-41918.007068684157 1.0000000000000000
14834.501962877943 1.0000000000000000
-5761.5298726796691 1.0000000000000000
11443.953224109679 1.0000000000000000
-24606.093260794441 1.0000000000000000
-26685.049263714645 1.0000000000000000
15664.355525949557 1.0000000000000000
20254.305979517248 1.0000000000000000
19081.404441425067 1.0000000000000000
-35854.837024320914 1.0000000000000000
-11588.713867511777 1.0000000000000000
-46071.187633196394 1.0000000000000000
-53083.309234294073 1.0000000000000000
-6775.8062323266513 1.0000000000000000
-2428.1783960931193 1.0000000000000000
-16942.925098099193 1.0000000000000000
-79669.024519385144 1.0000000000000000
2363.5884343231305 1.0000000000000000
41440.032940196535 1.0000000000000000
53349.423471292881 1.0000000000000000
-7321.5433882949083 1.0000000000000000
1772.6213808575078 1.0000000000000000
-18240.840548998789 1.0000000000000000
450.25109929702916 1.0000000000000000
-40628.066905656880 1.0000000000000000
5506.1557399090570 1.0000000000000000
78967.936332384648 1.0000000000000000
-82937.817465256696 1.0000000000000000
-37004.678161869866 1.0000000000000000
35965.781314547537 1.0000000000000000
134905.05589691401 1.0000000000000000
825.65648149940773 1.0000000000000000
1220.9994433574557 1.0000000000000000
-3319.6637914356043 1.0000000000000000
-181257.91948027583 1.0000000000000000
-13992.326176945222 1.0000000000000000
-1682.7972874495190 1.0000000000000000
-49462.028066179359 1.0000000000000000
3934.7448019621179 1.0000000000000000
44967.209473791205 1.0000000000000000
-1689.8767089121063 1.0000000000000000
8054.2280863732358 1.0000000000000000
-7855.8435469568885 1.0000000000000000
-12475.966172497287 1.0000000000000000
88607.058553977360 1.0000000000000000
-4261.4292041935396 1.0000000000000000
8209.0368664234411 1.0000000000000000
-5939.0564137056035 1.0000000000000000
10724.343225545123 1.0000000000000000
22645.922102899080 1.0000000000000000
28567.491180832654 1.0000000000000000
151208.52796080455 1.0000000000000000
5891.9442931446620 1.0000000000000000
-24210.375300749223 1.0000000000000000
-4241.9313409889483 1.0000000000000000
4317.1677795243813 1.0000000000000000
30727.710246071652 1.0000000000000000
-4864.2572190962474 1.0000000000000000
-183485.64253860517 1.0000000000000000
-7186.0979624703323 1.0000000000000000
-37280.624389742581 1.0000000000000000
4807.8993913788681 1.0000000000000000
85652.483867264862 1.0000000000000000
47323.284129513340 1.0000000000000000
-3610.5823518430225 1.0000000000000000
-35346.203197805677 1.0000000000000000
-20693.851007250440 1.0000000000000000
30689.213947719003 1.0000000000000000
54230.345679442180 1.0000000000000000
58448.347348616458 1.0000000000000000
33030.372628402576 1.0000000000000000
32862.556960650501 1.0000000000000000
-48617.293275481876 1.0000000000000000
35835.050798037140 1.0000000000000000
77808.882063662255 1.0000000000000000
651912.45855616860 1.0000000000000000
-201218.91991967833 1.0000000000000000
13688.161142966601 1.0000000000000000
40566.331909587221 1.0000000000000000
28062.458448622325 1.0000000000000000
-92622.438900433612 1.0000000000000000
-47076.438419669117 1.0000000000000000
77011.595256875167 1.0000000000000000
195190.29963853705 1.0000000000000000
2212.2759859262260 1.0000000000000000
-16700.451713188351 1.0000000000000000
-44229.266242542268 1.0000000000000000
2057.0395273138288 1.0000000000000000
-7768.2500378947752 1.0000000000000000
22342.575788237227 1.0000000000000000
17321.611777598173 1.0000000000000000
-12098.974988109961 1.0000000000000000
-16034.502009098909 1.0000000000000000
1268.3924512892997 1.0000000000000000
1732.2340553881152 1.0000000000000000
-18653.585328641268 1.0000000000000000
-7247.4039290338524 1.0000000000000000
14186.310051695462 1.0000000000000000
15627.980621018251 1.0000000000000000
36507.335159013746 1.0000000000000000
772.16711610493996 1.0000000000000000
13264.002891532386 1.0000000000000000
1914.0556938092905 1.0000000000000000
13626.550025523858 1.0000000000000000
-44363.535934916719 1.0000000000000000
187568.83907360409 1.0000000000000000
27240.440847921920 1.0000000000000000
7501.7140501166878 1.0000000000000000
-38011.581177236134 1.0000000000000000
6127.6964031870948 1.0000000000000000
-25308.023886332678 1.0000000000000000
-25672.392922717416 1.0000000000000000
-8296.9987096690438 1.0000000000000000
-160073.47483100332 1.0000000000000000
-10473.841782290781 1.0000000000000000
3330.9078618436711 1.0000000000000000
-6431.8158196320537 1.0000000000000000
19299.955162944138 1.0000000000000000
4424.8550749573251 1.0000000000000000
-1279.9623318630020 1.0000000000000000
37906.552506383297 1.0000000000000000
27631.130720597263 1.0000000000000000
24354.420123708798 1.0000000000000000
8461.9631034147678 1.0000000000000000
17974.179048900649 1.0000000000000000
7012.1863131928203 1.0000000000000000
-11219.369117757265 1.0000000000000000
9990.5938801337234 1.0000000000000000
5973.1126781682851 1.0000000000000000
-1544.1014793495865 1.0000000000000000
41898.306397868851 1.0000000000000000
-52035.960440946044 1.0000000000000000
-10744.288855310298 1.0000000000000000
21769.158660392000 1.0000000000000000
-1780.1609527423191 1.0000000000000000
2336.5230242025009 1.0000000000000000
-7074.0754361864883 1.0000000000000000
-21333.572776852227 1.0000000000000000
-5023.0881226519514 1.0000000000000000
2649.4394434968194 1.0000000000000000
-11854.679223136171 1.0000000000000000
-35931.825561483667 1.0000000000000000
32848.608227017008 1.0000000000000000
78953.406851302963 1.0000000000000000
2615.7981630328632 1.0000000000000000
14503.032320660457 1.0000000000000000
9728.2646151872614 1.0000000000000000
-1461.9598777684316 1.0000000000000000
-2514.3098605882633 1.0000000000000000
3739.7042366030623 1.0000000000000000
-9344.0258044888797 1.0000000000000000
-26715.784140068110 1.0000000000000000
-34242.410959742447 1.0000000000000000
51169.848270899332 1.0000000000000000
-1583.2277076006139 1.0000000000000000
13374.263085005119 1.0000000000000000
32867.038686273314 1.0000000000000000
-31040.412567078944 1.0000000000000000
11019.120086121100 1.0000000000000000
55396.693089670851 1.0000000000000000
43115.918544299086 1.0000000000000000
-69926.096409604346 1.0000000000000000
18493.305746087801 1.0000000000000000
11621.339863036312 1.0000000000000000
-41704.974654827318 1.0000000000000000
-85295.447883603250 1.0000000000000000
2964.3192031265467 1.0000000000000000
3382.0237250874588 1.0000000000000000
47906.560333852896 1.0000000000000000
1381.6996258555896 1.0000000000000000
-44930.203382522632 1.0000000000000000
16986.119831263823 1.0000000000000000
-20164.474811422617 1.0000000000000000
-7653.1446239068118 1.0000000000000000
-11618.986446115558 1.0000000000000000
-3685.2436459106389 1.0000000000000000
-19412.444526838630 1.0000000000000000
15125.396306493241 1.0000000000000000
-8825.6342356457099 1.0000000000000000
-832.84076646408960 1.0000000000000000
-60433.951113636002 1.0000000000000000
-35581.313254885616 1.0000000000000000
28754.689921428871 1.0000000000000000
-2995.5133211309417 1.0000000000000000
11993.663748847570 1.0000000000000000
-10095.136737355908 1.0000000000000000
-2622.3372794624047 1.0000000000000000
178493.00731659395 1.0000000000000000
51762.699506836179 1.0000000000000000
-891.69337697015828 1.0000000000000000
50160.655460555601 1.0000000000000000
9745.9220390388800 1.0000000000000000
-891.43540675270549 1.0000000000000000
-2443.4503415775616 1.0000000000000000
-7215.2904914172223 1.0000000000000000
1533.8824774256134 1.0000000000000000
-2626.7487333330309 1.0000000000000000
7064.3037754561146 1.0000000000000000
-20236.234348194070 1.0000000000000000
43607.115500333377 1.0000000000000000
1512.1631266970082 1.0000000000000000
-18110.311204733229 1.0000000000000000
-9676.3835931659669 1.0000000000000000
-1788.8032737421452 1.0000000000000000
-152.34327065839054 1.0000000000000000
-419.52404937139397 1.0000000000000000
-2444.0862672948724 1.0000000000000000
-724.21716090043799 1.0000000000000000
-4437.4465154998288 1.0000000000000000
-498.51302510919203 1.0000000000000000
209.99700376597991 1.0000000000000000
53955.866960231600 1.0000000000000000
-21535.358665595817 1.0000000000000000
24009.048525526752 1.0000000000000000
16583.036149937067 1.0000000000000000
7282.2476068587584 1.0000000000000000
-16527.797430811039 1.0000000000000000
5644.9654807338466 1.0000000000000000
1112.0126675240499 1.0000000000000000
40097.200676821180 1.0000000000000000
45724.927834796246 1.0000000000000000
-21367.128915633635 1.0000000000000000
-30537.777660648750 1.0000000000000000
2021.8542619511193 1.0000000000000000
2425.6820393647122 1.0000000000000000
48586.497553542053 1.0000000000000000
-23322.555194665074 1.0000000000000000
22724.489572791135 1.0000000000000000
-12239.526381398477 1.0000000000000000
3201.5917700639138 1.0000000000000000
6779.1233061605835 1.0000000000000000
544815.96691799676 1.0000000000000000
562.90232761071616 1.0000000000000000
-320060.61795467167 1.0000000000000000
147.64541943016795 1.0000000000000000
-32649.626434336635 1.0000000000000000
-143207.87853890817 1.0000000000000000
19234.409378606648 1.0000000000000000
-17285.879045388581 1.0000000000000000
31980.124602409640 1.0000000000000000
4577.5311578721448 1.0000000000000000
-4115.7658674575387 1.0000000000000000
94747.350099645482 1.0000000000000000
-3018.6850704174080 1.0000000000000000
12225.776588706112 1.0000000000000000
-23732.207556181613 1.0000000000000000
-54422.469194146484 1.0000000000000000
-19225.396299636002 1.0000000000000000
6977.5978344565974 1.0000000000000000
-4978.2858712931311 1.0000000000000000
7839.1329865041071 1.0000000000000000
-2418.2280914984926 1.0000000000000000
-5342.7475219729167 1.0000000000000000
-58975.618006593388 1.0000000000000000
32914.948466275797 1.0000000000000000
68899.447810686659 1.0000000000000000
800.08131013608943 1.0000000000000000
-22633.102702374465 1.0000000000000000
-17767.949693766088 1.0000000000000000
-27739.169818162889 1.0000000000000000
136195.12471374133 1.0000000000000000
-126041.67750445905 1.0000000000000000
-9246.7583634765433 1.0000000000000000
-16089.418303311340 1.0000000000000000
-12136.549101487293 1.0000000000000000
-8676.3809327837535 1.0000000000000000
-61617.274284774248 1.0000000000000000
3220.9191085400948 1.0000000000000000
-7984.1821643978465 1.0000000000000000
-150116.93317467635 1.0000000000000000
2449.1751341107602 1.0000000000000000
2615.1678309229078 1.0000000000000000
36703.439016177050 1.0000000000000000
34490.358988605913 1.0000000000000000
-50749.673089116579 1.0000000000000000
40990.807915781370 1.0000000000000000
20706.669891858011 1.0000000000000000
-7943.1762222070911 1.0000000000000000
6622.3320658126095 1.0000000000000000
-16621.731809145178 1.0000000000000000
-3997.0296358022802 1.0000000000000000
-38265.453670824885 1.0000000000000000
-155323.15186296008 1.0000000000000000
-4474.9592025411557 1.0000000000000000
6524.9837923228897 1.0000000000000000
-251.62468153751752 1.0000000000000000
5109.4548441389870 1.0000000000000000
-28891.307458368363 1.0000000000000000
-28153.947501284263 1.0000000000000000
-677.88038645805739 1.0000000000000000
-8657.3598420155340 1.0000000000000000
1822.9145872136814 1.0000000000000000
-22686.362762966699 1.0000000000000000
28754.110849981775 1.0000000000000000
-2289.6853708746853 1.0000000000000000
22210.307102304130 1.0000000000000000
3606.8587375119432 1.0000000000000000
-91467.206383439800 1.0000000000000000
-21192.307675621698 1.0000000000000000
-74709.539355159883 1.0000000000000000
-10392.536616568412 1.0000000000000000
95863.261926891733 1.0000000000000000
-40805.849585131080 1.0000000000000000
83500.577841074904 1.0000000000000000
38989.740865419139 1.0000000000000000
-29315.533862397315 1.0000000000000000
-19229.762864562090 1.0000000000000000
-26892.842368684891 1.0000000000000000
-3113.2496702927324 1.0000000000000000
-7563.4516114441722 1.0000000000000000
52072.233735861810 1.0000000000000000
-28475.946328547470 1.0000000000000000
18262.392509413461 1.0000000000000000
159476.71489873619 1.0000000000000000
-1748.1134385170205 1.0000000000000000
70740.428818000102 1.0000000000000000
-25992.959336136220 1.0000000000000000
3575.3765948175342 1.0000000000000000
-216.30009000531140 1.0000000000000000
-97286.955571186831 1.0000000000000000
3655.9362449817709 1.0000000000000000
-67074.503471062868 1.0000000000000000
-50921.244025654203 1.0000000000000000
7473.0488675087563 1.0000000000000000
11548.732196103931 1.0000000000000000
-6694.3222744316326 1.0000000000000000
12505.074333754772 1.0000000000000000
2929.1371441347987 1.0000000000000000
-1255.0543974235652 1.0000000000000000
-22814.788155291739 1.0000000000000000
