-4163.3621077914377 1.0000000000000000
-2717.9697622701506 1.0000000000000000
20370.598974761648 1.0000000000000000
114607.32207158052 1.0000000000000000
-3709.1450278990815 1.0000000000000000
6681.5423645160663 1.0000000000000000
-8297.2982320392566 1.0000000000000000
-3192.6571468167790 1.0000000000000000
-39414.064698997230 1.0000000000000000
-48206.878875103568 1.0000000000000000
-12694.668054467627 1.0000000000000000
12335.403543129387 1.0000000000000000
7101.7421806795219 1.0000000000000000
19521.159345702523 1.0000000000000000
13976.166765799409 1.0000000000000000
879.45354439507344 1.0000000000000000
-11266.828560011287 1.0000000000000000
142229.08656547993 1.0000000000000000
25169.781265596113 1.0000000000000000
11701.504105670023 1.0000000000000000
33774.289712374492 1.0000000000000000
-74999.255098869427 1.0000000000000000
-13415.030702311087 1.0000000000000000
82337.866668260380 1.0000000000000000
-62748.931926259269 1.0000000000000000
-8359.9136081149027 1.0000000000000000
-296.68786816585720 1.0000000000000000
6478.5426678088952 1.0000000000000000
-93170.585987006707 1.0000000000000000
-5063.0191909450505 1.0000000000000000
55650.153273911637 1.0000000000000000
46174.052540486424 1.0000000000000000
-190.20654786195269 1.0000000000000000
16478.779585226235 1.0000000000000000
-31799.161018254978 1.0000000000000000
-15289.014492864470 1.0000000000000000
-76083.771364046828 1.0000000000000000
-6193.0016051232978 1.0000000000000000
-5681.1967785831457 1.0000000000000000
-596.18666492925104 1.0000000000000000
33944.021507481288 1.0000000000000000
50630.876870119930 1.0000000000000000
92757.004595623730 1.0000000000000000
-7479.6429418724547 1.0000000000000000
-50416.687525441688 1.0000000000000000
30792.093434833972 1.0000000000000000
-34470.612986317494 1.0000000000000000
-36263.216364817301 1.0000000000000000
1733.5765622769575 1.0000000000000000
7422.1278199671178 1.0000000000000000
-556.49818062427312 1.0000000000000000
25456.088387680167 1.0000000000000000
-59110.689268053902 1.0000000000000000
-59167.537891908374 1.0000000000000000
-30128.601115512120 1.0000000000000000
5799.0744401168367 1.0000000000000000
7583.0953105884792 1.0000000000000000
6993.5130370170355 1.0000000000000000
-824.74691380523007 1.0000000000000000
7618.5050706883239 1.0000000000000000
5691.8701636430587 1.0000000000000000
109960.15755883307 1.0000000000000000
-6160.9916353729959 1.0000000000000000
110278.65390349302 1.0000000000000000
39550.058633301480 1.0000000000000000
1622.5553294563267 1.0000000000000000
-11353.682465403919 1.0000000000000000
191235.61743797472 1.0000000000000000
11023.822970283307 1.0000000000000000
-9375.1612011211073 1.0000000000000000
-30728.521592455123 1.0000000000000000
-25850.673031985149 1.0000000000000000
-29704.429536153380 1.0000000000000000
-64077.745005293342 1.0000000000000000
39189.190641381960 1.0000000000000000
2708.4550316606728 1.0000000000000000
-138769.39026868492 1.0000000000000000
10059.723910975434 1.0000000000000000
30876.978963298603 1.0000000000000000
-15328.637035288728 1.0000000000000000
17540.043327389121 1.0000000000000000
8237.5271489734823 1.0000000000000000
67794.332607132819 1.0000000000000000
-69970.308497760823 1.0000000000000000
-1883.7392854234981 1.0000000000000000
-83713.464894569872 1.0000000000000000
12050.208589951244 1.0000000000000000
30793.410233659179 1.0000000000000000
-135856.15410075270 1.0000000000000000
-70953.509613619011 1.0000000000000000
-59029.915817855304 1.0000000000000000
-37307.529866287427 1.0000000000000000
50620.475163593554 1.0000000000000000
84925.317553041532 1.0000000000000000
-341.15348431565081 1.0000000000000000
-9474.1138858973227 1.0000000000000000
2061.1881294749010 1.0000000000000000
-84639.644355428143 1.0000000000000000
-11690.070113986401 1.0000000000000000
-22821.544076891703 1.0000000000000000
42573.951373170552 1.0000000000000000
-4490.3670042076046 1.0000000000000000
107452.20242969306 1.0000000000000000
-924.31572383514697 1.0000000000000000
138736.55233440670 1.0000000000000000
4423.6130038311621 1.0000000000000000
136.08036730679621 1.0000000000000000
14004.131227678659 1.0000000000000000
23450.709933699698 1.0000000000000000
319461.62856972613 1.0000000000000000
-1313.7316969532096 1.0000000000000000
155.88267272641170 1.0000000000000000
-420.68379885821423 1.0000000000000000
-17819.378034430130 1.0000000000000000
-41237.092333621913 1.0000000000000000
102611.96314763713 1.0000000000000000
176716.03868214253 1.0000000000000000
-14199.185004456484 1.0000000000000000
25124.394645467008 1.0000000000000000
354526.73511071561 1.0000000000000000
-2219.8938754727633 1.0000000000000000
5547.8628767959572 1.0000000000000000
-7911.2978154007815 1.0000000000000000
16278.117780285453 1.0000000000000000
-4784.7602705828858 1.0000000000000000
-14093.676945259760 1.0000000000000000
-35099.035487617861 1.0000000000000000
9739.7777232559965 1.0000000000000000
-54793.538058572740 1.0000000000000000
63136.775132585222 1.0000000000000000
-23464.619374974769 1.0000000000000000
-480411.85607466049 1.0000000000000000
-11656.630433245964 1.0000000000000000
-13630.083157610577 1.0000000000000000
21820.769332022923 1.0000000000000000
-2673.6128108731555 1.0000000000000000
-97977.037656683344 1.0000000000000000
-38842.144578314277 1.0000000000000000
906.07813856531106 1.0000000000000000
-7637.1375278901096 1.0000000000000000
2799.4741922424919 1.0000000000000000
17938.481352539970 1.0000000000000000
18835.345108397156 1.0000000000000000
9208.1451778667597 1.0000000000000000
27631.533634589039 1.0000000000000000
-10843.987633638422 1.0000000000000000
-11364.476383295485 1.0000000000000000
25897.450745715691 1.0000000000000000
20804.132274582837 1.0000000000000000
57496.686801438518 1.0000000000000000
23715.533310663890 1.0000000000000000
-145647.65880013123 1.0000000000000000
-21275.304295210564 1.0000000000000000
104654.36548300780 1.0000000000000000
21165.454893944356 1.0000000000000000
101338.92395405976 1.0000000000000000
29419.852543423644 1.0000000000000000
5375.6264670422561 1.0000000000000000
-872.04521693616209 1.0000000000000000
-3303.0375306157939 1.0000000000000000
-47946.945315075529 1.0000000000000000
22934.860672660536 1.0000000000000000
21551.058022648220 1.0000000000000000
-453.57868245186035 1.0000000000000000
73370.595589008459 1.0000000000000000
-327575.37884821685 1.0000000000000000
104853.91723261462 1.0000000000000000
-37503.750119570694 1.0000000000000000
-5525.5441106887265 1.0000000000000000
55922.538866944335 1.0000000000000000
-123607.39716839656 1.0000000000000000
3671.6272946714143 1.0000000000000000
67246.544817788177 1.0000000000000000
-7819.1334592067496 1.0000000000000000
-56643.516262473044 1.0000000000000000
-34171.112137914337 1.0000000000000000
25107.344345444963 1.0000000000000000
20048.428260711702 1.0000000000000000
-20184.566129596238 1.0000000000000000
-68260.634050857683 1.0000000000000000
-992.32814303778548 1.0000000000000000
5255.1267135317721 1.0000000000000000
3017.8566014027087 1.0000000000000000
159483.50958836105 1.0000000000000000
42372.593339514126 1.0000000000000000
-96827.976928154400 1.0000000000000000
-12201.432112349965 1.0000000000000000
-102149.16589134881 1.0000000000000000
14473.311504980011 1.0000000000000000
5790.7226573456992 1.0000000000000000
2880.7285473135880 1.0000000000000000
2472.2802909631173 1.0000000000000000
-12416.652635254814 1.0000000000000000
-4622.1272532253170 1.0000000000000000
5807.4258063645357 1.0000000000000000
-35003.739304534545 1.0000000000000000
57121.711265559890 1.0000000000000000
-85185.502347946996 1.0000000000000000
99631.671149129470 1.0000000000000000
-43702.489498983581 1.0000000000000000
75561.260512187480 1.0000000000000000
-4758.5414492663276 1.0000000000000000
-501.10055887009173 1.0000000000000000
-36968.457860036593 1.0000000000000000
64027.809772733635 1.0000000000000000
-9023.7591911506388 1.0000000000000000
3641.4078069361572 1.0000000000000000
1586.1824469164303 1.0000000000000000
35316.378853529677 1.0000000000000000
-58923.667302197762 1.0000000000000000
-84791.932651998155 1.0000000000000000
-3685.0158934580227 1.0000000000000000
-19319.189641970603 1.0000000000000000
82803.285784639476 1.0000000000000000
-73800.438175390926 1.0000000000000000
77750.823880942349 1.0000000000000000
11236.993274574927 1.0000000000000000
-11067.584901596008 1.0000000000000000
-78270.614232168184 1.0000000000000000
-44090.302540559795 1.0000000000000000
-4184.8354396323339 1.0000000000000000
-63919.638490375546 1.0000000000000000
56106.102449218721 1.0000000000000000
23485.559288989702 1.0000000000000000
12233.543297586093 1.0000000000000000
48533.642237719585 1.0000000000000000
-474277.01669967204 1.0000000000000000
-33024.555712609275 1.0000000000000000
473747.74925966858 1.0000000000000000
217363.16307560497 1.0000000000000000
-29653.818055473417 1.0000000000000000
-35808.399426208744 1.0000000000000000
-27443.864936374404 1.0000000000000000
-8478.5922021296210 1.0000000000000000
-1752.3391004948685 1.0000000000000000
-19028.952606299656 1.0000000000000000
-6355.7302914537077 1.0000000000000000
-340.15217470781118 1.0000000000000000
5763.0776422052440 1.0000000000000000
-93532.427899871109 1.0000000000000000
206823.08777047184 1.0000000000000000
-5229.9447279639971 1.0000000000000000
-14842.175921906251 1.0000000000000000
-1346.4852438983421 1.0000000000000000
-5251.7697740487374 1.0000000000000000
86619.578166000065 1.0000000000000000
-1416.5665555848602 1.0000000000000000
212009.22936297458 1.0000000000000000
-31935.356829196189 1.0000000000000000
-1595.2185908541774 1.0000000000000000
26319.858788351361 1.0000000000000000
4728.0763163625461 1.0000000000000000
-10684.198113412420 1.0000000000000000
-94235.151026947759 1.0000000000000000
-26876.278341302415 1.0000000000000000
22620.223460490659 1.0000000000000000
-92341.011430829836 1.0000000000000000
-9117.2753769165301 1.0000000000000000
42329.011157966401 1.0000000000000000
-15976.496863004557 1.0000000000000000
141179.11492895495 1.0000000000000000
-94567.540042087290 1.0000000000000000
-146339.53722894675 1.0000000000000000
154432.12800315517 1.0000000000000000
84466.962574928373 1.0000000000000000
112007.05330528483 1.0000000000000000
28998.465629530128 1.0000000000000000
15255.134061144350 1.0000000000000000
31915.832241709562 1.0000000000000000
-3041.8573961504021 1.0000000000000000
-22926.851583202424 1.0000000000000000
-74557.429576331502 1.0000000000000000
-67668.471359027360 1.0000000000000000
-13562.255849186935 1.0000000000000000
33134.897178270337 1.0000000000000000
-7891.3789153515809 1.0000000000000000
-4521.9299810403527 1.0000000000000000
711.42347916521237 1.0000000000000000
-1487.9609661236645 1.0000000000000000
2009.6290554293407 1.0000000000000000
-124294.59339673133 1.0000000000000000
-4836.6222375492980 1.0000000000000000
91319.998197550245 1.0000000000000000
-10109.404835816051 1.0000000000000000
-37742.424123451972 1.0000000000000000
-183365.91345715849 1.0000000000000000
16739.129102384999 1.0000000000000000
7318.3236090794189 1.0000000000000000
-73532.335015424280 1.0000000000000000
-58216.393529020133 1.0000000000000000
-519.48222255343910 1.0000000000000000
-23279.633420597031 1.0000000000000000
-16990.898879334873 1.0000000000000000
16042.172597946073 1.0000000000000000
86961.017582039785 1.0000000000000000
-85904.727658709904 1.0000000000000000
9402.0945200162205 1.0000000000000000
-76514.275638168780 1.0000000000000000
31419.205306257983 1.0000000000000000
16664.855858872746 1.0000000000000000
-13372.485950880227 1.0000000000000000
-17964.594328245657 1.0000000000000000
1039685.6928391987 1.0000000000000000
-52108.897042383724 1.0000000000000000
57739.338165171292 1.0000000000000000
133752.03257657596 1.0000000000000000
-82456.988594497903 1.0000000000000000
30404.922070445169 1.0000000000000000
-44880.423361668902 1.0000000000000000
16637.208075024570 1.0000000000000000
-27533.653141017323 1.0000000000000000
2230.8737492819319 1.0000000000000000
5444.4695505300970 1.0000000000000000
-43233.256070360861 1.0000000000000000
13757.021664669805 1.0000000000000000
-46803.184620258879 1.0000000000000000
95758.617087828985 1.0000000000000000
-1126.7359694351180 1.0000000000000000
-431797.10061068705 1.0000000000000000
-13134.269118967399 1.0000000000000000
-21216.798374396982 1.0000000000000000
3920.2548936741878 1.0000000000000000
-4896.0837577628672 1.0000000000000000
119894.78243620998 1.0000000000000000
2945.6755625635665 1.0000000000000000
1976.9760527145556 1.0000000000000000
-70498.965163556219 1.0000000000000000
172484.62289486532 1.0000000000000000
-28401.102723118423 1.0000000000000000
2792.4899959960912 1.0000000000000000
174758.46433394414 1.0000000000000000
-19936.795316780874 1.0000000000000000
289228.53892461886 1.0000000000000000
-199880.22521917857 1.0000000000000000
-1233.9898756263349 1.0000000000000000
7170.2059496494439 1.0000000000000000
-1371.1255615189548 1.0000000000000000
2145.7945477059943 1.0000000000000000
17474.282008059898 1.0000000000000000
-65269.940390375879 1.0000000000000000
-22884.385737463435 1.0000000000000000
-39181.193125233745 1.0000000000000000
-14567.978627993372 1.0000000000000000
4785.1295172015152 1.0000000000000000
337739.34581397218 1.0000000000000000
24348.296554330584 1.0000000000000000
3229.5801205023054 1.0000000000000000
-3340.4496651749332 1.0000000000000000
29147.931174978814 1.0000000000000000
25673.636497401665 1.0000000000000000
453.89704504101570 1.0000000000000000
2161.5766730773203 1.0000000000000000
84236.750813520324 1.0000000000000000
-33727.946810479814 1.0000000000000000
-48465.503695472798 1.0000000000000000
2315.9876613646156 1.0000000000000000
-24311.805637489313 1.0000000000000000
47452.865842548315 1.0000000000000000
4395.3829204866970 1.0000000000000000
-2040.2618948947797 1.0000000000000000
9520.8904717112928 1.0000000000000000
-50184.536185927100 1.0000000000000000
-20454.902950694181 1.0000000000000000
55.721008808739263 1.0000000000000000
-29483.856181546795 1.0000000000000000
-773.67192756743805 1.0000000000000000
25813.715692150108 1.0000000000000000
17857.567578898233 1.0000000000000000
39092.730802762861 1.0000000000000000
-45384.688928445656 1.0000000000000000
-38108.060555248652 1.0000000000000000
-47086.534766387347 1.0000000000000000
100191.98384106322 1.0000000000000000
-6706.4905015128861 1.0000000000000000
-28149.412605792411 1.0000000000000000
8342.3130152378308 1.0000000000000000
-48677.426913894444 1.0000000000000000
-2229.4700012581879 1.0000000000000000
-3881.3714386605338 1.0000000000000000
24504.649652487464 1.0000000000000000
-15658.569735018755 1.0000000000000000
-3353.3499043189854 1.0000000000000000
-6827.6000115691559 1.0000000000000000
4320.2600697397265 1.0000000000000000
-1247001.9519494660 1.0000000000000000
-48632.135951617696 1.0000000000000000
8799.8220201000895 1.0000000000000000
88611.518117851170 1.0000000000000000
-1043.0088789203046 1.0000000000000000
83562.946218364465 1.0000000000000000
14863.071025033840 1.0000000000000000
11498.060150523008 1.0000000000000000
-8117.6818791342348 1.0000000000000000
1997.9081786390364 1.0000000000000000
-17650.964861839901 1.0000000000000000
2338.0605620928436 1.0000000000000000
16100.344428758404 1.0000000000000000
-1192.8545465722118 1.0000000000000000
2103.3950178432797 1.0000000000000000
-24320.613136099688 1.0000000000000000
-13052.753888416690 1.0000000000000000
-3203.2273686816002 1.0000000000000000
-1306.9164612322522 1.0000000000000000
-32680.804345607026 1.0000000000000000
-229.78503666806020 1.0000000000000000
-14956.061687899226 1.0000000000000000
784.17373284873929 1.0000000000000000
-48096.249809781802 1.0000000000000000
32189.597670161071 1.0000000000000000
-1112.1228582803753 1.0000000000000000
137.24779207338088 1.0000000000000000
-2085.0885749525846 1.0000000000000000
13639.735418813591 1.0000000000000000
-21137.226787888689 1.0000000000000000
-20570.686555613123 1.0000000000000000
18880.964564771297 1.0000000000000000
-7183.8605304485527 1.0000000000000000
3811.5812815787203 1.0000000000000000
-25518.766992712077 1.0000000000000000
-19558.086216968015 1.0000000000000000
7701.9055184866229 1.0000000000000000
23251.511869083613 1.0000000000000000
6090.2871073391352 1.0000000000000000
32669.748634916563 1.0000000000000000
22819.616934937552 1.0000000000000000
3871.2331698932967 1.0000000000000000
73310.997199018791 1.0000000000000000
-13643.318947654208 1.0000000000000000
22617.576946999379 1.0000000000000000
-12393.458297681402 1.0000000000000000
-16202.737698241590 1.0000000000000000
-1806.8554210129259 1.0000000000000000
43478.864205854232 1.0000000000000000
-24729.688759068849 1.0000000000000000
-14892.439459442758 1.0000000000000000
47975.719312278561 1.0000000000000000
250475.65085313382 1.0000000000000000
33097.531674986720 1.0000000000000000
-120503.01039891464 1.0000000000000000
16552.451771647771 1.0000000000000000
109045.62552970779 1.0000000000000000
-14566.326430527113 1.0000000000000000
2940.7546577119538 1.0000000000000000
1402.5522928047669 1.0000000000000000
-141910.47537756801 1.0000000000000000
-27786.599966284088 1.0000000000000000
18688.144671352675 1.0000000000000000
10001.450968593423 1.0000000000000000
27074.018217006316 1.0000000000000000
-14259.976362829275 1.0000000000000000
-91390.476005999299 1.0000000000000000
4511.7836452286774 1.0000000000000000
7515.9935606687968 1.0000000000000000
-39583.402221925237 1.0000000000000000
38003.388466775112 1.0000000000000000
29134.592562376103 1.0000000000000000
-62226.393410158176 1.0000000000000000
54183.371993332861 1.0000000000000000
133626.44165452986 1.0000000000000000
84197.520905072408 1.0000000000000000
128945.11290067388 1.0000000000000000
189772.63777068545 1.0000000000000000
1515.6872028966652 1.0000000000000000
13881.933496221713 1.0000000000000000
-23657.455631263885 1.0000000000000000
-5422.8425562325110 1.0000000000000000
-41179.071751962416 1.0000000000000000
645.86324013177318 1.0000000000000000
-13520.272504846520 1.0000000000000000
-83893.020607221479 1.0000000000000000
-42296.040954086042 1.0000000000000000
39210.514574235254 1.0000000000000000
-42410.539733903810 1.0000000000000000
-72934.135833443084 1.0000000000000000
-43516.763980350741 1.0000000000000000
12217.553087608185 1.0000000000000000
92034.640511192731 1.0000000000000000
5677.8064058232612 1.0000000000000000
-12279.699144983571 1.0000000000000000
23654.995325151976 1.0000000000000000
-185554.63807978679 1.0000000000000000
6138.5982093578186 1.0000000000000000
-23147.423882702744 1.0000000000000000
60043.128389486752 1.0000000000000000
37754.250192074847 1.0000000000000000
-28894.941285149445 1.0000000000000000
-3165.8060207433273 1.0000000000000000
-2880.8041365529257 1.0000000000000000
-83711.003561689809 1.0000000000000000
6782.5982357217808 1.0000000000000000
-75885.984020318268 1.0000000000000000
-48237.517558518011 1.0000000000000000
4877.2178323243297 1.0000000000000000
3646.1329824574441 1.0000000000000000
-18355.541711977508 1.0000000000000000
-1832.3356262111747 1.0000000000000000
61213.232348892197 1.0000000000000000
22766.467697385968 1.0000000000000000
8276.2648703304822 1.0000000000000000
338908.03210956784 1.0000000000000000
113293.33206376055 1.0000000000000000
-93427.285429581782 1.0000000000000000
47503.270484877867 1.0000000000000000
5545.1186656301907 1.0000000000000000
41.175020426812502 1.0000000000000000
-59510.679201503721 1.0000000000000000
-476.76702242753356 1.0000000000000000
286708.16940339643 1.0000000000000000
-42005.147231428637 1.0000000000000000
-21410.098150090562 1.0000000000000000
-66983.810443835231 1.0000000000000000
-25624.021491378691 1.0000000000000000
47712.491576208755 1.0000000000000000
-59562.151103744625 1.0000000000000000
28775.009573138741 1.0000000000000000
-17246.622572530323 1.0000000000000000
144952.75801577777 1.0000000000000000
-25649.367108285591 1.0000000000000000
-5518.8931309147920 1.0000000000000000
5651.6092915115314 1.0000000000000000
45459.191779683686 1.0000000000000000
28171.751713990318 1.0000000000000000
-34533.764215200070 1.0000000000000000
-378026.76339467755 1.0000000000000000
-8474.8873547118037 1.0000000000000000
-417802.58571431652 1.0000000000000000
2911.0205275644080 1.0000000000000000
22556.804912169438 1.0000000000000000
-77721.872845175865 1.0000000000000000
-96108.137329726960 1.0000000000000000
-18567.189594429223 1.0000000000000000
25257.599419494640 1.0000000000000000
-36321.775112203199 1.0000000000000000
163334.36871611097 1.0000000000000000
-37081.980878314731 1.0000000000000000
-49809.893188564136 1.0000000000000000
33450.205587570854 1.0000000000000000
26902.098144946307 1.0000000000000000
11771.608145765351 1.0000000000000000
-111033.04779418322 1.0000000000000000
-69031.339025329609 1.0000000000000000
-56776.911785004311 1.0000000000000000
-10487.729913205520 1.0000000000000000
-13224.044851882431 1.0000000000000000
27189.744684970246 1.0000000000000000
-1462.7501536272689 1.0000000000000000
-16952.499284706959 1.0000000000000000
-5630.1465892150563 1.0000000000000000
130126.74785664509 1.0000000000000000
17310.737360986313 1.0000000000000000
-17616.875419510267 1.0000000000000000
-1574.4750283254218 1.0000000000000000
-64247.907442704120 1.0000000000000000
142105.78692466446 1.0000000000000000
144631.81787195482 1.0000000000000000
2445.4460923085171 1.0000000000000000
55735.373713493631 1.0000000000000000
178253.75047983354 1.0000000000000000
-14717.537030145615 1.0000000000000000
-22854.042376288489 1.0000000000000000
246776.85813794352 1.0000000000000000
49232.914302367419 1.0000000000000000
-1090.8936511482750 1.0000000000000000
33030.733465038698 1.0000000000000000
-1240.2459682425733 1.0000000000000000
18096.503168040264 1.0000000000000000
11624.823063006226 1.0000000000000000
3977.8390986930440 1.0000000000000000
87320.106314291086 1.0000000000000000
-4150.2961167788071 1.0000000000000000
46912.675040734037 1.0000000000000000
-11480.998919606385 1.0000000000000000
-167644.11185203353 1.0000000000000000
-38682.614976540179 1.0000000000000000
-61709.987984445099 1.0000000000000000
12148.196103002996 1.0000000000000000
-100080.14835335803 1.0000000000000000
-3151.0000349308152 1.0000000000000000
-247891.97666951074 1.0000000000000000
-82221.963062074559 1.0000000000000000
16157.530655709754 1.0000000000000000
-11178.952417694205 1.0000000000000000
-23421.598815995832 1.0000000000000000
32796.425629541511 1.0000000000000000
-11263.846035009323 1.0000000000000000
-24245.105380389174 1.0000000000000000
-702.37860009224630 1.0000000000000000
-2620.7571663933263 1.0000000000000000
-15769.375380092939 1.0000000000000000
-9800.6849097048453 1.0000000000000000
104532.94501052555 1.0000000000000000
-5015.7202237111424 1.0000000000000000
-72368.361773902448 1.0000000000000000
-35139.142899945793 1.0000000000000000
-5327.6724765436420 1.0000000000000000
41591.973108877566 1.0000000000000000
-6283.2853331002316 1.0000000000000000
-9213.6896839172368 1.0000000000000000
10495.017130338647 1.0000000000000000
-36827.809603840949 1.0000000000000000
-3660.6293532882255 1.0000000000000000
2070.1539743102867 1.0000000000000000
-96953.295556326280 1.0000000000000000
-37488.545711399514 1.0000000000000000
-15132.625463455788 1.0000000000000000
65033.379384810803 1.0000000000000000
-7537.2483486142019 1.0000000000000000
-1044.8291566014095 1.0000000000000000
1414.8532351937870 1.0000000000000000
1047.5233693009325 1.0000000000000000
-45760.984639204558 1.0000000000000000
48707.627593100769 1.0000000000000000
-17853.794292755672 1.0000000000000000
-15413.644327914952 1.0000000000000000
-16746.132302279293 1.0000000000000000
-48614.459420388157 1.0000000000000000
-33784.226299010348 1.0000000000000000
-9393.1984581052729 1.0000000000000000
1157.3030968969522 1.0000000000000000
-60.378522756513554 1.0000000000000000
65109.962622922278 1.0000000000000000
-86109.860342542583 1.0000000000000000
2371.2105362062107 1.0000000000000000
38733.989617184372 1.0000000000000000
-6087.3248857477838 1.0000000000000000
9396.8556857454932 1.0000000000000000
-20179.299802932670 1.0000000000000000
5725.7507693813886 1.0000000000000000
-61477.247262892233 1.0000000000000000
-33539.841869107106 1.0000000000000000
69974.769071933493 1.0000000000000000
-26264.121391078279 1.0000000000000000
-123824.56485321005 1.0000000000000000
-9702.2922532275006 1.0000000000000000
-1192.7107605684134 1.0000000000000000
10040.219243061147 1.0000000000000000
-69782.874931181694 1.0000000000000000
-182998.55959053882 1.0000000000000000
370371.21530877077 1.0000000000000000
-530.27295703418406 1.0000000000000000
6609.7122929292491 1.0000000000000000
44592.882794943376 1.0000000000000000
22462.638070813242 1.0000000000000000
-9542.2673293250064 1.0000000000000000
14335.475652047735 1.0000000000000000
-749.56258036769361 1.0000000000000000
474.06476861161059 1.0000000000000000
-75042.683660304203 1.0000000000000000
110105.95053284682 1.0000000000000000
-1674.8411804169598 1.0000000000000000
145921.95726854174 1.0000000000000000
-54772.285567255334 1.0000000000000000
-4180.6068010727167 1.0000000000000000
-53697.086255841168 1.0000000000000000
112656.21301568372 1.0000000000000000
11680.481864286552 1.0000000000000000
-30208.592306996652 1.0000000000000000
42856.942075766114 1.0000000000000000
-6198.9575457186211 1.0000000000000000
-28696.399169980035 1.0000000000000000
15013.224143036115 1.0000000000000000
-26395.862716256248 1.0000000000000000
-12805.945467517746 1.0000000000000000
-15583.379508874632 1.0000000000000000
4686.2183695396707 1.0000000000000000
45179.113069888030 1.0000000000000000
3030.2628549328247 1.0000000000000000
-68184.533637412926 1.0000000000000000
-74612.137256725648 1.0000000000000000
153243.46098008007 1.0000000000000000
15886.872818536247 1.0000000000000000
-163779.72436717534 1.0000000000000000
123324.42762079381 1.0000000000000000
132375.79747122584 1.0000000000000000
43177.900260256218 1.0000000000000000
10943.836765858818 1.0000000000000000
38681.063997626261 1.0000000000000000
-4160.2727711526841 1.0000000000000000
-8906.4573595825277 1.0000000000000000
-21839.836946860509 1.0000000000000000
-45791.128539179896 1.0000000000000000
-44581.108393061091 1.0000000000000000
74093.916252720548 1.0000000000000000
-42119.905588658090 1.0000000000000000
-20191.783101423596 1.0000000000000000
-57442.408212369228 1.0000000000000000
-211955.46378373704 1.0000000000000000
-20098.192964511134 1.0000000000000000
35448.074189298452 1.0000000000000000
-5913.1654009904405 1.0000000000000000
531.67676585670495 1.0000000000000000
-1106.0295302694251 1.0000000000000000
3635.1075201719432 1.0000000000000000
-211491.79631264796 1.0000000000000000
-6969.3696807588321 1.0000000000000000
6362.0465166035829 1.0000000000000000
2398.0951757452235 1.0000000000000000
66253.427424906011 1.0000000000000000
3966.4304466084377 1.0000000000000000
-21962.474954057230 1.0000000000000000
58982.654810926913 1.0000000000000000
38248.043703083589 1.0000000000000000
-22005.286696615563 1.0000000000000000
-16362.821142513138 1.0000000000000000
36361.807212564039 1.0000000000000000
4565.8910110021661 1.0000000000000000
31803.834029310754 1.0000000000000000
81767.144952866642 1.0000000000000000
54841.837795046413 1.0000000000000000
-23595.535589850911 1.0000000000000000
55235.996914753581 1.0000000000000000
94860.102893139163 1.0000000000000000
-4851.0977545484348 1.0000000000000000
19403.675868532333 1.0000000000000000
15790.920883539400 1.0000000000000000
-4130.6831573689315 1.0000000000000000
64828.731259329885 1.0000000000000000
-15708.032624793121 1.0000000000000000
5921.8938906967796 1.0000000000000000
11897.382119966416 1.0000000000000000
-32604.808558533361 1.0000000000000000
-671.91126352330684 1.0000000000000000
11058.065900860922 1.0000000000000000
-11725.085031819650 1.0000000000000000
-2383.1149908174652 1.0000000000000000
2485.2139039671902 1.0000000000000000
54411.655445790566 1.0000000000000000
213676.25448781752 1.0000000000000000
-108068.07781611498 1.0000000000000000
-18887.347413115680 1.0000000000000000
3383.9284751750156 1.0000000000000000
-36666.844643531120 1.0000000000000000
99650.461467240952 1.0000000000000000
-1381.1719917744638 1.0000000000000000
36384.718287422911 1.0000000000000000
-91107.203137062941 1.0000000000000000
1108.7057860417333 1.0000000000000000
-15680.181245704922 1.0000000000000000
28749.383961339940 1.0000000000000000
-7651.7503805301358 1.0000000000000000
246496.63875857522 1.0000000000000000
-45686.261136757719 1.0000000000000000
-28851.639578025450 1.0000000000000000
-214801.49345804902 1.0000000000000000
1120.5687506093520 1.0000000000000000
2840.2264050637250 1.0000000000000000
6456.6956304947716 1.0000000000000000
-12987.566065203782 1.0000000000000000
-61663.632885403174 1.0000000000000000
-11231.888363253620 1.0000000000000000
51372.915228834208 1.0000000000000000
10212.880049025041 1.0000000000000000
-13441.221057433419 1.0000000000000000
14141.379420194107 1.0000000000000000
6864.9143774413951 1.0000000000000000
52573.986979091584 1.0000000000000000
-3014.4454242160373 1.0000000000000000
-17607.612504994151 1.0000000000000000
-3954.8468037737548 1.0000000000000000
47.037381590120987 1.0000000000000000
330399.91687673487 1.0000000000000000
-1442.0826511155988 1.0000000000000000
96419.991049918433 1.0000000000000000
-46268.301284206602 1.0000000000000000
24152.005666343579 1.0000000000000000
79026.616154484393 1.0000000000000000
18108.309765058722 1.0000000000000000
-20016.238624839385 1.0000000000000000
-21728.251518406931 1.0000000000000000
-20688.625258834476 1.0000000000000000
138967.92461843533 1.0000000000000000
1411.9527597112838 1.0000000000000000
8731.5525410536666 1.0000000000000000
24612.705835137498 1.0000000000000000
105408.15775963270 1.0000000000000000
-54615.455989605180 1.0000000000000000
27231.335685270202 1.0000000000000000
-114343.45153086701 1.0000000000000000
13184.223456845481 1.0000000000000000
4205.7100855969547 1.0000000000000000
-4831.1090182663238 1.0000000000000000
16240.552857297671 1.0000000000000000
-2732.4615788267793 1.0000000000000000
2713.3199977408649 1.0000000000000000
-418003.42225396942 1.0000000000000000
-152777.48570088518 1.0000000000000000
156020.14990456004 1.0000000000000000
-6604.5564906338050 1.0000000000000000
30155.197324266490 1.0000000000000000
11700.079364748279 1.0000000000000000
-93898.961434885496 1.0000000000000000
-45881.172228298150 1.0000000000000000
-160767.93328794889 1.0000000000000000
-55173.639370449193 1.0000000000000000
-96083.456178720153 1.0000000000000000
-25093.056020213298 1.0000000000000000
1954.9352622007420 1.0000000000000000
21764.305107898192 1.0000000000000000
-5925.2129401264438 1.0000000000000000
9690.9806533873143 1.0000000000000000
-3820.9698684149625 1.0000000000000000
-2584.6272900682952 1.0000000000000000
-20215.446991929872 1.0000000000000000
7515.1887187999955 1.0000000000000000
15536.340232415027 1.0000000000000000
7406.5462812810665 1.0000000000000000
3291.3821059255838 1.0000000000000000
68886.963738838720 1.0000000000000000
465.53812709626942 1.0000000000000000
70386.744830309748 1.0000000000000000
5844.2708268719134 1.0000000000000000
-14927.339335617375 1.0000000000000000
-7043.8777403491549 1.0000000000000000
-235782.30016562925 1.0000000000000000
-36299.945804049137 1.0000000000000000
-282.26207230310825 1.0000000000000000
-142056.14316305160 1.0000000000000000
115891.91358282497 1.0000000000000000
2989.1333232008442 1.0000000000000000
-45021.059203375851 1.0000000000000000
-24219.145948681868 1.0000000000000000
84478.460481676084 1.0000000000000000
967.03947004098347 1.0000000000000000
-41299.394167828199 1.0000000000000000
3235.1316469798221 1.0000000000000000
207.00922024072776 1.0000000000000000
18028.092718222117 1.0000000000000000
24900.574067909616 1.0000000000000000
-36179.152632748330 1.0000000000000000
-14783.859372080597 1.0000000000000000
-10514.857139870590 1.0000000000000000
-4615.1189064880609 1.0000000000000000
2408.8566143949761 1.0000000000000000
3377.0512861723942 1.0000000000000000
-66759.932146216393 1.0000000000000000
-32856.543355637354 1.0000000000000000
51019.522958704008 1.0000000000000000
-179509.42171788187 1.0000000000000000
-1153.1202604553187 1.0000000000000000
-7957.6611612911684 1.0000000000000000
10315.373265828995 1.0000000000000000
-1763.4802483693049 1.0000000000000000
-10826.570045567400 1.0000000000000000
-47197.175814612856 1.0000000000000000
117716.70599340643 1.0000000000000000
37162.052128504452 1.0000000000000000
4153.7951677748515 1.0000000000000000
-21799.334117895887 1.0000000000000000
-101546.43152688656 1.0000000000000000
-4560.4740788394374 1.0000000000000000
4290.6150168748845 1.0000000000000000
682.28861183611991 1.0000000000000000
-20012.557958906167 1.0000000000000000
-1092.3669222071862 1.0000000000000000
-1030.1173946084309 1.0000000000000000
-9178.4758736915282 1.0000000000000000
127793.80076090757 1.0000000000000000
-26974.225227567964 1.0000000000000000
-193427.30458995764 1.0000000000000000
19287.085998964518 1.0000000000000000
-474.54761835160144 1.0000000000000000
-2778.0019270432267 1.0000000000000000
314.71930384281904 1.0000000000000000
-10823.746617100136 1.0000000000000000
-912.16752555848859 1.0000000000000000
4507.6982877035070 1.0000000000000000
-56906.993395956153 1.0000000000000000
26959.648002271970 1.0000000000000000
-831.87436490865241 1.0000000000000000
-164119.89992150143 1.0000000000000000
9801.4078892589041 1.0000000000000000
-35039.778718959642 1.0000000000000000
-113326.15434303936 1.0000000000000000
5650.6682812037898 1.0000000000000000
18069.916564014722 1.0000000000000000
-113695.50801119843 1.0000000000000000
8729.1980499232777 1.0000000000000000
-26544.791116624983 1.0000000000000000
-72080.950302442012 1.0000000000000000
694.82265480061244 1.0000000000000000
4338.3480783135192 1.0000000000000000
2235.4727463037561 1.0000000000000000
-1754.2224004990462 1.0000000000000000
-3806.6440328495069 1.0000000000000000
-4500.6314550997604 1.0000000000000000
8636.9700753422640 1.0000000000000000
-392.47408006816278 1.0000000000000000
50245.695961253121 1.0000000000000000
4230.4757898276166 1.0000000000000000
185626.54266098648 1.0000000000000000
-8874.6354100129884 1.0000000000000000
111199.16211712096 1.0000000000000000
40780.061175245224 1.0000000000000000
81658.243707188187 1.0000000000000000
174559.48203214403 1.0000000000000000
89599.003066328820 1.0000000000000000
7233.3709482667946 1.0000000000000000
1201.1404980077450 1.0000000000000000
27970.946424370697 1.0000000000000000
8570.5035313852368 1.0000000000000000
-20064.109613994875 1.0000000000000000
24784.282123668276 1.0000000000000000
22245.748464905730 1.0000000000000000
-1050.3813101965902 1.0000000000000000
4661.8211908377598 1.0000000000000000
66148.424040941958 1.0000000000000000
33305.596948092978 1.0000000000000000
25218.906081835095 1.0000000000000000
-3716.2856941911609 1.0000000000000000
-17654.955709072579 1.0000000000000000
-27166.350780926423 1.0000000000000000
20788.844173449037 1.0000000000000000
-18846.255958082158 1.0000000000000000
-31824.911750642896 1.0000000000000000
5116.2539399063344 1.0000000000000000
170893.56969733181 1.0000000000000000
-403740.62447510409 1.0000000000000000
-2120.5159932914135 1.0000000000000000
-842.43652042501571 1.0000000000000000
-3867.2452193850772 1.0000000000000000
-4202.5601226030394 1.0000000000000000
-42834.711770299131 1.0000000000000000
-9125.8765943476046 1.0000000000000000
-2744.9908459715775 1.0000000000000000
-27774.836823965776 1.0000000000000000
113.86910540313656 1.0000000000000000
-3940.6993166008178 1.0000000000000000
-2687.2951271094162 1.0000000000000000
-7173.1416741653647 1.0000000000000000
79551.891911354178 1.0000000000000000
81503.139389990640 1.0000000000000000
14356.486684891077 1.0000000000000000
4642.8617671946886 1.0000000000000000
31671.698089568537 1.0000000000000000
-83065.682583901900 1.0000000000000000
-92386.717842963844 1.0000000000000000
-186812.15628729184 1.0000000000000000
83776.271672509436 1.0000000000000000
15753.045394407924 1.0000000000000000
-93198.916472376775 1.0000000000000000
66218.979027068577 1.0000000000000000
7321.7123832177485 1.0000000000000000
-6263.3520593371250 1.0000000000000000
-536048.39728148177 1.0000000000000000
122785.41883262576 1.0000000000000000
-17792.993528955642 1.0000000000000000
-96038.499993691177 1.0000000000000000
19178.450047766491 1.0000000000000000
20616.820161380729 1.0000000000000000
-3406.4906813336024 1.0000000000000000
-226.30298459384352 1.0000000000000000
-1385.9679531044367 1.0000000000000000
14037.036141493094 1.0000000000000000
9871.0327883476384 1.0000000000000000
-92.137940723170288 1.0000000000000000
-79410.795486907693 1.0000000000000000
-36007.196920267568 1.0000000000000000
12944.237204826415 1.0000000000000000
-4440.1577574608700 1.0000000000000000
-3247.1158973249358 1.0000000000000000
31257.542777751780 1.0000000000000000
64959.096261020568 1.0000000000000000
22133.812640116394 1.0000000000000000
2169.4319232664002 1.0000000000000000
-1339.8546444011999 1.0000000000000000
11537.666845865779 1.0000000000000000
677.90392915258167 1.0000000000000000
-3483.1383975488257 1.0000000000000000
162458.88536959686 1.0000000000000000
5540.4851091421833 1.0000000000000000
-49469.696868154788 1.0000000000000000
-7296.9990887154954 1.0000000000000000
14544.891493271172 1.0000000000000000
-13974.178208284304 1.0000000000000000
-14122.962362357734 1.0000000000000000
-74882.779443001433 1.0000000000000000
971.87932827173222 1.0000000000000000
581.22823308106103 1.0000000000000000
-29833.944999964591 1.0000000000000000
104538.84670014273 1.0000000000000000
-8882.4593701304166 1.0000000000000000
9775.0159463076416 1.0000000000000000
124659.71758154011 1.0000000000000000
9878.1230260343982 1.0000000000000000
-1079.9699767222980 1.0000000000000000
-18517.972437634151 1.0000000000000000
-2550.9007931726164 1.0000000000000000
17258.844543498097 1.0000000000000000
4476.7351067025775 1.0000000000000000
91792.643428399169 1.0000000000000000
71671.810552443188 1.0000000000000000
-54878.021393246498 1.0000000000000000
-8468.5479428453018 1.0000000000000000
-69300.770468644725 1.0000000000000000
43134.380333682326 1.0000000000000000
15032.598468076858 1.0000000000000000
-6766.5218371059955 1.0000000000000000
84203.378897946532 1.0000000000000000
-41616.914103580471 1.0000000000000000
9307.3421823440785 1.0000000000000000
