37442.901014975701 1.0000000000000000
45373.526434990046 1.0000000000000000
52867.826298050095 1.0000000000000000
-34619.880017545678 1.0000000000000000
-15794.439745827811 1.0000000000000000
-9553.1155682522221 1.0000000000000000
8366.1576951302432 1.0000000000000000
59419.082788666994 1.0000000000000000
-12892.694311809049 1.0000000000000000
24145.083259047373 1.0000000000000000
-9086.2665382372907 1.0000000000000000
-13690.866968308828 1.0000000000000000
-14600.220048953077 1.0000000000000000
19143.148792923803 1.0000000000000000
46193.214353786338 1.0000000000000000
47687.518480426246 1.0000000000000000
-17556.494148902872 1.0000000000000000
30133.734842926417 1.0000000000000000
-45760.179885121295 1.0000000000000000
5573.2632019613784 1.0000000000000000
-60331.042747325388 1.0000000000000000
-84245.525425338317 1.0000000000000000
79648.439440654445 1.0000000000000000
-14337.418305553118 1.0000000000000000
112465.36953596861 1.0000000000000000
17193.332765314448 1.0000000000000000
371709.22656859551 1.0000000000000000
-7704.3758393335747 1.0000000000000000
21957.115707637458 1.0000000000000000
8420.4507514079596 1.0000000000000000
-6161.2328782983359 1.0000000000000000
2282.1274507154822 1.0000000000000000
10484.933001951804 1.0000000000000000
19107.180353830689 1.0000000000000000
-16400.167332051216 1.0000000000000000
637.90653640550568 1.0000000000000000
-14458.033165843271 1.0000000000000000
2858.0937841612149 1.0000000000000000
-1797.2653354490121 1.0000000000000000
10562.183752513594 1.0000000000000000
326051.74029068206 1.0000000000000000
694.80168864746224 1.0000000000000000
-91101.427052494953 1.0000000000000000
-3054.9427391866857 1.0000000000000000
3002.2467206254805 1.0000000000000000
-15190.904192022232 1.0000000000000000
42331.495816697090 1.0000000000000000
144176.36316313964 1.0000000000000000
-7958.2044896929028 1.0000000000000000
-142037.88158752699 1.0000000000000000
788.79849351387566 1.0000000000000000
-3974.4162432884691 1.0000000000000000
2179.9539998681962 1.0000000000000000
146032.40539427724 1.0000000000000000
51999.094940266026 1.0000000000000000
-21420.459141604631 1.0000000000000000
-368.70366595926686 1.0000000000000000
8932.3615169267978 1.0000000000000000
-62559.066658764641 1.0000000000000000
13374.020496738976 1.0000000000000000
-76352.305371308190 1.0000000000000000
1007.6638627570580 1.0000000000000000
-49251.838696669402 1.0000000000000000
-32363.384384233006 1.0000000000000000
6188.8865861902723 1.0000000000000000
-4196.9638712125434 1.0000000000000000
-11088.305643612621 1.0000000000000000
17512.805363463900 1.0000000000000000
70770.748758546149 1.0000000000000000
-1216.6452492206370 1.0000000000000000
138582.58903516005 1.0000000000000000
84945.217432973877 1.0000000000000000
-1832.4594049602872 1.0000000000000000
-115.05287744520591 1.0000000000000000
81738.736049922474 1.0000000000000000
-90753.047570498238 1.0000000000000000
-7938.2228153553751 1.0000000000000000
53179.020755314916 1.0000000000000000
36330.886068892512 1.0000000000000000
-9975.3038594053724 1.0000000000000000
3445.0490553892087 1.0000000000000000
12178.457863692600 1.0000000000000000
-41549.533337891415 1.0000000000000000
-103120.45322381120 1.0000000000000000
-45588.783151126285 1.0000000000000000
6684.4675670086144 1.0000000000000000
62477.170980752504 1.0000000000000000
9903.1605103459497 1.0000000000000000
-36435.199802397248 1.0000000000000000
32282.451148558896 1.0000000000000000
-17453.761588658923 1.0000000000000000
-8263.3198460556559 1.0000000000000000
-176656.96021626776 1.0000000000000000
63460.942846580656 1.0000000000000000
99471.392480618306 1.0000000000000000
-15862.962709150137 1.0000000000000000
11196.130727837393 1.0000000000000000
-41663.973448856894 1.0000000000000000
7917.0362512178881 1.0000000000000000
-36304.919977136531 1.0000000000000000
5843.6188282311959 1.0000000000000000
-30788.061326972620 1.0000000000000000
6795.0124855918366 1.0000000000000000
-19417.261278465830 1.0000000000000000
-73899.651840229446 1.0000000000000000
623.83753716843012 1.0000000000000000
-33889.623182744930 1.0000000000000000
-10136.491594270075 1.0000000000000000
-18539.267643765033 1.0000000000000000
638.23146891257136 1.0000000000000000
-31301.382762033365 1.0000000000000000
-5934.5404329896310 1.0000000000000000
881.95316417560844 1.0000000000000000
-185385.09961612534 1.0000000000000000
-2911.1852790483772 1.0000000000000000
559.12637423502770 1.0000000000000000
12306.490696949844 1.0000000000000000
1026.4908296613412 1.0000000000000000
140928.92058546082 1.0000000000000000
11090.137899043237 1.0000000000000000
-62707.792840589864 1.0000000000000000
7189.3219310950280 1.0000000000000000
-76719.456792082739 1.0000000000000000
-55919.288776644651 1.0000000000000000
28493.836306994763 1.0000000000000000
-107527.32266728226 1.0000000000000000
175728.35330916659 1.0000000000000000
18509.887266209767 1.0000000000000000
9654.9292313170699 1.0000000000000000
-30271.659445705089 1.0000000000000000
37530.317522148835 1.0000000000000000
-14622.621106785165 1.0000000000000000
9970.2106004312118 1.0000000000000000
22773.097984694272 1.0000000000000000
-24587.012842813001 1.0000000000000000
-6598.5545886750842 1.0000000000000000
-2901.1328322273143 1.0000000000000000
-17718.125828514825 1.0000000000000000
-11588.269580280692 1.0000000000000000
-79728.384880966143 1.0000000000000000
-7287.3619451681898 1.0000000000000000
21426.131131965059 1.0000000000000000
-13311.934780405163 1.0000000000000000
-5168.1772614559586 1.0000000000000000
12557.769497990384 1.0000000000000000
-3623.8554135369623 1.0000000000000000
-8591.9499511361500 1.0000000000000000
-96097.871059086261 1.0000000000000000
4445.7556076502979 1.0000000000000000
10465.183832024049 1.0000000000000000
7114.6440631797623 1.0000000000000000
-11725.258679114371 1.0000000000000000
-53509.252595880032 1.0000000000000000
18620.507394429536 1.0000000000000000
4737.3400570821168 1.0000000000000000
1382.1550368490903 1.0000000000000000
-77811.732450599447 1.0000000000000000
1455.1216993646528 1.0000000000000000
-14536.151921158009 1.0000000000000000
29100.132050857967 1.0000000000000000
5239.6132212346547 1.0000000000000000
30227.960704452624 1.0000000000000000
-57407.247425956142 1.0000000000000000
7033.4396095707307 1.0000000000000000
-135349.52633387531 1.0000000000000000
-54015.937398265851 1.0000000000000000
-43431.769986707404 1.0000000000000000
32504.522163314145 1.0000000000000000
-9412.9099842706692 1.0000000000000000
-242666.08626265134 1.0000000000000000
-5827.1122673820137 1.0000000000000000
40064.018979591223 1.0000000000000000
9880.1640473417119 1.0000000000000000
132057.44760453334 1.0000000000000000
-11419.838922413534 1.0000000000000000
-31163.259053658396 1.0000000000000000
-20340.983443915975 1.0000000000000000
-13001.634776068970 1.0000000000000000
20236.522532539431 1.0000000000000000
5682.0677201062272 1.0000000000000000
5532.4266280548372 1.0000000000000000
-90955.116007646691 1.0000000000000000
57020.570382425874 1.0000000000000000
-16243.042098728834 1.0000000000000000
-37082.252100516627 1.0000000000000000
-5018.7546494159196 1.0000000000000000
17016.813820360701 1.0000000000000000
9916.0168813547807 1.0000000000000000
48542.520320735530 1.0000000000000000
48895.887876579727 1.0000000000000000
5378.6889632998500 1.0000000000000000
49929.679889181221 1.0000000000000000
-145205.05526527602 1.0000000000000000
-7790.6176756369105 1.0000000000000000
-112864.31648631119 1.0000000000000000
-1710.1117796324479 1.0000000000000000
-465.08744039034957 1.0000000000000000
448.16159142143357 1.0000000000000000
-15433.955404794950 1.0000000000000000
-38917.391015780573 1.0000000000000000
-21019.901241651030 1.0000000000000000
16162.199226823308 1.0000000000000000
12956.893884957981 1.0000000000000000
-9314.6950835448133 1.0000000000000000
37516.901259763159 1.0000000000000000
46701.134173760191 1.0000000000000000
-1840.7263903115163 1.0000000000000000
-19021.242837625661 1.0000000000000000
-10402.961691373084 1.0000000000000000
11215.268527601555 1.0000000000000000
48350.637018641180 1.0000000000000000
99427.847973018477 1.0000000000000000
-41257.430092365976 1.0000000000000000
-9707.6318175361484 1.0000000000000000
-101691.71912616260 1.0000000000000000
224470.68489833450 1.0000000000000000
44411.835087633626 1.0000000000000000
-8944.0751001008248 1.0000000000000000
40764.176274923186 1.0000000000000000
-10958.552430867332 1.0000000000000000
-25491.014822836471 1.0000000000000000
-16436.301357427721 1.0000000000000000
-2234.2285441661493 1.0000000000000000
1112.8559501418954 1.0000000000000000
15458.928071650025 1.0000000000000000
62611.529851531806 1.0000000000000000
-1221.2653477008105 1.0000000000000000
-75082.342662272524 1.0000000000000000
-7125.3498616991228 1.0000000000000000
-574.52895120347387 1.0000000000000000
68956.495130904834 1.0000000000000000
-21964.752406680658 1.0000000000000000
-34444.557392607239 1.0000000000000000
-988.75524856914183 1.0000000000000000
7224.5559690506916 1.0000000000000000
-5054.6127248189632 1.0000000000000000
49413.457854854802 1.0000000000000000
-62823.654820329699 1.0000000000000000
-9679.0585074933952 1.0000000000000000
-8895.8460047171775 1.0000000000000000
1620.0804496484500 1.0000000000000000
-1792.0015104083170 1.0000000000000000
-3818.0352307444559 1.0000000000000000
-235193.57774200218 1.0000000000000000
-11693.320105613104 1.0000000000000000
12409.759761712263 1.0000000000000000
-119185.68251312101 1.0000000000000000
10156.408504204233 1.0000000000000000
-95193.489648911389 1.0000000000000000
38619.204645772945 1.0000000000000000
130850.30228519942 1.0000000000000000
1013.0064924532040 1.0000000000000000
-421760.02178902377 1.0000000000000000
11910.865195422062 1.0000000000000000
136896.18229460958 1.0000000000000000
2678.6775734564762 1.0000000000000000
3900.0213333946244 1.0000000000000000
3919.8555366803866 1.0000000000000000
-5998.5511800175300 1.0000000000000000
-29401.877259716832 1.0000000000000000
-19390.725351833386 1.0000000000000000
25964.237494919766 1.0000000000000000
-210147.16965787468 1.0000000000000000
14460.041246240031 1.0000000000000000
47663.723744534582 1.0000000000000000
-21047.043603628979 1.0000000000000000
11976.080909402513 1.0000000000000000
-5631.7700660890505 1.0000000000000000
-36655.790007456220 1.0000000000000000
33615.221873102666 1.0000000000000000
27865.332408338527 1.0000000000000000
13757.448042324288 1.0000000000000000
-2390.1017147022417 1.0000000000000000
2195.7135955722329 1.0000000000000000
-2604.1587595544961 1.0000000000000000
2647.2726918197377 1.0000000000000000
-8522.6762954696187 1.0000000000000000
16645.336039240206 1.0000000000000000
-326052.52014672849 1.0000000000000000
8127.2877700707386 1.0000000000000000
32055.105199463793 1.0000000000000000
28394.591296400216 1.0000000000000000
89682.191872877098 1.0000000000000000
3360.5166156325172 1.0000000000000000
-6287.5380360049548 1.0000000000000000
-108262.98285532570 1.0000000000000000
1637.3144662909594 1.0000000000000000
-12336.520952083743 1.0000000000000000
205979.81469407576 1.0000000000000000
-171287.84409243701 1.0000000000000000
74897.957356854939 1.0000000000000000
10985.787648640731 1.0000000000000000
-42279.893492217670 1.0000000000000000
-22253.160880255517 1.0000000000000000
-6166.3042678028605 1.0000000000000000
-32815.246815748236 1.0000000000000000
-13234.271590080167 1.0000000000000000
-151373.30958267601 1.0000000000000000
-45068.852472671657 1.0000000000000000
-80891.386120312221 1.0000000000000000
-3125.4716853005034 1.0000000000000000
10139.391240339824 1.0000000000000000
6785.0082840246405 1.0000000000000000
7578.7259151204007 1.0000000000000000
4809.5166037022118 1.0000000000000000
51877.415804293545 1.0000000000000000
-3377.6651946913244 1.0000000000000000
-28703.556982259212 1.0000000000000000
8413.0738066462272 1.0000000000000000
564.41366535125917 1.0000000000000000
6121.9939723540292 1.0000000000000000
-16264.970442951997 1.0000000000000000
-1564.7988985272912 1.0000000000000000
-3643.1782618640482 1.0000000000000000
-8510.9643490765557 1.0000000000000000
41461.286737192153 1.0000000000000000
55536.591233527026 1.0000000000000000
-1514.5376368608422 1.0000000000000000
-117571.61252302107 1.0000000000000000
-39262.566139767907 1.0000000000000000
49106.809942780892 1.0000000000000000
-3568.4935906543869 1.0000000000000000
-25751.871111046632 1.0000000000000000
55507.092086605007 1.0000000000000000
-9918.2755661329757 1.0000000000000000
-97123.298055780033 1.0000000000000000
-118598.52401226042 1.0000000000000000
22540.736416581232 1.0000000000000000
-42093.431173857760 1.0000000000000000
-47468.126429663120 1.0000000000000000
-10620.989129628420 1.0000000000000000
328.74909714829215 1.0000000000000000
3494.9165045179993 1.0000000000000000
12226.329107840611 1.0000000000000000
-9034.0484648190049 1.0000000000000000
40254.666366539444 1.0000000000000000
-1910.8808788097692 1.0000000000000000
-25271.719534494841 1.0000000000000000
61919.687585088162 1.0000000000000000
44568.459615492269 1.0000000000000000
17443.477651181569 1.0000000000000000
5654.7218663923213 1.0000000000000000
55390.651752703612 1.0000000000000000
-30885.528166972246 1.0000000000000000
-11793.426256657795 1.0000000000000000
-21752.697607664610 1.0000000000000000
20061.728349826324 1.0000000000000000
27569.616243958208 1.0000000000000000
19683.623725136891 1.0000000000000000
15657.198588394298 1.0000000000000000
24036.751349861494 1.0000000000000000
1956.8697876708427 1.0000000000000000
-19256.379317587867 1.0000000000000000
10420.529647463602 1.0000000000000000
290.90108281915229 1.0000000000000000
106223.10429263380 1.0000000000000000
-9512.1374705503677 1.0000000000000000
57370.419076696708 1.0000000000000000
135396.27107921426 1.0000000000000000
-203.14487295577791 1.0000000000000000
-66295.983679948273 1.0000000000000000
-7967.5523717135820 1.0000000000000000
-132428.29225039892 1.0000000000000000
80431.806591331493 1.0000000000000000
25.431597576274431 1.0000000000000000
41321.896734367554 1.0000000000000000
9215.3497346024960 1.0000000000000000
18034.881649684721 1.0000000000000000
12159.369060346324 1.0000000000000000
29207.990281563452 1.0000000000000000
-4398.4756255546881 1.0000000000000000
82121.580661461805 1.0000000000000000
99321.756998554047 1.0000000000000000
-27216.871538198982 1.0000000000000000
-12169.676951474403 1.0000000000000000
59054.128644713805 1.0000000000000000
-19661.917844381263 1.0000000000000000
-66847.091607631155 1.0000000000000000
-25990.203175365928 1.0000000000000000
-37437.064018517674 1.0000000000000000
-27635.368344558468 1.0000000000000000
64190.136080921555 1.0000000000000000
-21878.805072437521 1.0000000000000000
52061.442054737192 1.0000000000000000
169.75590979933895 1.0000000000000000
-23366.918122305407 1.0000000000000000
4542.2291675702509 1.0000000000000000
-3866.7533743621289 1.0000000000000000
81150.876915777772 1.0000000000000000
5837.0750397431120 1.0000000000000000
-54162.129375295692 1.0000000000000000
15329.623297122404 1.0000000000000000
-8079.1395131422805 1.0000000000000000
-22714.602589630606 1.0000000000000000
-23137.351631870017 1.0000000000000000
2501.5821027333200 1.0000000000000000
-5421.3243694808461 1.0000000000000000
-20856.797151006198 1.0000000000000000
24751.662602411656 1.0000000000000000
123479.04339712313 1.0000000000000000
4386.4315039342864 1.0000000000000000
52226.715761885229 1.0000000000000000
-9035.7752694323208 1.0000000000000000
-8004.0257180001863 1.0000000000000000
29560.183801003295 1.0000000000000000
4939.1315452908875 1.0000000000000000
2084.6752689244058 1.0000000000000000
-31195.498495399002 1.0000000000000000
-11081.450523145599 1.0000000000000000
-14786.562458235238 1.0000000000000000
530.29027302319093 1.0000000000000000
3253.0318052559014 1.0000000000000000
-15174.575874751225 1.0000000000000000
71161.446445386027 1.0000000000000000
-5292.5096022724001 1.0000000000000000
-24556.128965832544 1.0000000000000000
4234.0902181098181 1.0000000000000000
-36355.423534953035 1.0000000000000000
-11576.722890046653 1.0000000000000000
41308.045026313717 1.0000000000000000
-1549.1377602910766 1.0000000000000000
32044.650361852095 1.0000000000000000
-851.98161244022560 1.0000000000000000
-21080.059791516444 1.0000000000000000
3224.2597324971653 1.0000000000000000
-356.39688760826346 1.0000000000000000
-2166.3782984822510 1.0000000000000000
10346.266426924371 1.0000000000000000
-9815.9092744435038 1.0000000000000000
-10980.988803111983 1.0000000000000000
-6773.1087624724059 1.0000000000000000
18773.855347421151 1.0000000000000000
4064.1197537485750 1.0000000000000000
6979.5491509428666 1.0000000000000000
-26232.509870748505 1.0000000000000000
-83.447484835923916 1.0000000000000000
-21356.292429182689 1.0000000000000000
-8917.3048768015287 1.0000000000000000
8403.3635682335880 1.0000000000000000
64666.457995745754 1.0000000000000000
-48489.492957531809 1.0000000000000000
54673.487736508076 1.0000000000000000
-2655.4901786848154 1.0000000000000000
-16930.122068356508 1.0000000000000000
-210.57547622210129 1.0000000000000000
742.47828671655748 1.0000000000000000
150465.27983135055 1.0000000000000000
-72639.179070241968 1.0000000000000000
24022.610347987251 1.0000000000000000
71665.986388846766 1.0000000000000000
-1335.1554844999482 1.0000000000000000
-13276.598457922229 1.0000000000000000
22364.882386313853 1.0000000000000000
-19376.320129725704 1.0000000000000000
-1564.9891050070123 1.0000000000000000
17101.071539715689 1.0000000000000000
-75928.218970373840 1.0000000000000000
-38087.898151371293 1.0000000000000000
-804.09724968643377 1.0000000000000000
9233.0239644648427 1.0000000000000000
10049.028266790327 1.0000000000000000
-61329.365074124951 1.0000000000000000
-131932.98535236242 1.0000000000000000
57315.948888748921 1.0000000000000000
26379.353140885072 1.0000000000000000
110195.48695479649 1.0000000000000000
-13129.012535551841 1.0000000000000000
-6471.6557630353263 1.0000000000000000
50932.443632162474 1.0000000000000000
3285.5963613773361 1.0000000000000000
466.00058272158986 1.0000000000000000
9728.0936399901821 1.0000000000000000
41898.041180222710 1.0000000000000000
-20694.795534929715 1.0000000000000000
6950.9554784708589 1.0000000000000000
-295.55272671702306 1.0000000000000000
-55369.536519845802 1.0000000000000000
3351.6753023309525 1.0000000000000000
-25227.786739002953 1.0000000000000000
-7464.8988300424498 1.0000000000000000
-8095.2932846739786 1.0000000000000000
-1627.6568096944241 1.0000000000000000
485.51370171628042 1.0000000000000000
645.15217314133008 1.0000000000000000
39444.573449952855 1.0000000000000000
-95691.860233150146 1.0000000000000000
-72653.121819846507 1.0000000000000000
-55262.885496640200 1.0000000000000000
-46386.322737277835 1.0000000000000000
-29183.081948820749 1.0000000000000000
-230591.00620717820 1.0000000000000000
46846.102907912842 1.0000000000000000
688470.01415562606 1.0000000000000000
24609.547142109157 1.0000000000000000
47869.519166043006 1.0000000000000000
30783.876616821177 1.0000000000000000
-33881.619868541835 1.0000000000000000
43059.873689632754 1.0000000000000000
-684.08577976100719 1.0000000000000000
-70579.738612110334 1.0000000000000000
126996.92571493816 1.0000000000000000
70652.679380001457 1.0000000000000000
4268.6445742617107 1.0000000000000000
8501.2239140244656 1.0000000000000000
-23356.107105924053 1.0000000000000000
-27480.619837709950 1.0000000000000000
-96474.845352069970 1.0000000000000000
11143.847954979130 1.0000000000000000
-19711.783674126669 1.0000000000000000
-5869.4175999176532 1.0000000000000000
-6063.3788816570841 1.0000000000000000
11399.392456577332 1.0000000000000000
-10306.961203280103 1.0000000000000000
15109.255804574430 1.0000000000000000
-55729.316982974800 1.0000000000000000
-1527.2229783525379 1.0000000000000000
-2863.4309449804264 1.0000000000000000
-30503.492112059605 1.0000000000000000
-270691.46788452810 1.0000000000000000
-4141.6137962715511 1.0000000000000000
187640.30278627624 1.0000000000000000
-45627.929542121499 1.0000000000000000
32484.860620458512 1.0000000000000000
919.35106537907438 1.0000000000000000
-702.28076332631156 1.0000000000000000
-47218.478260818563 1.0000000000000000
17229.936921156263 1.0000000000000000
-15556.220644839434 1.0000000000000000
-124634.83780927279 1.0000000000000000
-20441.382515643425 1.0000000000000000
-338765.27674308338 1.0000000000000000
-52616.695574179997 1.0000000000000000
-143725.35377788509 1.0000000000000000
100.39731663332292 1.0000000000000000
8679.2454357899696 1.0000000000000000
10914.636316964850 1.0000000000000000
-16299.766124918131 1.0000000000000000
-45760.564137876892 1.0000000000000000
52762.419591222395 1.0000000000000000
231255.90020339831 1.0000000000000000
75047.183080053583 1.0000000000000000
23719.635305355630 1.0000000000000000
-4080.1169739003794 1.0000000000000000
40255.142662846571 1.0000000000000000
-27340.952706181211 1.0000000000000000
-40808.729804801056 1.0000000000000000
-65544.822235306157 1.0000000000000000
34451.120064577284 1.0000000000000000
-9145.0285075074371 1.0000000000000000
19567.189384896486 1.0000000000000000
-22920.173898350076 1.0000000000000000
1725.3233780180171 1.0000000000000000
46633.816442090225 1.0000000000000000
1069.2937388978551 1.0000000000000000
16245.185933732620 1.0000000000000000
15340.014870515792 1.0000000000000000
-6960.5981252439688 1.0000000000000000
20717.254472374811 1.0000000000000000
12093.465924109034 1.0000000000000000
1337.8147152800491 1.0000000000000000
8199.0768226207674 1.0000000000000000
-55391.277681744774 1.0000000000000000
77271.625297453938 1.0000000000000000
39324.530479087218 1.0000000000000000
11409.966463036200 1.0000000000000000
87082.080734656134 1.0000000000000000
-32577.460517590043 1.0000000000000000
-36089.424948449523 1.0000000000000000
-57978.328191174733 1.0000000000000000
-142148.64691007251 1.0000000000000000
-54021.060127020814 1.0000000000000000
-24126.174376857380 1.0000000000000000
-4478.7436664553143 1.0000000000000000
78175.722876093670 1.0000000000000000
-566.23847101713886 1.0000000000000000
-8626.0429559094464 1.0000000000000000
582837.15072366782 1.0000000000000000
153203.08651649472 1.0000000000000000
-10009.469209282948 1.0000000000000000
16400.726025454209 1.0000000000000000
4375.6705652362680 1.0000000000000000
-26932.929660931208 1.0000000000000000
-17846.708053695409 1.0000000000000000
-20284.382167280553 1.0000000000000000
-119856.52198056701 1.0000000000000000
-11469.507370849569 1.0000000000000000
4298.9620017727375 1.0000000000000000
-7424.6968166403867 1.0000000000000000
-53739.736199594263 1.0000000000000000
-54428.992525393718 1.0000000000000000
-20837.315211157667 1.0000000000000000
-2497.7149319612245 1.0000000000000000
-6149.1132108970160 1.0000000000000000
-9068.1446913444215 1.0000000000000000
209095.91895025587 1.0000000000000000
-3082.4257251248396 1.0000000000000000
4713.7482858184785 1.0000000000000000
-13052.012861586345 1.0000000000000000
605.83915486486080 1.0000000000000000
22882.010290630351 1.0000000000000000
-35448.752107968961 1.0000000000000000
-4280.0752343642671 1.0000000000000000
13771.981211306322 1.0000000000000000
-4020.7738597979496 1.0000000000000000
-1520.1610129402036 1.0000000000000000
33292.631645922185 1.0000000000000000
51722.494312656883 1.0000000000000000
37063.850345616804 1.0000000000000000
-69055.194921431335 1.0000000000000000
-31677.136074034832 1.0000000000000000
-61761.221428223405 1.0000000000000000
-5321.7288441360852 1.0000000000000000
38649.542747812076 1.0000000000000000
-40398.670167036355 1.0000000000000000
121102.03169915902 1.0000000000000000
2949.9460896711039 1.0000000000000000
-24836.138812338086 1.0000000000000000
6552.2491840420662 1.0000000000000000
7725.4057473810026 1.0000000000000000
30192.924482432776 1.0000000000000000
-17881.463206686363 1.0000000000000000
-64107.540700978665 1.0000000000000000
-9260.8904024142794 1.0000000000000000
-26575.442017321897 1.0000000000000000
-17355.356967658849 1.0000000000000000
8489.2322205863238 1.0000000000000000
-2613.8812947647298 1.0000000000000000
-1207.2048660433020 1.0000000000000000
4402.2856420469070 1.0000000000000000
-136677.04127477924 1.0000000000000000
-25005.120602044251 1.0000000000000000
119967.96324591262 1.0000000000000000
-26807.695770193761 1.0000000000000000
211455.80384226303 1.0000000000000000
1933.6252824227290 1.0000000000000000
-85984.676460443952 1.0000000000000000
119395.08299570577 1.0000000000000000
-10884.415049900927 1.0000000000000000
-1571.9386506579326 1.0000000000000000
-852.06037329186256 1.0000000000000000
2758.1490429247265 1.0000000000000000
-10698.873022652975 1.0000000000000000
-27772.942242338198 1.0000000000000000
90293.681109304278 1.0000000000000000
-40735.000594000092 1.0000000000000000
1618.9883936131760 1.0000000000000000
-33915.383205925878 1.0000000000000000
-72600.330369425210 1.0000000000000000
11654.379180221047 1.0000000000000000
23548.922874369367 1.0000000000000000
-40224.441732993277 1.0000000000000000
5188.9824258742701 1.0000000000000000
-5922.8098657857226 1.0000000000000000
14927.678137624949 1.0000000000000000
21074.771128155804 1.0000000000000000
-3242.4151011125246 1.0000000000000000
7859.1480047361883 1.0000000000000000
105252.07592788717 1.0000000000000000
4629.3019289857084 1.0000000000000000
38359.359294353766 1.0000000000000000
24422.469118017842 1.0000000000000000
24376.466825007737 1.0000000000000000
-1560.2201648541152 1.0000000000000000
-12266.541763018146 1.0000000000000000
15279.701091861070 1.0000000000000000
3481.5277939679768 1.0000000000000000
44926.091651994837 1.0000000000000000
-8869.4075405422918 1.0000000000000000
90827.978637453503 1.0000000000000000
17974.654633327686 1.0000000000000000
56968.905068071428 1.0000000000000000
-227225.60952048612 1.0000000000000000
-17303.399145309842 1.0000000000000000
-4212.3454090343421 1.0000000000000000
299.73640956290086 1.0000000000000000
7045.5025646404556 1.0000000000000000
123024.96437725272 1.0000000000000000
-20431.548832605698 1.0000000000000000
10999.268396490779 1.0000000000000000
1353.2312268390401 1.0000000000000000
6324.8853740564900 1.0000000000000000
-176943.47366155105 1.0000000000000000
-8208.0676756141875 1.0000000000000000
5844.6303721516097 1.0000000000000000
-2556.1622931962802 1.0000000000000000
-59141.980812619557 1.0000000000000000
-110600.51134138396 1.0000000000000000
64421.890181739116 1.0000000000000000
237.11523213408415 1.0000000000000000
28602.692591908868 1.0000000000000000
14701.494250720983 1.0000000000000000
805.22838068856652 1.0000000000000000
7311.6885089416664 1.0000000000000000
12947.738572303342 1.0000000000000000
-977.83071376253633 1.0000000000000000
-11258.826509132385 1.0000000000000000
82117.620561222619 1.0000000000000000
-21612.317390879696 1.0000000000000000
31624.930372275157 1.0000000000000000
-17943.677169533763 1.0000000000000000
16996.024302310401 1.0000000000000000
-46201.217804330969 1.0000000000000000
-2301.9268908308359 1.0000000000000000
21455.982957090258 1.0000000000000000
-10232.906643349537 1.0000000000000000
-63554.754606908675 1.0000000000000000
-27073.700663297011 1.0000000000000000
-17262.994541130258 1.0000000000000000
11816.214059659993 1.0000000000000000
14379.203101988965 1.0000000000000000
-5427.6881181959616 1.0000000000000000
2502.2189919419834 1.0000000000000000
28790.777342451780 1.0000000000000000
3540.9035843651318 1.0000000000000000
23647.062012926221 1.0000000000000000
5114.1179633682314 1.0000000000000000
14807.059531252264 1.0000000000000000
-6211.1280898761333 1.0000000000000000
-102814.40772355288 1.0000000000000000
-20526.725222145276 1.0000000000000000
5878.9576903443822 1.0000000000000000
6665.8731532373431 1.0000000000000000
20742.948462883196 1.0000000000000000
-74630.927434385245 1.0000000000000000
-14660.890490969314 1.0000000000000000
-135945.89442004825 1.0000000000000000
-1906.8494613266671 1.0000000000000000
-28919.248909149723 1.0000000000000000
35062.380365878649 1.0000000000000000
73833.815599279988 1.0000000000000000
-39998.757111292383 1.0000000000000000
288.33113538554915 1.0000000000000000
-5927.3013718397460 1.0000000000000000
-17499.199488302227 1.0000000000000000
99638.997607536454 1.0000000000000000
8477.4065468879744 1.0000000000000000
-291241.40441208874 1.0000000000000000
-133085.04063103275 1.0000000000000000
-25594.805047637878 1.0000000000000000
46054.074737093732 1.0000000000000000
56352.143710614808 1.0000000000000000
13753.653664536543 1.0000000000000000
22890.463026491580 1.0000000000000000
-27656.438972000371 1.0000000000000000
2006.7954691837867 1.0000000000000000
16864.609325566245 1.0000000000000000
-37692.463951890364 1.0000000000000000
6379.5512207500278 1.0000000000000000
47722.256151309084 1.0000000000000000
-1972.1137318750536 1.0000000000000000
-19443.668444794723 1.0000000000000000
-13499.128441406676 1.0000000000000000
4056.7134119953962 1.0000000000000000
34076.304777215671 1.0000000000000000
19028.146869337354 1.0000000000000000
29364.936987792305 1.0000000000000000
29182.643193677766 1.0000000000000000
-4806.0980308491071 1.0000000000000000
-15871.271975082213 1.0000000000000000
116973.26879941572 1.0000000000000000
29325.888164923319 1.0000000000000000
33532.858148888496 1.0000000000000000
-39370.586890029437 1.0000000000000000
53933.089449114872 1.0000000000000000
-23835.771091825412 1.0000000000000000
139613.07131774438 1.0000000000000000
1773.8675166697960 1.0000000000000000
-108002.01388221596 1.0000000000000000
-4426.4227673418691 1.0000000000000000
2599.7600862669146 1.0000000000000000
2781.7594847128944 1.0000000000000000
22283.895531295762 1.0000000000000000
45269.879412478986 1.0000000000000000
64961.199605607384 1.0000000000000000
-41279.737460789671 1.0000000000000000
-52183.352593873693 1.0000000000000000
55108.507345487182 1.0000000000000000
28508.672364643840 1.0000000000000000
18925.437352037978 1.0000000000000000
2246.9329118704031 1.0000000000000000
1040.8868646966544 1.0000000000000000
-49073.460210197176 1.0000000000000000
-4926.0806157420675 1.0000000000000000
70772.540060186599 1.0000000000000000
-30630.137705392532 1.0000000000000000
-98109.408845450351 1.0000000000000000
33610.551347110886 1.0000000000000000
44212.841790715385 1.0000000000000000
27776.911249673671 1.0000000000000000
-72832.450562711281 1.0000000000000000
-2101.2913792513464 1.0000000000000000
-35066.223242869397 1.0000000000000000
-3037.3276836974255 1.0000000000000000
32142.758211048429 1.0000000000000000
18387.462100111181 1.0000000000000000
-59594.594513019321 1.0000000000000000
7203.0977675732329 1.0000000000000000
13461.366867567896 1.0000000000000000
-3633.7609538610936 1.0000000000000000
-16956.964739076455 1.0000000000000000
30641.685813204687 1.0000000000000000
-39186.609274031478 1.0000000000000000
11869.641662554539 1.0000000000000000
2512.9292365954716 1.0000000000000000
8394.1088727599963 1.0000000000000000
11444.004039024019 1.0000000000000000
-66271.696745035733 1.0000000000000000
-75391.198856502655 1.0000000000000000
327.43157892213981 1.0000000000000000
159043.74047729583 1.0000000000000000
49491.258721521517 1.0000000000000000
-18549.428314613982 1.0000000000000000
4151.8770076229175 1.0000000000000000
-1197.5231427351546 1.0000000000000000
-452.32030629562769 1.0000000000000000
-16294.019185445079 1.0000000000000000
-7348.1323895831565 1.0000000000000000
26542.197589655043 1.0000000000000000
-69741.024060704847 1.0000000000000000
-6166.5914946634412 1.0000000000000000
2656.5625169824016 1.0000000000000000
3166.7509648147875 1.0000000000000000
-8618.7904732369352 1.0000000000000000
-732.29550121428417 1.0000000000000000
694.38064079572143 1.0000000000000000
-5914.8598064013713 1.0000000000000000
-59373.540475543152 1.0000000000000000
15881.502946014847 1.0000000000000000
35655.022882501675 1.0000000000000000
-38735.848028363675 1.0000000000000000
-37680.931072143176 1.0000000000000000
-3467.3440995380283 1.0000000000000000
-3036.8251430148557 1.0000000000000000
1574.5029119265821 1.0000000000000000
3145.7481425191504 1.0000000000000000
8378.7646321506709 1.0000000000000000
17538.315713763979 1.0000000000000000
-19893.786880650059 1.0000000000000000
-6356.4789842584551 1.0000000000000000
80020.506640901935 1.0000000000000000
32508.104247414227 1.0000000000000000
-16606.397426768504 1.0000000000000000
-15480.610775221376 1.0000000000000000
8031.8449169713303 1.0000000000000000
-887.56309270318150 1.0000000000000000
37045.259381838623 1.0000000000000000
187744.60633864353 1.0000000000000000
-223579.71829701556 1.0000000000000000
-639.52495875197769 1.0000000000000000
-1212.4393240440977 1.0000000000000000
-9690.1159191094539 1.0000000000000000
2457.3954708297556 1.0000000000000000
-6572.5388708649771 1.0000000000000000
29475.370797205269 1.0000000000000000
53520.099475415009 1.0000000000000000
11280.824337164451 1.0000000000000000
111574.00964924697 1.0000000000000000
-366.56770348453591 1.0000000000000000
288.34588031018586 1.0000000000000000
1103.2882758807843 1.0000000000000000
895.14269374862261 1.0000000000000000
3601.6776976898432 1.0000000000000000
834.67311666310172 1.0000000000000000
-18935.144659971378 1.0000000000000000
-75491.729734308828 1.0000000000000000
3531.9665712578253 1.0000000000000000
30476.579044998951 1.0000000000000000
-75298.062693621789 1.0000000000000000
42789.559773078705 1.0000000000000000
58069.823016723516 1.0000000000000000
102081.71998621394 1.0000000000000000
71305.059522638054 1.0000000000000000
86798.715423227579 1.0000000000000000
-6944.6658637612227 1.0000000000000000
5542.1801599826686 1.0000000000000000
-3521.9635396813187 1.0000000000000000
-13775.776045189672 1.0000000000000000
3976.1928934072921 1.0000000000000000
6992.0906159245005 1.0000000000000000
985.66116790188016 1.0000000000000000
25538.703305649004 1.0000000000000000
46572.090280853365 1.0000000000000000
-21321.234985235817 1.0000000000000000
-26756.115210340915 1.0000000000000000
-12232.777911403635 1.0000000000000000
16520.350506036299 1.0000000000000000
-2586.3678900857471 1.0000000000000000
61457.349567521313 1.0000000000000000
4053.3850022099718 1.0000000000000000
26586.629603805621 1.0000000000000000
14971.354044107295 1.0000000000000000
36988.336273934430 1.0000000000000000
34426.394852404410 1.0000000000000000
-11953.813292211944 1.0000000000000000
446.33059797315912 1.0000000000000000
-5338.5987382245021 1.0000000000000000
-23791.668604238832 1.0000000000000000
-46771.226512611247 1.0000000000000000
1453.1753415318560 1.0000000000000000
55938.649130006401 1.0000000000000000
188.28958451178920 1.0000000000000000
-21995.467086839893 1.0000000000000000
-26408.626188350117 1.0000000000000000
-1234.6627986093167 1.0000000000000000
-10145.590997787865 1.0000000000000000
21835.393271963632 1.0000000000000000
25805.480794307092 1.0000000000000000
24020.938541141895 1.0000000000000000
13367.232538879118 1.0000000000000000
4332.1087801824315 1.0000000000000000
-29381.094896015380 1.0000000000000000
-9025.4403729675141 1.0000000000000000
187951.34487071409 1.0000000000000000
-18761.459976140821 1.0000000000000000
-22064.743994649703 1.0000000000000000
-5317.3808355926776 1.0000000000000000
-12103.237568861607 1.0000000000000000
5601.5231533610595 1.0000000000000000
-906.66357713424532 1.0000000000000000
1921.6546980995909 1.0000000000000000
-2483.0204949249887 1.0000000000000000
-54969.908380639034 1.0000000000000000
-21416.468399100737 1.0000000000000000
-36631.460952145942 1.0000000000000000
-59995.672383194767 1.0000000000000000
-62252.261625063402 1.0000000000000000
-36682.730623651812 1.0000000000000000
-5351.7132309484159 1.0000000000000000
-12902.527066178051 1.0000000000000000
-1838.6451423563140 1.0000000000000000
12019.076643504059 1.0000000000000000
-1783.5228164438568 1.0000000000000000
-5588.5738808119613 1.0000000000000000
22126.706768477809 1.0000000000000000
52744.763917146120 1.0000000000000000
5745.5439486300593 1.0000000000000000
75311.193832769874 1.0000000000000000
8560.1738619393400 1.0000000000000000
-38170.015792105922 1.0000000000000000
36904.022059015289 1.0000000000000000
-170100.08520243329 1.0000000000000000
-40268.775710698224 1.0000000000000000
47445.224942695342 1.0000000000000000
10484.354681187831 1.0000000000000000
775.61314189899599 1.0000000000000000
-19893.835631678612 1.0000000000000000
67200.458633760383 1.0000000000000000
-23239.807514018637 1.0000000000000000
680.87029239174103 1.0000000000000000
40599.479759679882 1.0000000000000000
-51141.843709297784 1.0000000000000000
-47951.391411972530 1.0000000000000000
13284.138479387060 1.0000000000000000
51262.799833381505 1.0000000000000000
-30718.905449490689 1.0000000000000000
29675.752734716982 1.0000000000000000
-1258.9576259442056 1.0000000000000000
125623.70012516959 1.0000000000000000
60116.909056567361 1.0000000000000000
10527.243734106396 1.0000000000000000
-12737.038065173771 1.0000000000000000
15782.014318938735 1.0000000000000000
29741.903435894154 1.0000000000000000
-1568.9695877690731 1.0000000000000000
8523.1487214642893 1.0000000000000000
165987.93519583298 1.0000000000000000
-50.554345329153236 1.0000000000000000
9224.3180396941552 1.0000000000000000
-36374.889383945476 1.0000000000000000
-22231.795292787079 1.0000000000000000
-17459.648608398980 1.0000000000000000
17210.249194714859 1.0000000000000000
-91128.060522176107 1.0000000000000000
-11391.176603992692 1.0000000000000000
-12327.173442405381 1.0000000000000000
-25237.937778955260 1.0000000000000000
-13377.738970172011 1.0000000000000000
14521.919463291413 1.0000000000000000
-76862.838263250640 1.0000000000000000
-8549.8728937773576 1.0000000000000000
97432.050542485114 1.0000000000000000
-91029.865347415180 1.0000000000000000
3522.5580874753509 1.0000000000000000
926.73556670242237 1.0000000000000000
-144659.19167665378 1.0000000000000000
-23053.953938385370 1.0000000000000000
-211645.59507513524 1.0000000000000000
785.98155203981753 1.0000000000000000
-3519.6725835082843 1.0000000000000000
76346.834643569935 1.0000000000000000
-7457.2423584726112 1.0000000000000000
-7451.3608279398059 1.0000000000000000
-38104.293496882397 1.0000000000000000
3385.0034767879151 1.0000000000000000
15069.532419002793 1.0000000000000000
-50741.724149933398 1.0000000000000000
-1730.2056516956839 1.0000000000000000
-112925.60411103583 1.0000000000000000
131039.52806629495 1.0000000000000000
36915.155134418594 1.0000000000000000
