52347.783179599268 .17223689322103153
23367.552352182760 1.0000000000000000
20525.400372799668 .17223689322103153
31221.620030202066 .43583759676456030
52013.402463842991 .42649133595784727
16470.361382330950 .97855563430944237
-34908.829276309974 1.0000000000000000
35887.066950175395 .59274799049551075E-001
-62913.083872861091 .84825793365405411
101857.50239197198 .53514467050350074E-001
34784.496906257911 .59274799049551075E-001
10678.503390798531 .44893634608438064E-002
-3837.6936335721580 .58753059397471572E-003
99941.478740453444 .89487321711836931E-002
92992.114616225415 .20377030143270445E-001
407.07553204756181 .17811012704430039E-002
408609.23019251839 .14524336581821795
-141040.49387901559 1.0000000000000000
-124070.93331639969 .26935819089258729E-001
19004.667406621695 .56735902302313401E-002
-10987.052990273527 .23023397557456016E-002
9522.7328009644170 .37531963769056377E-002
-7163.6736935420686 .99885079828347623
34819.064964708923 .77108881707409171
-1009417.1593408926 .20031578268747907E-001
-54934.917359053565 .97361713195810418
7581.0967106739336 .13845882307393587
-56737.591268886892 .13845882307393587
33960.369428540631 .38841792966251010E-002
-2906.5848243877035 .81993116402651913E-003
23168.034765123673 .63085623016115155
83882.982674074170 .44237041964647861
42333.847517122755 1.0000000000000000
-1624.5702328940565 .22694854365590267E-003
-44272.572755125700 .21729955040789806
-53645.897676205677 1.0000000000000000
-584039.55099352868 .20896196698833858E-001
-9847.6270156759238 1.0000000000000000
-2283.9620861322701 1.0000000000000000
-5356.1344167030766 1.0000000000000000
-4244.9991671195157 .20070010954189266
-6953.8470920768250 .11165313759782343E-002
-4969.0013755566088 .45028997347806854E-002
19171.724130471979 .93578635887333839
-78598.604446650337 .76285552154078951E-002
-67445.392084572784 .32075770812476923E-002
31668.507734880885 .92028073496347711E-002
-18499.342514782667 .92682547589552893E-002
22121.989597827982 1.0000000000000000
-30790.352643513608 1.0000000000000000
22842.612635150894 1.0000000000000000
-40358.121111663553 .35389500910701491E-001
-33856.033683242109 .17212381056735393E-002
34811.951956036057 .98387789008069004
-65954.663038568528 .62930926578403323E-001
23855.050257945513 .72396855024288399E-003
37986.011022311970 1.0000000000000000
-3470.0523453609785 .35756741469741771
6100.2709271573231 .35756741469741771
-25499.277510944161 1.0000000000000000
-3562.4756068192032 .82743638410154308E-004
38585.732977317472 .96580871409904834
26883.025324115748 1.0000000000000000
-3309.5896473014495 .14635834855874497E-002
41504.263955475639 1.0000000000000000
-18235.586007962462 .58193773313458416E-001
-18872.025522976612 1.0000000000000000
-5057.8778683151995 .75463722580445824
66232.644447246988 .76952947170620256
75427.586135050762 .14267636685153240
-62689.094535457589 .24434288359732825E-001
4244.4597705447959 .91314420809465481E-002
-14672.370174752396 .22496704329215522E-001
77963.309855641564 .86758836533470007
-18319.998483538438 .15491134000111295E-001
-11269.883109433289 .64509452396880751
27664.465955819902 .17923811349278618
-18893.754959434671 .87770749897993405
-71328.342630251442 .54492274489679704
9328.6909752189695 .28120945324060567E-003
16222.009656130454 .71702044351658325E-002
-107419.85542693170 .24227435619737503E-002
13357.318709916299 .50256670077542580E-001
-4397.7727684114561 1.0000000000000000
-14106.167571150818 1.0000000000000000
20645.511281960215 1.0000000000000000
28485.641014516692 1.0000000000000000
23275.019919344821 1.0000000000000000
10309.601279216595 .16526153423218115E-001
-61655.171140915518 1.0000000000000000
-19164.487620456621 .39824017007504448
-20597.587038121579 .23557186771821098
-1466.2870664691930 .37407608092693279E-003
50527.719557091252 1.0000000000000000
-967.97101157793554 .72553228654015367E-003
-84960.859395830441 1.0000000000000000
14562.208477019192 .83866562557671465
48885.233333925353 .95373083272362580
-39847.558946676734 .91278016998600453
-316062.91431474983 .14886213220048405E-001
-177174.50397302586 .11562069613176962E-001
-800.05016045713967 1.0000000000000000
-122518.96314890185 .89684080879372641
-28135.839834027134 .47597172259425946
11270.929668713537 1.0000000000000000
10565.565707999969 1.0000000000000000
2055.4139170194039 1.0000000000000000
-17875.113419231257 1.0000000000000000
25094.709769214493 1.0000000000000000
-19897.229797048785 1.0000000000000000
19110.044949261413 1.0000000000000000
36942.552779952195 1.0000000000000000
-41673.690458736841 .38337395681265485E-002
-27150.498948768618 .12813633609345965
24303.781624140036 .83510122422604560
28362.770671802155 .98449785538838508
-36112.781521106415 .32030396243006298E-002
54720.831367352235 .23064197546614923
-21949.251552219484 .40996184932418939
56319.994771896498 1.0000000000000000
27840.022735926403 1.0000000000000000
-122252.95684938686 .12322102068627788
280137.60597347206 .60367063232027618E-001
-20671.641147134611 .92329408881631991
-3786.3236128948834 .92329408881631991
32845.899547546076 1.0000000000000000
27340.448538199598 1.0000000000000000
29254.666441595989 1.0000000000000000
-98444.721436279768 .68266933274822028E-002
-167846.40125369505 .20545969373589934E-001
25933.996903485742 1.0000000000000000
-43966.792596608720 .62659470667898287
29767.274453974693 1.0000000000000000
-9140.8111009428540 .14551888001655650
-5059.2485487601407 1.0000000000000000
1526.9594165564874 1.0000000000000000
-2210.9427618436930 1.0000000000000000
-24829.942131705320 1.0000000000000000
20294.896428040505 .15702679709854950E-001
21022.904183359955 .33578611714965007
19995.468693640665 .73820434659392559E-001
-11082.909710541724 1.0000000000000000
-157675.34940297087 .12777978809347446E-001
-32063.084140614355 .91755379236068746E-001
-25033.849327617594 .93171167318297288
-36337.929618056281 1.0000000000000000
69610.912375100626 .94771819471826446
26317.306761216310 1.0000000000000000
-37184.562934357084 1.0000000000000000
-87280.986011673245 1.0000000000000000
-32689.001534120347 .96232182252951604
-132014.10213160902 .29264391511825694E-001
-128243.93233205851 .10339583078674874
-29185.070342414383 .16785510953982360
91643.150236853500 .10517340349572374
-30736.459060830883 .42012128980195452E-002
98886.405747592420 1.0000000000000000
-129956.67361576005 .13275521345441671
-41050.021211363077 .49871194040084312E-001
-4092.5571678472888 1.0000000000000000
3722.5794236896204 .36966914451986010
-40913.985350095689 1.0000000000000000
-40518.972746198793 1.0000000000000000
-45702.530680764394 1.0000000000000000
-15329.976234941158 .30976176035637992
149507.24653846075 .28188169923977768E-001
56280.014652712329 .28824293426574742E-001
7561.6561361943905 .61450054386377773
-344520.93121498975 .15906605744031632E-001
-93180.218289939672 .36961308636250745E-001
10.946516508325134 .59309197475126665E-006
17265.922341507849 .85989119849709095
1468.9742499599570 .63968564275592321
3175.8220499728768 .96754297782017806
-137473.73171682472 .27467484718434187E-002
-26662.363170750872 .99994550092658818
7801.9703666149035 .34353133313548345
-900.17947044375330 .67606131723310525
-877.36192161343217 .57102442591638103
-3.8447320869974293 .84463407587553541
-103227.34695462351 .12592275323678487
18738.593800878909 .40716438022234464
-116327.56278679485 .47073692263602640E-001
7329.2688149028909 .36879418351711118
171479.79026042228 .15250640503331225
7763.0434341323098 .97154376195079672
-54059.803203681477 1.0000000000000000
-8833.5973381005824 1.0000000000000000
-36475.317610834471 1.0000000000000000
20640.990765216804 .99972510074927934
18700.651266460547 .46394685993114762E-002
-52624.761213849546 .21439229237226631E-001
-5574.1436126486524 .94056591302460945E-003
-13242.880217307571 .18176405479904401E-002
-63148.191935929055 .17418565970603733
3103.2066744253316 .21519289934792935
29093.323461895216 .12931810248595493
14975.860348265569 1.0000000000000000
123041.19296716921 1.0000000000000000
-54494.322281828456 .90494469830370416
