-4635.8221146695851 1.0000000000000000
4350.7013735233004 1.0000000000000000
-475.05150668211803 1.0000000000000000
53.900504991488411 .59662359954797661
-79763.136038131532 .66656761741778037E-001
-1791.0341563986544 .94776539675400562
66805.124708717820 .63174972238533481E-001
1844.5230111359047 .89371445524080850
22674.765257809984 .11371306041996770
-36913.737854994797 .36919948879610580E-001
4018.3647526381801 .11371306041996770
4016.6800292541702 .11371306041996770
-9019.3683315627022 .32467641573674100
35631.523066501031 1.0000000000000000
-32530.920851187384 .98371692299602731
-6882.6045583130863 1.0000000000000000
-664.01170159757851 .32467641573674100
11988.837161999840 .20468748774750356E-001
8703.6670717277757 .93597170096542937
9407.0207686476788 1.0000000000000000
19582.034050350871 1.0000000000000000
1616.9519644116147 1.0000000000000000
-94757.509060293014 .97663846029626376E-002
-7529.1430438039615 .10495543699335197E-001
-66163.194824815248 .14004664900669853E-001
-1176.1967484670613 .10099776839119720E-002
11427.886325145786 1.0000000000000000
2956.3915967607031 .22544410527786194E-002
5368.6907871954772 .61192239825234696E-001
828.92438125653928 .10629644522020532E-002
28753.594038727617 .63640178932931279E-001
-24858.857972874259 1.0000000000000000
2833.9234207780073 1.0000000000000000
-3163.2977875926754 .37714124292543394
29978.865232728000 .15491984583771823
-17323.368568771806 1.0000000000000000
3128.1501971569128 .66886598457930879E-002
-34688.835384188533 1.0000000000000000
6001.5645255608015 .26102346579829178
-1263.3785770659301 .43153007212014538E-002
-4291.7119031644424 1.0000000000000000
1510.6580443857240 1.0000000000000000
4730.4503875159899 1.0000000000000000
2143.0076789301670 .63178751910086373E-001
-13605.917813191783 .15990750717694968
2632.4101328027555 1.0000000000000000
-20116.198663982235 .11164840783233709E-001
-28092.212553276418 .44474713053545226E-002
12237.385227180523 .75723321901080012E-001
10341.265731106905 .78977430444193808
-3789.9848021979756 .14614389382577586E-001
2832.2463211145923 .12184668348373584
-9969.3636999792579 .96087030118783723
-17569.225563139113 .24755339298938567
-1087.3105749193528 .50309673145513334
32617.524358058767 .43298485374141049E-001
20301.892886843649 .21372483575392326
-1099.4958125745482 .90905309983991966
124.82789869353557 .98515340726935008
-10509.615557232459 .96257930150603221
-2937.9718152320579 1.0000000000000000
41620.833286603935 1.0000000000000000
1115.1586423496281 1.0000000000000000
9139.7166336612190 .19749839529484114E-001
-9994.7542022663438 .92166584191522705
-2410.1301150730092 .80424832665879579E-002
36826.003221601444 1.0000000000000000
-20179.045156189040 .53178070949977163
-20968.886258864244 .32467656402917857E-002
-4635.9927045712575 1.0000000000000000
-19660.352647627369 .30241271403160674
9103.6258486962324 .23848212819784775E-002
-5303.5575548028837 .31277744208381207E-002
3373.5780081325561 .80900509448391877
2325.5087630448807 .62787961715047858
-7028.6879463876130 1.0000000000000000
5914.1831826885882 1.0000000000000000
848.10755793673695 .54508813200233597E-002
-15608.236362143371 .68655590864885307
-963.33366969990527 1.0000000000000000
7860.5239656176982 .42842185207945360E-001
1764.4840525065549 .57097940988581297
-34917.963172584605 .95902130244745809E-001
-8040.5077313342044 1.0000000000000000
4908.6512528671547 .62990240680785292E-001
-7041.5680745168029 .12683789588542760
4551.0123187984555 .34431075562600555
1553.0408598636363 1.0000000000000000
16231.987868261282 .91421890590765886
-2053.1766135171579 1.0000000000000000
-4992.7004995252728 .95291055008522085
12549.697694474400 .45616432605967261
5.1693001552314870 .35077407666301355E-005
-9030.4647500518040 1.0000000000000000
24120.752745836340 .26196820852643885E-001
-16924.576186749822 .60014432646037819
6324.4964978809176 1.0000000000000000
386.23816006364996 .84949358379421414E-003
-10710.044564523931 .96141833387476106
-7618.7886996968318 .19405377190487549
11311.258351862654 .99991233326607354
-6708.7790940610803 1.0000000000000000
-2118.2276087308824 1.0000000000000000
33357.498167760270 .12545548342250973
1753.1326129263061 1.0000000000000000
4258.2305197923088 .98771675063356268E-001
-3438.2286971302537 .54850024280274412
-4099.6919643558776 .11930323013018664E-001
-469.97909097930085 1.0000000000000000
-16105.010155343040 1.0000000000000000
-44241.531738262682 .31132211544160127E-001
-73417.878212669035 .30903345661831394E-001
25756.057675145654 .49841506287593332E-001
6487.3682642226559 .99313521378720226
-1150.0417853197878 .11920489163230652
-31121.655954179765 .14560234629539426E-001
6788.3335679575830 .10308624834004909E-001
5932.3784806152162 .49112531187668784
-2104.8500462830707 .48203351204800032
2650.6276951376030 1.0000000000000000
2952.6897825400501 .62211194194428610
319.04360084230649 .19770246305101380E-002
3104.5848470783717 .91971046168827841
22293.402955620226 .99691231187121709
-4131.8183359822824 .70526805192330233E-002
4618.8316940639652 .17234474860619831
23711.230090612946 .91396587048773563E-002
14378.289300367589 .54209879426741589E-001
69.542153184370989 .12681408186526744E-003
-9403.8235751178036 .68710885397763377
8197.4571696135336 .54827846309875949
10022.484253705214 .76428781744696195
-14410.835643785349 1.0000000000000000
1409.5031842514197 .54657032094467017
-66.136162442979341 .88673139574179020E-004
13275.921018666901 .12919334401937482
-22624.277437593417 .53017783469241209
31252.229018258953 .47372032884305304E-001
24068.942975969567 .57346809820241373E-001
2289.2608396153564 1.0000000000000000
-2841.0782270841960 .82856325071185521
11507.037151958455 .24898404479067437E-001
-18065.960279852199 1.0000000000000000
9606.6518633329069 .47643985367929309
-509.02679373344495 1.0000000000000000
-178.92133417621019 .18063343146137274E-002
9269.4095405095377 1.0000000000000000
-1248.7255307008356 .12632854451951059E-002
-3440.2343383052785 .85703149814671156E-001
-24292.041715614487 .90730583277578991E-002
-7016.0313472414291 .13619149860691503E-002
-22837.059910397173 .13541144082614553
-5220.8065370827035 1.0000000000000000
12137.777157012049 .35923789285675778
-14540.063337510177 .49704645246852153
6023.5477744734926 .15350248501872998E-001
-7068.7349083026511 .98536615387162163
-19564.451088256959 .31122532629540341E-002
12244.865404110000 .78922028718596948
27582.774504278481 .11249377758652108E-001
-6092.1573333471015 .17318378549471947
-2.7283943640196804 .23852459710462065E-004
17274.657180800958 .36092371725653838
19785.920587140306 .55200174963443183
-298.07763244007714 .14050803370607712E-003
-18646.212111924753 .24052864833605192E-001
42916.777804780737 .14013661276442235
2482.6242959113533 .53423161613233572E-002
9325.0394807997927 .12396023415985388E-001
-4750.5740475100883 1.0000000000000000
-984.91170309780375 .86739962069527410
6960.7658643396262 .94639082209159353
-8693.8392945464457 .25911052971350764E-001
19278.724841953095 .16235340771149562E-001
-48908.239005428310 .26715636334209179E-001
-1073.9223486361614 1.0000000000000000
4335.1608942491785 .11235656288981488E-001
549.42190925447665 .31462987324671487E-003
4763.0096234326629 .16509628675456039E-002
6176.5366405366358 1.0000000000000000
11637.372829441421 .43705821153873958
-5728.1662553510250 1.0000000000000000
-1811.2662000547434 .91735895501794895E-001
-5673.8216940263346 .81412361744022965
13261.530641343012 1.0000000000000000
13347.700876659665 1.0000000000000000
39.455209599317456 .51631790835837688E-004
-9950.5542481786233 .10906664361807406
167.85541230433392 1.0000000000000000
-9628.1320668318804 .75720646793954738E-002
-3339.9156715674435 1.0000000000000000
-306.51015935936618 .55240608500632138E-004
-25745.179163706907 .51454404175908200E-001
-2995.4500878640083 1.0000000000000000
9982.2011365474045 1.0000000000000000
-37093.018273915943 1.0000000000000000
-5309.0027562067289 .78185593445722279
6888.0541030270970 .69166862338200441E-002
3666.6534317342075 .72992475003943291E-001
17065.590473773198 .97333486946745862
