22497.818443893229 1.0000000000000000
36031.940204619852 1.0000000000000000
25636.247677792628 1.0000000000000000
154441.10173534456 .48460862778711838
84878.099600448637 .60579425484142702
39732.249893470405 .59274799049551075E-001
8123.0247760473394 1.0000000000000000
-5462.5956019491086 .84825793365405411
-72788.325420566180 .84825793365405411
64905.296197130592 .53514467050350074E-001
34839.130556739656 .44893634608438064E-002
74978.804840544442 .89487321711836931E-002
-73697.336266280341 .59274799049551075E-001
-939.62544792733286 .58753059397471572E-003
78942.676420696269 .20377030143270445E-001
7773.4656277074646 .17811012704430039E-002
387615.81150049891 .33401103677031929
-159138.98499927123 .14524336581821795
-68493.426965676743 1.0000000000000000
-37711.076281906207 .26935819089258729E-001
28774.389529318552 .56735902302313401E-002
34822.796089288859 .37531963769056377E-002
11743.614612088810 .99885079828347623
-1501.9099560457616 .77108881707409171
-61687.771515700711 .64244960625895270E-001
-16930.235616475533 .13845882307393587
14829.926515517791 .13845882307393587
28959.035183347252 .38841792966251010E-002
6959.4571869467209 .63085623016115155
-9240.1046742406179 1.0000000000000000
194397.01016860025 .96973229129061089E-001
-25227.130612873101 .44237041964647861
-3292.2496475036082 1.0000000000000000
-4865.8183732425723 .22694854365590267E-003
-125.70369785175480 .11349648025994051E-003
73920.069945666008 .96944498280647018
18109.258243227323 1.0000000000000000
-4930.5343074865768 1.0000000000000000
-8354.9423550058855 1.0000000000000000
7922.8074693373301 1.0000000000000000
-22427.327102277464 1.0000000000000000
6106.4964041552084 1.0000000000000000
-13540.266753650121 .39396685597454843E-001
-25579.124292099412 .45028997347806854E-002
20109.412560187651 .95634787599457916
-6715.5461032588973 1.0000000000000000
11375.055723749059 .17538134458590546
104857.36407433031 .48679551212837530
-20123.349509310654 .48270854975757116E-003
-163958.54504617490 1.0000000000000000
-10782.223253018485 1.0000000000000000
3762.7886216910747 .32030396243006298E-002
-278664.06791224523 .87027416308404881E-001
4383.3229406822302 .17212381056735393E-002
-56636.143489822258 .29059480449084668
29121.429657964221 1.0000000000000000
-981.65621991228431 1.0000000000000000
35407.333183626499 1.0000000000000000
52712.100780924389 1.0000000000000000
71841.603356038599 .37312707159878455
59295.268395482977 1.0000000000000000
-4346.7199487425250 .82743638410154308E-004
48390.531812390094 .86724788259150309
22062.116437569279 .43646763980601377
11365.125702738422 .16501796852759815
1655.5229157634376 .14635834855874497E-002
-24705.623595160414 .10138488192420408
-11805.582830827421 .10138488192420408
-2672.3752260716378 1.0000000000000000
-11929.742699697568 .92329408881631991
38595.654634030681 1.0000000000000000
33227.198000731027 1.0000000000000000
-180.41239060214616 1.0000000000000000
1959.1111463750001 .77306947427107020
-7260.8329503676368 1.0000000000000000
-7831.7688134287491 .22496704329215522E-001
37713.766368032608 .12777978809347446E-001
-58685.138259708925 .96691778540031526
-16398.363321764453 1.0000000000000000
40461.268851964218 .22160430954257948
5379.1244390076272 .50596466540144880E-001
-52589.576817443973 .33357929843175682
113495.99460097328 .45706357198252423
11080.542152139235 .99975301394703320
-21436.216631862830 1.0000000000000000
25451.518549721193 1.0000000000000000
32016.222821849275 1.0000000000000000
-344331.94241818797 .38326714979994392
-129889.56752750660 .60375796832094708E-001
-3466.6947762511395 .82069672057620613
514.83102377801106 .82069672057620613
79698.965376008244 .21604556870300478E-001
-83507.879243702730 .29438886568889933E-002
-3539.4787375861215 .21430771498559542E-003
-31741.605647159176 .99877433684344841
-114572.92336566662 .59749923337641120E-001
-25247.517650857306 1.0000000000000000
11685.952911266519 .31154405605599123E-001
167285.17018946898 .18508932836154790E-001
-286932.60728675860 .46988583177310261
15579.369063451813 .13397118800219077
71567.228040392525 1.0000000000000000
-28511.429119024375 .68226035421438747
5316.1532733289814 .14574772351595392E-002
-50377.449769525025 1.0000000000000000
-48372.728713020995 1.0000000000000000
-22421.556841357382 .30976176035637992
34080.039102472954 1.0000000000000000
25212.617294244730 .77232118741345379
14497.693798352613 1.0000000000000000
-44991.791234173783 1.0000000000000000
52319.785673460137 .17223689322103153
36571.998979088909 .17223689322103153
51634.083392089902 .31002716923797735
26312.867309644113 .39352595844163701
32948.141166412941 .50836371218787979E-001
10924.570230674370 1.0000000000000000
32226.821394380455 1.0000000000000000
13243.948511637003 1.0000000000000000
18171.249761404975 .38337395681265485E-002
7108.0009395818124 .38337395681265485E-002
9011.7680751417556 1.0000000000000000
2380.2555503598542 1.0000000000000000
-16933.464623351560 1.0000000000000000
-747.63394316408846 1.0000000000000000
1894.2598046333596 1.0000000000000000
-8136.4770402607246 .57580784609274479E-002
21441.548356685082 .47231791375206567
-36.125266385707143 .12404582000297185E-004
-4369.2536098175897 .96666494071751219
12497.401409606069 1.0000000000000000
35507.185121643641 1.0000000000000000
-12346.585568888040 .35756741469741771
-9214.6379900668271 .35756741469741771
11137.690812820350 .57105766893797461
2835.5720066244221 1.0000000000000000
-16767.259550249088 .11893933149627278E-001
-80937.527122726140 .73222606246473643
-18707.532689876505 .97215584661746735
-299399.69171584793 .87435812062604534E-002
-60095.400020923174 1.0000000000000000
43391.573608362531 .76952947170620256
49077.141811771755 .14267636685153240
3634.4968473722752 1.0000000000000000
-128655.34504075586 .91755379236068746E-001
458.43423674597454 .37325820649095343
-758.39878210707195 .95595137317527101
7739.7816127326259 .36884917066871603
38039.643938062858 1.0000000000000000
-33674.927544104095 .54492274489679704
-75376.679783949163 1.0000000000000000
19029.655678875741 .16218735650688598E-001
734.65793121573154 .12655134600383889E-003
-73055.934227838297 .63063542001418049
-27553.704230185747 .19962063586869236E-001
3756.1814439744253 .71363044639584480E-003
-326506.90654548054 .44453434618246856E-001
24716.634014041876 .53907734286732212
17982.851263267228 .82798901524301272
-170209.16762515283 .13800412506150994E-001
-4102.1427844646832 .20317224524134454E-002
8851.0058799391827 1.0000000000000000
1263.0293090366902 .36966914451986010
-38578.760395711986 .93719387067203375
4789.1425832357272 .36966914451986010
-314587.70900415012 .10767023112282670E-001
-10166.196083130775 .36961308636250745E-001
35410.004090671508 .64827028916027091E-002
-61406.322475293382 1.0000000000000000
-136639.97193222749 .51841526686547623
-5167.9143642547779 .67606131723310525
-11225.751988942675 .57102442591638103
-10369.798607878525 .84463407587553541
11307.739212332133 .97922358505412699
-12050.444347498373 .85989119849709095
-49490.442236568590 1.0000000000000000
-28695.149557441906 1.0000000000000000
-44871.692786192994 1.0000000000000000
65077.299872446616 .85025660252521751
-8610.3344780297011 .28713638315542966E-001
15484.197556762811 .48027839538299253E-002
2606.6318197231990 .17268503651734244E-001
167404.33597808389 .37567551964620827
252713.52928832284 .47073692263602640E-001
11019.018888360195 .36879418351711118
-8741.1998424403519 .70240400047135687
21888.077351613672 .52504567637659705
86793.936639730760 .35315840730841997E-002
-26987.169199403139 .89300316293891291E-001
3176.3267588125050 .10088058944794365E-002
-25337.181920270745 .11047781470092236E-001
39860.893505048793 1.0000000000000000
106246.29962025415 1.0000000000000000
-4918.1854946183639 .60751093607402173
-4890.8151418255775 .30389184168843658
-20148.223690713843 .91278016998600453
27347.435602776823 .24982202673128934
8.5801438593898212 .24002868698927433E-005
17902.734820386533 1.0000000000000000
6531.0279637147469 1.0000000000000000
