-25337.250389791749 .12017127012606887
-39685.266390590579 .10811461336508357
22811.143051006395 .98118963082852673E-001
-38648.906117112929 .15869943555217464
16695.731214259151 .15869943555217464
-108750.54004390952 .13461805527355239
-4082.1893868486886 1.0000000000000000
-37080.898015578605 .54952419890736404E-002
-76287.432105924876 .54952419890736404E-002
-2472.7990992687533 .60255001778240997E-003
-20426.772760202337 .97104388833721589
-7016.2173183386931 1.0000000000000000
-73228.323340088304 1.0000000000000000
4672.6378106125012 .59662359954797661
-26385.746773021277 .37575922716528820E-001
-2987.0972947933042 .98806222860001158
-687.37973808180141 .98806222860001158
-58319.553376398944 .14713888518680068
-25890.331936721934 .14713888518680068
-30575.668973355994 .13929458024072700
-79081.848157368877 .20327999249998119E-001
41311.449196450216 .18545300804286480
15108.640036307572 .97104388833721589
-8990.0027331731435 .87882632178996993E-002
24871.547386116945 .40467799657021519E-001
-3237.0524703636506 .24321213651686564E-001
13469.992131592431 .55841382699397266E-002
31847.060833697593 1.0000000000000000
-2289.8498605814002 .85197506174541693
780.63601034528597 .55843435319191448E-001
-61855.378924379991 .55843435319191448E-001
86610.969222465210 .81021023830171734E-001
6678.4091491372492 .36894422835090768
-10504.871718833183 .27192891668376407
12656.882159002682 1.0000000000000000
16216.757898328271 1.0000000000000000
-252.34471132071505 .95687124940281487
2644.6849810039816 .21870211684617467E-002
16248.615938286095 .29857712897993105E-001
30752.115372672579 .19165339425358516E-001
-12554.360213429365 1.0000000000000000
-15294.934191042927 .51275348285461619
-13055.210140616866 1.0000000000000000
-15802.809270765401 1.0000000000000000
2816.1442952871939 .74982898002744114
2197.4331029885147 .30120536968125111E-002
-26612.631624184134 .17807600716837063
-49563.032746792720 .44529932793368288
-37045.854990079773 .15110512319072084
-6413.2518631297417 1.0000000000000000
-70088.621266462360 .36565942120436734E-002
-2661.6690758041918 .77918751673722264
65794.582004722019 .28308686526818744
-7779.3093694951376 .10057295588096204E-002
4525.5902879136875 1.0000000000000000
1252.9940469368353 1.0000000000000000
-3255.9256107050833 .73715133623366558
12321.388291736868 .21112595667052164
55.589019487616760 .85488488001189775E-002
-3621.4355664504851 .57427985232872972E-001
5527.8961730307319 1.0000000000000000
1340.1505677778878 .62194035442401365E-003
-513.22928144809669 .17171289700926659E-003
45653.838640197537 .43322797453172426E-001
4707.9738644979680 .64604580707346781
-10779.845015410994 .13253151598371704
-7979.2718011160996 1.0000000000000000
-11500.731191900582 .76590500987612178E-001
-12378.435075708114 1.0000000000000000
14890.765044573764 .64582296543632434
-2162.0158201732393 .90214353187569474
3418.7083993197971 1.0000000000000000
15066.696743295477 .62013246733667204E-001
50167.319132637924 .17596396143068155
5423.6747646143513 .92516491043251547
-4143.9673243830430 .16181977472908046
3739.5271491874614 .96509657733134890
15919.348601432459 .99983645127807019
12125.211996071521 1.0000000000000000
-3743.2494483725141 .83217995207707984
-8030.9284763766746 1.0000000000000000
9322.5188291411814 .96204359846460474
-9935.2742394715988 .21792997340358999E-001
16725.250082646413 .37737017872808232
29106.038893284560 .17095360375282076
1267.1158327415301 1.0000000000000000
-3422.4529661883053 .15954989125657182E-002
9120.1894926713558 1.0000000000000000
-105102.01539663973 .15052860255120482E-001
25264.844701922884 .98822982503446388
75137.165731759858 .42096752199078186
34033.377249152116 .56861758145433379E-001
-10443.322432307683 .32363801158587788E-002
21332.707472449980 .32090527020509019
3787.3311530824271 .60130551832035739
-1482.3750916415270 .89033056873485117
-80472.578116269477 .38248937911566867E-001
-4431.3605330281980 1.0000000000000000
-51246.018633707194 .21050649061132687E-001
-5812.2402337097392 .11591618526289871E-002
3927.7490809987148 .65641629228607001
-19674.120346341628 .19730463657719370E-002
-8580.1339994223836 .53332098953931695
-4078.4641979510025 .99977925530211098
-52444.552225093437 .35668782533004983
-4231.6345737441579 .88235113035859858
60911.680893650344 .11187795126586352
27793.197352063376 .75494597117894691E-001
-1402.6974165977472 1.0000000000000000
4918.2685824874270 .52694003506443821E-002
-905.70599692986696 .31731622813245597
-10587.295445048043 .83369636988272974E-002
28681.890342686085 .79965278465491074
-81502.575686599157 .86153717700198140E-001
11046.206338947239 .98654898820226511
-20597.224670962612 .72397947289533160
4985.3755548792878 .80238005719183092
-2876.2598433697212 .91283264700404998
1053.8214637595138 .80100265133986603E-003
-42017.198470160336 .16222087010271807
321.88546325781726 1.0000000000000000
-8861.0525342980509 1.0000000000000000
3915.2551311008028 1.0000000000000000
-4493.1505469332114 .89702224060249542E-003
-28853.339254759085 .97171818623572825E-001
-53313.377401775098 .84108830483094643E-001
50184.181609469706 .37621531793460748E-001
5392.6865133144711 1.0000000000000000
2764.2862416607827 .98075013832555302
-2247.1736435627763 .17277046491777622E-002
-22.422570584536647 .99324818701063133E-004
296.34114815347033 .15149481100529467E-003
9857.5377610449850 .65191628502638954
-28905.226761690286 .71151077634453511E-002
1144.8383120509166 .90179469720418282
-5595.1955150492849 .97757573223616745
-12645.460111672397 1.0000000000000000
-3246.6472442339773 .83674914713283144E-002
33.822414396211762 1.0000000000000000
-32873.426616261255 .33748190681425205E-002
-7209.4706921499237 1.0000000000000000
-18211.698618029739 1.0000000000000000
-27128.468978614710 .36833020574572649E-002
40930.989095393445 1.0000000000000000
-9940.4605418548254 .59243092741875025
11060.915293984694 .60735656170735552
1941.6862613400383 1.0000000000000000
-15086.230102092894 .55354278638937415
24663.854850934549 .34920295943652951
-91403.597907845775 .38638618402634529E-001
3898.8209084749774 1.0000000000000000
-3419.2852682329199 1.0000000000000000
-97.955085782437692 .30237487921988618E-004
103277.35606139929 .17073444340223409
-12491.282872329379 .75550801350487973E-003
-31814.496394129579 1.0000000000000000
-829.92260167066388 .60242037224025213E-001
-25094.383588706631 1.0000000000000000
-16464.012175313739 .85412181756206920E-001
3570.5148398877732 .92547834298034592E-003
296.64300230118062 .41511034907514271E-003
-14141.773307191865 .20848749858251612E-001
-42433.500337765341 .77652802864225379E-002
-7447.2317592495556 .28096003909572287E-001
43520.559254942920 .32212555374080631E-001
-35345.451652310468 .32212555374080631E-001
563.92232043551121 .42170200883898720E-003
-24175.787386833072 .45052815156300108E-002
10729.576957929094 1.0000000000000000
10580.979815323144 1.0000000000000000
27638.001375338263 1.0000000000000000
10149.358023048815 1.0000000000000000
-26815.264864713296 .98719458188145759
268.98430402936447 .27467484718434187E-002
-62916.473927697865 .33880196100723070E-001
-7815.8766908023790 .91654946324544351E-001
-1123.6677269994707 1.0000000000000000
-4694.5370014943173 1.0000000000000000
11546.483845432953 .52504567637659705
3184.4671145349762 .32584629603835691
88513.526774681261 .37473745849651074E-001
3080.8049798365537 .64119400156479933
-7363.6219957528028 .98772470465821116
67488.316566652618 .10782079653143051
-17573.427063280651 .12482823911118579
-70040.186682389176 .43922897404876891E-001
-4623.8143556596679 .33792546163698439
603.99630210133876 1.0000000000000000
7634.1327339608979 1.0000000000000000
10593.232213192281 1.0000000000000000
10041.572241624939 1.0000000000000000
-14846.546462961274 .48830110379890809E-001
-2665.4187040244683 .99393504474890104
1264.8142391588817 1.0000000000000000
339.87164500679671 1.0000000000000000
26239.080128960417 .11303071405952214E-001
3098.6721391635929 1.0000000000000000
-61794.225077493727 .10686716650109951E-001
-2305.7629939749158 1.0000000000000000
-8832.5871095172806 .46414503524441131
