214.52076719689973 1.0000000000000000
-8780.0888371986712 1.0000000000000000
-631.05995756171444 1.0000000000000000
-3759.7802773089438 1.0000000000000000
-20897.552912981719 1.0000000000000000
-2529.9027901394943 1.0000000000000000
10841.618292283456 1.0000000000000000
-7651.3053919897347 1.0000000000000000
-48045.831592105635 1.0000000000000000
9368.0397914107762 1.0000000000000000
1.7037282298328791 1.0000000000000000
4101.7415995577712 1.0000000000000000
-1080.7496941721556 1.0000000000000000
-18086.195883142842 1.0000000000000000
11514.245606595814 1.0000000000000000
-38348.674325358792 1.0000000000000000
-10570.858052891803 1.0000000000000000
-206.00334717874051 1.0000000000000000
68535.541153823535 1.0000000000000000
-5155.3007426499471 1.0000000000000000
-4346.3751677684895 1.0000000000000000
66539.581120914328 1.0000000000000000
252.73276486795771 1.0000000000000000
39055.157217322732 1.0000000000000000
-9370.5936003996831 1.0000000000000000
-19924.209516933897 1.0000000000000000
240.89891754136178 1.0000000000000000
-105715.45151865069 1.0000000000000000
332.75780197202744 1.0000000000000000
12261.093155513283 1.0000000000000000
21220.017471539220 1.0000000000000000
3013.7459895208808 1.0000000000000000
78741.736262924605 1.0000000000000000
-5726.5234899717288 1.0000000000000000
544381.58915373811 1.0000000000000000
14207.635047050193 1.0000000000000000
-2098.4672977929858 1.0000000000000000
991.14858132412576 1.0000000000000000
1402.3225578854037 1.0000000000000000
-67486.817627335651 1.0000000000000000
9827.3498662420207 1.0000000000000000
-3650.8380454004200 1.0000000000000000
-4911.8194193284126 1.0000000000000000
-4691.8002452129085 1.0000000000000000
6259.3483983583455 1.0000000000000000
4980.7036994721257 1.0000000000000000
-40280.562263186628 1.0000000000000000
-851.88917908468761 1.0000000000000000
84560.690443451502 1.0000000000000000
19499.495472887400 1.0000000000000000
33710.363270760667 1.0000000000000000
12802.175021330182 1.0000000000000000
35728.765723339944 1.0000000000000000
6149.8593945324719 1.0000000000000000
11992.226727816305 1.0000000000000000
-3948.5878180423092 1.0000000000000000
2969.6321468852148 1.0000000000000000
3319.1576669227843 1.0000000000000000
5348.5287340391587 1.0000000000000000
6834.6585990280628 1.0000000000000000
41777.819089204517 1.0000000000000000
-13937.182790821782 1.0000000000000000
106986.56065447419 1.0000000000000000
5536.0517941313101 1.0000000000000000
3426.9434418304977 1.0000000000000000
-2227.3706448035073 1.0000000000000000
42979.664146125928 1.0000000000000000
2737.6232254906754 1.0000000000000000
1129.9530667902782 1.0000000000000000
4851.1825231202811 1.0000000000000000
39495.753497682446 1.0000000000000000
-37384.802462147869 1.0000000000000000
82522.966109529603 1.0000000000000000
62118.079148737546 1.0000000000000000
-29476.794199484601 1.0000000000000000
-10019.799480414265 1.0000000000000000
11944.393760167583 1.0000000000000000
14997.077712780987 1.0000000000000000
-270.11403042371779 1.0000000000000000
-40265.394534862826 1.0000000000000000
3348.4338350117555 1.0000000000000000
-240935.07002953178 1.0000000000000000
710.00558064121299 1.0000000000000000
-56560.317068877761 1.0000000000000000
33271.286510958103 1.0000000000000000
7093.7893198292613 1.0000000000000000
-8282.8224529852087 1.0000000000000000
14320.438895390747 1.0000000000000000
39011.044174815659 1.0000000000000000
-3378.4514257587384 1.0000000000000000
3959.7038246104803 1.0000000000000000
-21861.776086089394 1.0000000000000000
6957.8819037834228 1.0000000000000000
10795.558719728358 1.0000000000000000
-8060.7582980351544 1.0000000000000000
357.69379592317784 1.0000000000000000
19558.728639757832 1.0000000000000000
-30961.662535327145 1.0000000000000000
-113637.00861559283 1.0000000000000000
-4036.5692558796150 1.0000000000000000
-11705.321842941559 1.0000000000000000
29437.640138529860 1.0000000000000000
719.90870187030885 1.0000000000000000
44861.954490805503 1.0000000000000000
3082.2398064328340 1.0000000000000000
-5431.3786964520896 1.0000000000000000
-16412.619067024356 1.0000000000000000
85775.980048521713 1.0000000000000000
-13284.054293798496 1.0000000000000000
-1545.4034853755841 1.0000000000000000
-72100.097600477005 1.0000000000000000
2588.9802038654807 1.0000000000000000
-21314.369758484547 1.0000000000000000
-15150.436770703736 1.0000000000000000
-12988.477183992773 1.0000000000000000
-33975.712036792676 1.0000000000000000
8399.0508313542468 1.0000000000000000
-5777.4220951261677 1.0000000000000000
124039.03612147229 1.0000000000000000
19000.382161827216 1.0000000000000000
10226.936583099994 1.0000000000000000
-67166.513261250278 1.0000000000000000
15212.414458839925 1.0000000000000000
12591.162638473334 1.0000000000000000
-25637.100848260670 1.0000000000000000
13475.466273797834 1.0000000000000000
-15696.297473496248 1.0000000000000000
27344.370561045438 1.0000000000000000
-2870.6080133761220 1.0000000000000000
-10321.175171423503 1.0000000000000000
-10036.967375968978 1.0000000000000000
-56715.315463318904 1.0000000000000000
14957.444632136750 1.0000000000000000
-712.03667616740734 1.0000000000000000
-189323.38172628568 1.0000000000000000
-6613.4932745699307 1.0000000000000000
28683.490917160376 1.0000000000000000
-52678.718130892310 1.0000000000000000
-120.78425865665112 1.0000000000000000
-120.71654342829760 1.0000000000000000
-5574.6471796023516 1.0000000000000000
374.89186271572390 1.0000000000000000
64100.010882462338 1.0000000000000000
-7460.2270822908076 1.0000000000000000
4150.4585915918869 1.0000000000000000
14083.321103494125 1.0000000000000000
8240.8985470672960 1.0000000000000000
-33957.080323214905 1.0000000000000000
2850.6538602115447 1.0000000000000000
-13216.122438984328 1.0000000000000000
-11683.760089624377 1.0000000000000000
-2472.2597118945937 1.0000000000000000
17804.867262865060 1.0000000000000000
71214.239702944091 1.0000000000000000
24107.841567748823 1.0000000000000000
21406.201669121765 1.0000000000000000
-6029.9814496101753 1.0000000000000000
-15439.279695912164 1.0000000000000000
10375.520296043880 1.0000000000000000
-18111.125392970996 1.0000000000000000
13676.921986361114 1.0000000000000000
-349.44426012295389 1.0000000000000000
-15904.359244791642 1.0000000000000000
-20151.455501089109 1.0000000000000000
-2574.6453359418015 1.0000000000000000
19538.929113603866 1.0000000000000000
12863.809563338762 1.0000000000000000
147430.96344640903 1.0000000000000000
-23625.343411030579 1.0000000000000000
5239.0427901510102 1.0000000000000000
-4161.2043280339312 1.0000000000000000
78598.307469890133 1.0000000000000000
-35624.372169191949 1.0000000000000000
-44899.739890663557 1.0000000000000000
-377.80972667860709 1.0000000000000000
-13548.199994795465 1.0000000000000000
-15952.223785604428 1.0000000000000000
-15763.793103513270 1.0000000000000000
-432.14581448357444 1.0000000000000000
186.62696837860642 1.0000000000000000
2514.0337386533006 1.0000000000000000
1281.0899363192334 1.0000000000000000
-74767.890696595990 1.0000000000000000
-39025.800120645174 1.0000000000000000
-6877.9955806239905 1.0000000000000000
202.70983177629759 1.0000000000000000
-4140.9860505959296 1.0000000000000000
28203.909845840342 1.0000000000000000
13406.095330147053 1.0000000000000000
-23489.093752494253 1.0000000000000000
17929.255267828132 1.0000000000000000
80517.294500286022 1.0000000000000000
76726.001763022767 1.0000000000000000
-9438.0609885569993 1.0000000000000000
-6541.3163489376748 1.0000000000000000
-35643.189763382055 1.0000000000000000
-18939.838015998568 1.0000000000000000
5467.7239950644625 1.0000000000000000
-7237.7329883439061 1.0000000000000000
-30736.048703598790 1.0000000000000000
101746.98151221311 1.0000000000000000
22974.035429093696 1.0000000000000000
14177.594624312400 1.0000000000000000
-11555.224501330933 1.0000000000000000
-12660.241169558683 1.0000000000000000
-21425.525877970354 1.0000000000000000
4758.5072927900947 1.0000000000000000
-20389.862799699604 1.0000000000000000
-20075.360936459798 1.0000000000000000
27612.119107982428 1.0000000000000000
-4500.9535552731595 1.0000000000000000
-9534.1732744273831 1.0000000000000000
863.11629805220082 1.0000000000000000
49098.213057467226 1.0000000000000000
4668.7243849376600 1.0000000000000000
31965.351488615492 1.0000000000000000
21765.524341227232 1.0000000000000000
4142.3485563568329 1.0000000000000000
11369.456626894980 1.0000000000000000
-13003.934501049880 1.0000000000000000
-1142.7053408452418 1.0000000000000000
363.62670954667385 1.0000000000000000
-3538.8923216955523 1.0000000000000000
-1314.3401508250215 1.0000000000000000
-32375.476422462023 1.0000000000000000
33643.334615217718 1.0000000000000000
-4491.1342446966355 1.0000000000000000
-31332.336197875389 1.0000000000000000
-6324.9293310673147 1.0000000000000000
-3518.6884237981071 1.0000000000000000
-36911.233132356836 1.0000000000000000
106387.87340703806 1.0000000000000000
2870.9345959395259 1.0000000000000000
65840.098474645012 1.0000000000000000
-10065.478913961530 1.0000000000000000
563.16308271420291 1.0000000000000000
-33208.525672599200 1.0000000000000000
-13430.380098425696 1.0000000000000000
19202.258793883320 1.0000000000000000
-33600.469296552474 1.0000000000000000
-6910.0768840952096 1.0000000000000000
-50288.489101733619 1.0000000000000000
-261.83751188180071 1.0000000000000000
2242.3415233740934 1.0000000000000000
2444.2766558463591 1.0000000000000000
9472.1446442698762 1.0000000000000000
2559.7376031508334 1.0000000000000000
-14931.866044953698 1.0000000000000000
560.91614228871197 1.0000000000000000
61256.533605744509 1.0000000000000000
14133.575449895290 1.0000000000000000
-10300.015100529827 1.0000000000000000
-1854.0531070706541 1.0000000000000000
-21543.179533981020 1.0000000000000000
29330.901018348886 1.0000000000000000
14297.342150405768 1.0000000000000000
86904.969832103583 1.0000000000000000
-27031.262099803887 1.0000000000000000
8985.8495944521092 1.0000000000000000
1418.5351866719354 1.0000000000000000
1645.8551452820691 1.0000000000000000
26037.500437064093 1.0000000000000000
-22217.475634020073 1.0000000000000000
-11979.626768794504 1.0000000000000000
8116.4406036818928 1.0000000000000000
-21652.359528212324 1.0000000000000000
3512.2615342005111 1.0000000000000000
-10668.695241266967 1.0000000000000000
-29520.609947809273 1.0000000000000000
6601.3892716465407 1.0000000000000000
39241.889315783184 1.0000000000000000
-22040.133592895785 1.0000000000000000
-42505.084351929974 1.0000000000000000
-24066.140194663814 1.0000000000000000
-1766.0099135952614 1.0000000000000000
-3544.3200863577804 1.0000000000000000
32722.066951715955 1.0000000000000000
-61870.558776973870 1.0000000000000000
268576.97968747310 1.0000000000000000
33324.399746270246 1.0000000000000000
13059.771009118575 1.0000000000000000
638.52595204449449 1.0000000000000000
40225.015289310832 1.0000000000000000
-50736.127145957602 1.0000000000000000
-48211.100707229743 1.0000000000000000
7039.7840375603573 1.0000000000000000
4641.1349189624552 1.0000000000000000
-2309.2669958201509 1.0000000000000000
-2219.3229766205900 1.0000000000000000
-5084.6064290745871 1.0000000000000000
-30431.802151685315 1.0000000000000000
6848.4670721822804 1.0000000000000000
8940.7366599452198 1.0000000000000000
-15552.609026792028 1.0000000000000000
-4677.3860339516559 1.0000000000000000
-9279.3447731459946 1.0000000000000000
-18677.155647552125 1.0000000000000000
-16560.156442258278 1.0000000000000000
7621.1593130263409 1.0000000000000000
-12838.298548280438 1.0000000000000000
21281.754699793830 1.0000000000000000
-6021.4843090427776 1.0000000000000000
-2124.6498504318438 1.0000000000000000
46301.914714103019 1.0000000000000000
-5374.5602643203601 1.0000000000000000
40586.964737094204 1.0000000000000000
42246.801019973434 1.0000000000000000
-29601.186522838078 1.0000000000000000
-37132.488101828159 1.0000000000000000
-616.43488417844924 1.0000000000000000
5014.9561501529206 1.0000000000000000
17052.783752455045 1.0000000000000000
9274.6400044728234 1.0000000000000000
12795.162794077789 1.0000000000000000
-68379.767913072996 1.0000000000000000
2367.6416313523496 1.0000000000000000
1843.6576772489370 1.0000000000000000
780.91163600975062 1.0000000000000000
11582.035427352295 1.0000000000000000
-1638.8773616581889 1.0000000000000000
2030.5483697750069 1.0000000000000000
25301.328512366759 1.0000000000000000
-5241.5641388741133 1.0000000000000000
-26852.496611041057 1.0000000000000000
4979.7470238965416 1.0000000000000000
6342.3647302526279 1.0000000000000000
-3182.4766134939582 1.0000000000000000
-10801.296680523561 1.0000000000000000
-32534.043749688575 1.0000000000000000
-25557.155524336740 1.0000000000000000
10284.992357450516 1.0000000000000000
-2982.4071130781708 1.0000000000000000
9897.2437127863850 1.0000000000000000
35815.418194112382 1.0000000000000000
-1352.7528342161845 1.0000000000000000
-26991.067289871156 1.0000000000000000
9962.7183596289524 1.0000000000000000
-36012.396567912285 1.0000000000000000
62784.936127322660 1.0000000000000000
2683.7296292595493 1.0000000000000000
10806.389599823013 1.0000000000000000
5296.3227747527881 1.0000000000000000
31911.355517705917 1.0000000000000000
74214.601121554457 1.0000000000000000
-1378.0824518321535 1.0000000000000000
-78479.271780620198 1.0000000000000000
3826.6922037600320 1.0000000000000000
-11933.669028611308 1.0000000000000000
14268.166807585429 1.0000000000000000
544386.82677503116 1.0000000000000000
-7630.0746281724350 1.0000000000000000
-825.00898732367193 1.0000000000000000
-83251.941450275655 1.0000000000000000
18423.083182656552 1.0000000000000000
17789.426260091965 1.0000000000000000
18233.475456054755 1.0000000000000000
-235292.34566698858 1.0000000000000000
-301168.74404542497 1.0000000000000000
2185.1517374361838 1.0000000000000000
2557.7608769191002 1.0000000000000000
-42812.829166536147 1.0000000000000000
-16159.020914219087 1.0000000000000000
-9861.5101216062849 1.0000000000000000
-44000.323642424395 1.0000000000000000
9523.9994043012721 1.0000000000000000
-11070.533979078751 1.0000000000000000
-5948.9692615161321 1.0000000000000000
7690.9276039329916 1.0000000000000000
93107.334236147581 1.0000000000000000
-3234.7058927635617 1.0000000000000000
-10819.489260174436 1.0000000000000000
6389.7397757136650 1.0000000000000000
21968.939856940066 1.0000000000000000
6581.6949316379605 1.0000000000000000
-30608.376783057818 1.0000000000000000
4522.4967375829556 1.0000000000000000
-919.98149695220945 1.0000000000000000
10832.613503497965 1.0000000000000000
33841.697020761181 1.0000000000000000
2415.3519929713420 1.0000000000000000
-35478.289097226057 1.0000000000000000
46142.435420575923 1.0000000000000000
-33058.812910855384 1.0000000000000000
8465.9192498786506 1.0000000000000000
121837.90220197516 1.0000000000000000
40385.716384207335 1.0000000000000000
56080.251627684440 1.0000000000000000
13350.232102957274 1.0000000000000000
12421.495379037728 1.0000000000000000
617.02085193528410 1.0000000000000000
-13389.031339644473 1.0000000000000000
8450.5850871798684 1.0000000000000000
-33184.603491940390 1.0000000000000000
211279.23499691344 1.0000000000000000
24279.701366801575 1.0000000000000000
-2649.9023112374493 1.0000000000000000
-7668.3830158058681 1.0000000000000000
-14876.879761571308 1.0000000000000000
-9888.7039132612063 1.0000000000000000
-13857.764442475549 1.0000000000000000
-76524.109782029627 1.0000000000000000
12958.039688443940 1.0000000000000000
-27645.159560240194 1.0000000000000000
2323.9000106711151 1.0000000000000000
-6413.7982012544571 1.0000000000000000
31206.597720151793 1.0000000000000000
4299.8653896674577 1.0000000000000000
8244.6753981215606 1.0000000000000000
-19116.002019893465 1.0000000000000000
-91005.718175362766 1.0000000000000000
-23061.447701425499 1.0000000000000000
-17471.143888289447 1.0000000000000000
4174.8722772315723 1.0000000000000000
10460.392428222580 1.0000000000000000
6365.2086463129108 1.0000000000000000
4422.8657026616147 1.0000000000000000
5212.8119373217096 1.0000000000000000
3975.4554158350425 1.0000000000000000
-55014.275445291307 1.0000000000000000
-31547.614520090960 1.0000000000000000
-30607.028810249823 1.0000000000000000
-48541.763748262347 1.0000000000000000
-9086.9172394825146 1.0000000000000000
-2101.1035134295621 1.0000000000000000
-78171.799222757356 1.0000000000000000
1204.4431573877948 1.0000000000000000
102938.31228810026 1.0000000000000000
-5271.0362787086906 1.0000000000000000
17562.360055597655 1.0000000000000000
21006.517184012118 1.0000000000000000
-134585.85465619114 1.0000000000000000
-2128.0237174422955 1.0000000000000000
31445.378161361376 1.0000000000000000
-923.06094746981489 1.0000000000000000
-649.68004224793731 1.0000000000000000
301109.07495988556 1.0000000000000000
116269.00520304247 1.0000000000000000
-181390.45153610341 1.0000000000000000
10325.524156103736 1.0000000000000000
-2375.9220431731237 1.0000000000000000
-26592.671703125336 1.0000000000000000
-26000.458629855970 1.0000000000000000
-5324.5449432988926 1.0000000000000000
-34901.245688068630 1.0000000000000000
7557.9878721627792 1.0000000000000000
8700.1491385870413 1.0000000000000000
12908.127845689722 1.0000000000000000
3925.8548829933293 1.0000000000000000
27272.342219931274 1.0000000000000000
-63621.382331341054 1.0000000000000000
-33023.434259009526 1.0000000000000000
9558.8018626901649 1.0000000000000000
3033.8616640714267 1.0000000000000000
-45549.662090996077 1.0000000000000000
-3037.7157105791684 1.0000000000000000
-2418.3836013675568 1.0000000000000000
-36480.578826856683 1.0000000000000000
4045.9251964328396 1.0000000000000000
35542.480971923316 1.0000000000000000
42611.622684005648 1.0000000000000000
-25899.029400403797 1.0000000000000000
-57946.086757992984 1.0000000000000000
-7314.5932224246853 1.0000000000000000
35344.404444969587 1.0000000000000000
-16319.605508577370 1.0000000000000000
-90810.433734871229 1.0000000000000000
2667.7024058447705 1.0000000000000000
-50315.131880369023 1.0000000000000000
35496.613795926634 1.0000000000000000
-3265.0943359796470 1.0000000000000000
-54576.181111406127 1.0000000000000000
24184.537535137526 1.0000000000000000
-28508.636206399256 1.0000000000000000
-2153.8209525236498 1.0000000000000000
-637.11363191594103 1.0000000000000000
16719.506951649644 1.0000000000000000
-19501.998244757397 1.0000000000000000
-19617.402333857579 1.0000000000000000
34084.393434310077 1.0000000000000000
-6012.3164772509917 1.0000000000000000
-19074.223036839630 1.0000000000000000
6766.1809766017413 1.0000000000000000
44372.444101764770 1.0000000000000000
5510.8848493645319 1.0000000000000000
23738.782838714833 1.0000000000000000
-49155.573607615384 1.0000000000000000
1000.1811458188015 1.0000000000000000
-39612.723004136249 1.0000000000000000
3236.2181982530947 1.0000000000000000
20499.725662103563 1.0000000000000000
34419.858405915460 1.0000000000000000
78103.115738341774 1.0000000000000000
-3781.3021212126378 1.0000000000000000
-2243.6917259768652 1.0000000000000000
73113.980393524180 1.0000000000000000
10064.706943631196 1.0000000000000000
1286.9731752686987 1.0000000000000000
-2056.3291748163024 1.0000000000000000
2072.5988260760600 1.0000000000000000
30719.176348883648 1.0000000000000000
-119099.86921808349 1.0000000000000000
-211456.61798018255 1.0000000000000000
-118115.62277044723 1.0000000000000000
56414.946346788114 1.0000000000000000
17898.896869862030 1.0000000000000000
-826.73554211619808 1.0000000000000000
467.88383101640005 1.0000000000000000
-922.40283696394886 1.0000000000000000
49319.953188393032 1.0000000000000000
9341.6769268127118 1.0000000000000000
42095.235682426079 1.0000000000000000
19141.478925881904 1.0000000000000000
13718.793770740334 1.0000000000000000
-21435.830589262972 1.0000000000000000
-15503.568574940800 1.0000000000000000
17339.315453151052 1.0000000000000000
-6088.0621323309406 1.0000000000000000
58355.653363756843 1.0000000000000000
33838.280199836030 1.0000000000000000
-32481.037085279368 1.0000000000000000
7971.9019675338914 1.0000000000000000
96509.210163571130 1.0000000000000000
-20013.752701294412 1.0000000000000000
-29771.531014279255 1.0000000000000000
10447.957427013645 1.0000000000000000
9734.9418195389408 1.0000000000000000
-31843.601073992628 1.0000000000000000
-11964.987729366145 1.0000000000000000
71685.814628411346 1.0000000000000000
-213010.05467254779 1.0000000000000000
2347.0528705406396 1.0000000000000000
12420.105348833164 1.0000000000000000
16075.748745911906 1.0000000000000000
105334.65426394925 1.0000000000000000
396.27349782019479 1.0000000000000000
-7457.2684457641753 1.0000000000000000
4049.7028535361264 1.0000000000000000
-2037.5383749195232 1.0000000000000000
2201.4461144101033 1.0000000000000000
48007.981987925676 1.0000000000000000
45876.919440534664 1.0000000000000000
-6689.4327964169188 1.0000000000000000
11703.517364645180 1.0000000000000000
-2444.5509624020424 1.0000000000000000
349626.14393379184 1.0000000000000000
35259.238125263240 1.0000000000000000
26924.616473655726 1.0000000000000000
-31710.090045654782 1.0000000000000000
120396.41549995550 1.0000000000000000
8807.6722760073426 1.0000000000000000
10078.045071135462 1.0000000000000000
-17913.489926112787 1.0000000000000000
-7594.5215559215303 1.0000000000000000
-19676.664923715871 1.0000000000000000
5820.5146148303375 1.0000000000000000
-9988.9780823263736 1.0000000000000000
2630.3036285624576 1.0000000000000000
10058.627993277281 1.0000000000000000
-43701.254116581404 1.0000000000000000
-2660.3287000494374 1.0000000000000000
-25062.750304933004 1.0000000000000000
-40064.241259138595 1.0000000000000000
19970.495044207448 1.0000000000000000
-12743.647122929808 1.0000000000000000
2497.6862126183564 1.0000000000000000
-77573.445216764463 1.0000000000000000
7922.4172097745741 1.0000000000000000
8358.6037023180870 1.0000000000000000
-27508.783247921860 1.0000000000000000
5808.9598663114821 1.0000000000000000
-23000.577152864240 1.0000000000000000
14151.817566646039 1.0000000000000000
1394.1848844771848 1.0000000000000000
-5675.9436138013625 1.0000000000000000
-202.65078880083621 1.0000000000000000
-18637.492189283064 1.0000000000000000
80719.189734050524 1.0000000000000000
-158625.87222288109 1.0000000000000000
-25266.802301180047 1.0000000000000000
27089.923609250443 1.0000000000000000
71519.067672868099 1.0000000000000000
77418.944660613401 1.0000000000000000
8080.6228194152509 1.0000000000000000
-138792.72154523511 1.0000000000000000
-23189.988840020782 1.0000000000000000
-3966.2486206516169 1.0000000000000000
2763.4759792311338 1.0000000000000000
-2693.2361647186440 1.0000000000000000
-185838.43449904546 1.0000000000000000
19290.298049249846 1.0000000000000000
69738.060171457051 1.0000000000000000
-171777.95608263570 1.0000000000000000
33433.885341285801 1.0000000000000000
-6555.1154661560977 1.0000000000000000
26907.911295150556 1.0000000000000000
-13530.052462656788 1.0000000000000000
27641.084328345798 1.0000000000000000
-8113.5778231255335 1.0000000000000000
-1464.9928249129339 1.0000000000000000
10520.251454177627 1.0000000000000000
-23105.072863150603 1.0000000000000000
25000.279212216054 1.0000000000000000
16538.175795969350 1.0000000000000000
-8218.5405088438220 1.0000000000000000
56513.206553056145 1.0000000000000000
55877.277558843904 1.0000000000000000
56326.219664467120 1.0000000000000000
-5224.9638694794139 1.0000000000000000
103317.75205680518 1.0000000000000000
-9061.8380190453154 1.0000000000000000
9889.2075957379184 1.0000000000000000
1090.4074548863116 1.0000000000000000
-8302.7671442535302 1.0000000000000000
-112900.98596704954 1.0000000000000000
42597.486043509249 1.0000000000000000
43760.130691801896 1.0000000000000000
-3857.7520543860519 1.0000000000000000
-42501.733652401359 1.0000000000000000
-16523.815606040913 1.0000000000000000
15513.472243871189 1.0000000000000000
40235.627416437237 1.0000000000000000
-69416.256254856591 1.0000000000000000
421.69129906349070 1.0000000000000000
1248.7792917296717 1.0000000000000000
38875.321139402935 1.0000000000000000
1066.7981138584505 1.0000000000000000
118828.07665433837 1.0000000000000000
-68840.854331428505 1.0000000000000000
24568.459110467331 1.0000000000000000
-11861.366609106042 1.0000000000000000
-7432.5897925633262 1.0000000000000000
7773.6974867923118 1.0000000000000000
-15604.280289421691 1.0000000000000000
7730.4076463476213 1.0000000000000000
25948.909851451052 1.0000000000000000
461.90080899124894 1.0000000000000000
747.41044577088587 1.0000000000000000
-43869.495974715683 1.0000000000000000
-6250.2494108921028 1.0000000000000000
-106275.96579999695 1.0000000000000000
-1611.3635634059499 1.0000000000000000
-59477.227053083800 1.0000000000000000
-20975.821278639080 1.0000000000000000
-2202.1372395763642 1.0000000000000000
-25847.997235864103 1.0000000000000000
-39112.242861149483 1.0000000000000000
48353.603433494900 1.0000000000000000
-21580.668897934374 1.0000000000000000
54362.611353180866 1.0000000000000000
-5581.2396101247859 1.0000000000000000
57552.786677826451 1.0000000000000000
33835.673592829087 1.0000000000000000
-1964.6940683968703 1.0000000000000000
1159.5924940139066 1.0000000000000000
-13060.425425733016 1.0000000000000000
2160.7700620493692 1.0000000000000000
-12964.471589826044 1.0000000000000000
-111820.38130834249 1.0000000000000000
19798.813049785807 1.0000000000000000
12557.344311572066 1.0000000000000000
9184.6328072823235 1.0000000000000000
1898.5634188387153 1.0000000000000000
-9874.1114034297334 1.0000000000000000
-551.09330676693935 1.0000000000000000
-999.45826339021608 1.0000000000000000
464.11124821477807 1.0000000000000000
2564.2379441084054 1.0000000000000000
-2971.1903253663941 1.0000000000000000
-24790.801568772215 1.0000000000000000
-2102.8400718851003 1.0000000000000000
18950.494084604165 1.0000000000000000
13083.201868340055 1.0000000000000000
36981.045764652037 1.0000000000000000
-48761.441429883533 1.0000000000000000
65234.131017264081 1.0000000000000000
-988.25691416465861 1.0000000000000000
11504.012836136686 1.0000000000000000
73509.410251239300 1.0000000000000000
19753.489420758211 1.0000000000000000
5898.4857200920451 1.0000000000000000
345.75411043034728 1.0000000000000000
36658.585353491260 1.0000000000000000
8779.1088362090359 1.0000000000000000
-101360.13825095115 1.0000000000000000
16581.668528161950 1.0000000000000000
120764.68705120997 1.0000000000000000
-221795.99318693537 1.0000000000000000
-40235.607352790088 1.0000000000000000
-9498.7321966108120 1.0000000000000000
-16793.978653397131 1.0000000000000000
16053.383632955005 1.0000000000000000
-639.76941464960089 1.0000000000000000
-10328.979130857762 1.0000000000000000
-22541.858939263122 1.0000000000000000
86122.297128434293 1.0000000000000000
-10495.115115880084 1.0000000000000000
117096.79142182080 1.0000000000000000
43323.476931727877 1.0000000000000000
-1339.7395771370821 1.0000000000000000
1007.4062231376723 1.0000000000000000
558.45086090265079 1.0000000000000000
-27403.978134415367 1.0000000000000000
4923.8223128129302 1.0000000000000000
3256.8053278832754 1.0000000000000000
3473.4485986585714 1.0000000000000000
-24173.005891440065 1.0000000000000000
-2084.0205704699779 1.0000000000000000
63160.155049933688 1.0000000000000000
-63930.201516280860 1.0000000000000000
201405.23563416107 1.0000000000000000
1976.6110404762737 1.0000000000000000
20151.659774508185 1.0000000000000000
5261.1980082436239 1.0000000000000000
-14271.509225325670 1.0000000000000000
36283.344132153972 1.0000000000000000
-16836.088473663774 1.0000000000000000
-8000.1666357266067 1.0000000000000000
-2843.6505625012246 1.0000000000000000
33761.970883671500 1.0000000000000000
3033.1285829653830 1.0000000000000000
29055.627687503627 1.0000000000000000
-7187.3614788627165 1.0000000000000000
12537.106760600529 1.0000000000000000
-4933.7389713428020 1.0000000000000000
52561.417831811181 1.0000000000000000
973.12613682234553 1.0000000000000000
37110.496688862600 1.0000000000000000
-30459.205105049830 1.0000000000000000
-9149.0740371631891 1.0000000000000000
391.04380721954089 1.0000000000000000
-23068.362171184173 1.0000000000000000
-8835.6030848325063 1.0000000000000000
-11330.804755821538 1.0000000000000000
16188.988501159500 1.0000000000000000
111289.67574650081 1.0000000000000000
-21850.082915933643 1.0000000000000000
-142136.57727390979 1.0000000000000000
-115778.95822093966 1.0000000000000000
-9143.5975204736023 1.0000000000000000
-15027.982578128887 1.0000000000000000
3110.1959499465797 1.0000000000000000
14927.147407208169 1.0000000000000000
43195.830117282152 1.0000000000000000
23459.188497091720 1.0000000000000000
-2134.1569441783822 1.0000000000000000
1169.3211436578731 1.0000000000000000
-140158.72386731903 1.0000000000000000
43143.065575502442 1.0000000000000000
-7825.1379766413356 1.0000000000000000
-6873.0679134347783 1.0000000000000000
31178.902982344913 1.0000000000000000
-8914.5033664412822 1.0000000000000000
-11046.324701542786 1.0000000000000000
659.04957805757431 1.0000000000000000
101004.27933705252 1.0000000000000000
-43273.085664571547 1.0000000000000000
-22075.593990109213 1.0000000000000000
2240.8049501853438 1.0000000000000000
18917.129709360604 1.0000000000000000
-2886.0013304347112 1.0000000000000000
-14888.760235071330 1.0000000000000000
-14594.192656884064 1.0000000000000000
7141.4805479909182 1.0000000000000000
15513.011652443100 1.0000000000000000
54827.185020421755 1.0000000000000000
22280.759048771233 1.0000000000000000
-24188.098947852384 1.0000000000000000
41902.391470309871 1.0000000000000000
-50564.861576806499 1.0000000000000000
4041.0997406236484 1.0000000000000000
8223.0796012611390 1.0000000000000000
23937.448609309493 1.0000000000000000
-7590.1245405367481 1.0000000000000000
-17239.644182374414 1.0000000000000000
-31312.518642825959 1.0000000000000000
-36354.516178766935 1.0000000000000000
20358.897012363734 1.0000000000000000
37762.297565533059 1.0000000000000000
7027.0168534266732 1.0000000000000000
2412.6486479455780 1.0000000000000000
2282.9974287196605 1.0000000000000000
-38981.723630687775 1.0000000000000000
4424.8805568393682 1.0000000000000000
97705.974327279895 1.0000000000000000
19068.977268814218 1.0000000000000000
-4537.9091553512189 1.0000000000000000
52735.313990166484 1.0000000000000000
2583.6467335664515 1.0000000000000000
337.49345105671506 1.0000000000000000
-24.230367499358024 1.0000000000000000
-3937.6964607260361 1.0000000000000000
-4985.2573877536897 1.0000000000000000
-30509.455712779443 1.0000000000000000
-185713.45855684413 1.0000000000000000
-12313.706189396666 1.0000000000000000
-97154.860890277618 1.0000000000000000
30723.376179078885 1.0000000000000000
849.17495059440228 1.0000000000000000
-109164.89619443328 1.0000000000000000
-1356.6341625760926 1.0000000000000000
-3763.6623787987173 1.0000000000000000
-4404.2769095312142 1.0000000000000000
244035.04972546815 1.0000000000000000
-11146.601935089138 1.0000000000000000
-15246.629508605643 1.0000000000000000
-20072.283663967166 1.0000000000000000
-8233.3843838453031 1.0000000000000000
-47077.447429756343 1.0000000000000000
2066.6797328354473 1.0000000000000000
5788.7225845374105 1.0000000000000000
-33212.799495848398 1.0000000000000000
6501.5667124101446 1.0000000000000000
-8355.8206997667639 1.0000000000000000
-14351.234333474798 1.0000000000000000
4571.8232143775176 1.0000000000000000
-14032.124790498170 1.0000000000000000
74752.521205642770 1.0000000000000000
-7305.9954874666537 1.0000000000000000
-6277.3469028546242 1.0000000000000000
-3412.0493921131806 1.0000000000000000
-13001.338577867029 1.0000000000000000
-229655.76027803469 1.0000000000000000
-5473.1442742933104 1.0000000000000000
40290.954380205614 1.0000000000000000
-12046.200443947986 1.0000000000000000
-7391.2738765642889 1.0000000000000000
-69602.093255241562 1.0000000000000000
-8580.6541970333055 1.0000000000000000
-12509.842218443791 1.0000000000000000
515.58232660403939 1.0000000000000000
2527.5558346754979 1.0000000000000000
7927.9129711024016 1.0000000000000000
3340.6368713906377 1.0000000000000000
1885.7745030794556 1.0000000000000000
-266478.17663361627 1.0000000000000000
41917.646021149019 1.0000000000000000
-56727.636851992451 1.0000000000000000
-3247.5101228295380 1.0000000000000000
-268.57528047150782 1.0000000000000000
-6898.2580880208416 1.0000000000000000
-13904.876846952067 1.0000000000000000
56520.566183278017 1.0000000000000000
-22697.346701725652 1.0000000000000000
-4755.5661317953191 1.0000000000000000
-9048.8667970689621 1.0000000000000000
51799.681275439398 1.0000000000000000
61175.872997983861 1.0000000000000000
-16678.695302126715 1.0000000000000000
-16899.687238831022 1.0000000000000000
1585.0601585025504 1.0000000000000000
-15460.586364222856 1.0000000000000000
1659.7231217092551 1.0000000000000000
-81608.596748482189 1.0000000000000000
40069.843821009854 1.0000000000000000
20794.574061013849 1.0000000000000000
1107.0559704477773 1.0000000000000000
2088.7169841650775 1.0000000000000000
-34156.745992711432 1.0000000000000000
40492.298895278909 1.0000000000000000
-15505.354165858304 1.0000000000000000
-2061.0978159349183 1.0000000000000000
27795.329194865575 1.0000000000000000
20743.158333861862 1.0000000000000000
-43536.080176989613 1.0000000000000000
-66325.906366048090 1.0000000000000000
2188.7415245472107 1.0000000000000000
4952.0506436682253 1.0000000000000000
353.33113368757483 1.0000000000000000
-336.39567985699455 1.0000000000000000
-1437.4324814627516 1.0000000000000000
-616.30280974444463 1.0000000000000000
3333.1660438188510 1.0000000000000000
-936.02175219181549 1.0000000000000000
543.26894189747577 1.0000000000000000
21937.999362227500 1.0000000000000000
14126.333080494260 1.0000000000000000
66083.989217359223 1.0000000000000000
-13429.000257959930 1.0000000000000000
8767.6872536332558 1.0000000000000000
24614.972946019039 1.0000000000000000
44331.672420011833 1.0000000000000000
-19975.742422468975 1.0000000000000000
16277.170660235985 1.0000000000000000
-10138.279132315020 1.0000000000000000
-21307.137768893670 1.0000000000000000
962.90744392919453 1.0000000000000000
742.72124844091604 1.0000000000000000
-7138.3190308121002 1.0000000000000000
-25871.241024613220 1.0000000000000000
24773.985276897409 1.0000000000000000
-15500.100604825146 1.0000000000000000
-25083.699288655662 1.0000000000000000
1894.3751109295554 1.0000000000000000
22954.149135233289 1.0000000000000000
17211.583073978978 1.0000000000000000
-29051.645278565742 1.0000000000000000
10581.109726739436 1.0000000000000000
4185.9555096126560 1.0000000000000000
-18244.214750082137 1.0000000000000000
22437.771181250006 1.0000000000000000
-9726.9592187263479 1.0000000000000000
-6710.9122587849943 1.0000000000000000
5096.1496595417320 1.0000000000000000
-9701.1438707583766 1.0000000000000000
28737.814120023748 1.0000000000000000
30609.766929511588 1.0000000000000000
-115933.08057098628 1.0000000000000000
-174728.57715360279 1.0000000000000000
-1693.9392888820780 1.0000000000000000
-31019.135482469930 1.0000000000000000
22109.584830721109 1.0000000000000000
-3164.1087282849285 1.0000000000000000
1539.5490788769112 1.0000000000000000
2497.6254257964179 1.0000000000000000
2837.5592520572718 1.0000000000000000
54315.688739794976 1.0000000000000000
-173583.11567282488 1.0000000000000000
125472.62241054655 1.0000000000000000
12959.690752056847 1.0000000000000000
412693.95446432749 1.0000000000000000
-1662.2544984569504 1.0000000000000000
-5277.9546713462087 1.0000000000000000
-733.85725863988546 1.0000000000000000
-3992.9253429488595 1.0000000000000000
-124635.95161654385 1.0000000000000000
25302.106492825580 1.0000000000000000
-5958.0318339422947 1.0000000000000000
-2737.0793192747055 1.0000000000000000
-3748.5047303246765 1.0000000000000000
-64367.107820098172 1.0000000000000000
-24359.392750469357 1.0000000000000000
-74630.570902632768 1.0000000000000000
22821.966653217009 1.0000000000000000
15504.471506594618 1.0000000000000000
6029.5293190060283 1.0000000000000000
166447.15204962145 1.0000000000000000
5465.6521773098520 1.0000000000000000
-14993.192204768739 1.0000000000000000
5306.6382055993618 1.0000000000000000
-13839.005497204058 1.0000000000000000
-12067.058161259420 1.0000000000000000
-3677.5757874294604 1.0000000000000000
-11586.034240074232 1.0000000000000000
-24171.544532330201 1.0000000000000000
-53334.870736040168 1.0000000000000000
4749.9223599979541 1.0000000000000000
-9500.1289477933842 1.0000000000000000
-17584.039370327722 1.0000000000000000
12003.426086135447 1.0000000000000000
3688.8747078365309 1.0000000000000000
-33877.995089398406 1.0000000000000000
5788.3358265446395 1.0000000000000000
-77275.965873550158 1.0000000000000000
12737.865492089277 1.0000000000000000
-696.21632313146915 1.0000000000000000
-926.64822551599468 1.0000000000000000
6653.9848449828769 1.0000000000000000
-18254.986306529514 1.0000000000000000
-174896.89486814858 1.0000000000000000
2361.3945207738720 1.0000000000000000
1578.0901825830454 1.0000000000000000
19465.915673986401 1.0000000000000000
3274.1435121372024 1.0000000000000000
-12775.761144185111 1.0000000000000000
-37256.869733126790 1.0000000000000000
46635.900238824594 1.0000000000000000
-3984.6316812498717 1.0000000000000000
-13627.241408883767 1.0000000000000000
1331.2178174988401 1.0000000000000000
-38196.777060678120 1.0000000000000000
17236.979041958752 1.0000000000000000
21243.387074392565 1.0000000000000000
-622.52265308914912 1.0000000000000000
7380.0321181925337 1.0000000000000000
-607.37067139852422 1.0000000000000000
18773.076716437059 1.0000000000000000
-8070.7635561424277 1.0000000000000000
-18015.761447235433 1.0000000000000000
1085.9757748436293 1.0000000000000000
-19587.494800550005 1.0000000000000000
13579.028223327547 1.0000000000000000
8176.4007752146235 1.0000000000000000
-73709.037072027742 1.0000000000000000
-3637.4748117553236 1.0000000000000000
7126.3143506382803 1.0000000000000000
-4021.2635110089823 1.0000000000000000
37702.706908435401 1.0000000000000000
-33570.934075942627 1.0000000000000000
-89237.769411951449 1.0000000000000000
-118595.83754983637 1.0000000000000000
1864.0920027093341 1.0000000000000000
24106.521852219583 1.0000000000000000
-1525.3593734305712 1.0000000000000000
-125363.02616263462 1.0000000000000000
-7146.0386850382074 1.0000000000000000
-35766.159247882024 1.0000000000000000
-18459.550904083866 1.0000000000000000
3487.3515871534451 1.0000000000000000
-56649.890679269993 1.0000000000000000
1375.9016869102575 1.0000000000000000
