-1377594.3837945212 1.0000000000000000
-611799.15625468409 1.0000000000000000
163457.80606070088 1.0000000000000000
48447.508966036505 1.0000000000000000
-850493.15213091066 1.0000000000000000
139754.46953771648 1.0000000000000000
12518.322289044014 1.0000000000000000
-112142.29898759109 1.0000000000000000
-57546.724713834861 1.0000000000000000
-13373.089501684412 1.0000000000000000
-132454.17422604247 1.0000000000000000
53133.847048392854 1.0000000000000000
481631.76323947211 1.0000000000000000
675726.48996090167 1.0000000000000000
-339451.08473102114 1.0000000000000000
-586427.21964541962 1.0000000000000000
204263.30464965847 1.0000000000000000
238679.33893011275 1.0000000000000000
-26118.562957596474 1.0000000000000000
11201.077582213176 1.0000000000000000
479854.51496769156 1.0000000000000000
1081306.7733231008 1.0000000000000000
1233263.0086975640 1.0000000000000000
-45244.911036665268 1.0000000000000000
210735.25650854659 1.0000000000000000
99978.728864813631 1.0000000000000000
-7099.2490747538986 1.0000000000000000
-19355.564755974268 1.0000000000000000
9839.6222745454288 1.0000000000000000
-205350.77695939914 1.0000000000000000
277920.37225908169 1.0000000000000000
117796.63943871454 1.0000000000000000
-146958.17530598945 1.0000000000000000
18449.019822013110 1.0000000000000000
478206.97359637549 1.0000000000000000
152555.41188238381 1.0000000000000000
86924.450831266891 1.0000000000000000
-178.62803011252566 1.0000000000000000
-3763.2465383740487 1.0000000000000000
8261.4288188592436 1.0000000000000000
-204038.71297140617 1.0000000000000000
-404481.37401232246 1.0000000000000000
889.95522025186710 1.0000000000000000
22016.542978810397 1.0000000000000000
134478.92669268820 1.0000000000000000
-492.48569743151944 1.0000000000000000
-2526.8458282306055 1.0000000000000000
99178.632054222326 1.0000000000000000
-12662.167498768484 1.0000000000000000
80856.743674944155 1.0000000000000000
25026.366866206346 1.0000000000000000
-4259.8067506256930 1.0000000000000000
-19255.736400835642 1.0000000000000000
5588.5404114706707 1.0000000000000000
5041.4382018084170 1.0000000000000000
303.43976269384217 1.0000000000000000
-4125.3276343108009 1.0000000000000000
-259294.28487058071 1.0000000000000000
28502.644765077843 1.0000000000000000
-1937.0941446081481 1.0000000000000000
-714.20556899697328 1.0000000000000000
644479.66580440628 1.0000000000000000
-2717.2355878892336 1.0000000000000000
-201062.36477812566 1.0000000000000000
-9066.9607849110162 1.0000000000000000
574016.56047830882 1.0000000000000000
-269615.54153235693 1.0000000000000000
8285.4865107132864 1.0000000000000000
-763.48220206545784 1.0000000000000000
-14485.642702794252 1.0000000000000000
15718.859852304890 1.0000000000000000
-35194.903955671492 1.0000000000000000
11838.044804943791 1.0000000000000000
45267.242810288728 1.0000000000000000
68662.630644702236 1.0000000000000000
-2364.0954370035074 1.0000000000000000
-1971.1988245832249 1.0000000000000000
-172215.34836066942 1.0000000000000000
108916.22529364457 1.0000000000000000
82316.716719661941 1.0000000000000000
-572508.90407639346 1.0000000000000000
234005.28934474624 1.0000000000000000
-60538.987377118385 1.0000000000000000
28671.487739247797 1.0000000000000000
7151.0682223787035 1.0000000000000000
39910.550174983568 1.0000000000000000
-17575.423045890166 1.0000000000000000
-849.79283929219093 1.0000000000000000
16803.914853654216 1.0000000000000000
-868606.01006689342 1.0000000000000000
743974.59008511831 1.0000000000000000
11994.579904169283 1.0000000000000000
464864.37414409930 1.0000000000000000
43709.605769790505 1.0000000000000000
110785.62449492785 1.0000000000000000
-103518.59718566370 1.0000000000000000
-8632.2362612198795 1.0000000000000000
-362644.09684822056 1.0000000000000000
18342.638535231741 1.0000000000000000
388471.18673614680 1.0000000000000000
537040.82642090053 1.0000000000000000
-37457.401060786840 1.0000000000000000
-128144.57838610036 1.0000000000000000
175922.81999795462 1.0000000000000000
58660.136658314324 1.0000000000000000
86137.602444839184 1.0000000000000000
-110179.95409290802 1.0000000000000000
-49134.389577875074 1.0000000000000000
-7917.3192226281881 1.0000000000000000
94271.827977764740 1.0000000000000000
-251641.78455212753 1.0000000000000000
158766.39390474904 1.0000000000000000
38800.447168056176 1.0000000000000000
-87531.990917347328 1.0000000000000000
-130187.86748467154 1.0000000000000000
-6548.0345350267053 1.0000000000000000
57791.712151124695 1.0000000000000000
-122428.77068834414 1.0000000000000000
-20765.520294593538 1.0000000000000000
-17081.765814518578 1.0000000000000000
-4128.9584207405333 1.0000000000000000
-78764.203555316111 1.0000000000000000
-17668.749025388151 1.0000000000000000
37110.187550515540 1.0000000000000000
65179.430297180472 1.0000000000000000
-40662.984828035333 1.0000000000000000
-37022.827324148326 1.0000000000000000
-2298.3003614303393 1.0000000000000000
-719561.92563720490 1.0000000000000000
-294735.45616878435 1.0000000000000000
12601.718867842323 1.0000000000000000
-392303.53773862339 1.0000000000000000
357036.16105149360 1.0000000000000000
-146215.89512629251 1.0000000000000000
-29425.058009363169 1.0000000000000000
71107.557924207082 1.0000000000000000
3390.5360768495925 1.0000000000000000
354784.96283226617 1.0000000000000000
222586.07567708456 1.0000000000000000
-22762.558870849654 1.0000000000000000
-168332.84574531592 1.0000000000000000
2191.1040642644357 1.0000000000000000
-82860.209688968302 1.0000000000000000
-128950.85920682752 1.0000000000000000
-27381.398213917844 1.0000000000000000
-24438.357259578395 1.0000000000000000
39254.694790863039 1.0000000000000000
291149.49522876443 1.0000000000000000
-60140.849160808153 1.0000000000000000
-157932.66888786745 1.0000000000000000
57783.423675484526 1.0000000000000000
3406.7453885381269 1.0000000000000000
-91027.735173351190 1.0000000000000000
-83118.261262448577 1.0000000000000000
93582.698791711766 1.0000000000000000
37345.847179778662 1.0000000000000000
105071.42298254547 1.0000000000000000
-97816.576466574232 1.0000000000000000
-46681.821304623030 1.0000000000000000
8569.8995401213033 1.0000000000000000
99065.796037392080 1.0000000000000000
17344.466391539405 1.0000000000000000
2548.5881958359942 1.0000000000000000
92059.126495972087 1.0000000000000000
37947.283664064256 1.0000000000000000
-60761.386694987981 1.0000000000000000
25998.293381043859 1.0000000000000000
-373767.70613015164 1.0000000000000000
48474.854027859248 1.0000000000000000
-24885.612257438774 1.0000000000000000
-81471.318430377360 1.0000000000000000
32659.683094503067 1.0000000000000000
90236.498016567712 1.0000000000000000
10950.888058991821 1.0000000000000000
-321991.38826396276 1.0000000000000000
44267.425424399829 1.0000000000000000
-4354.0532132696007 1.0000000000000000
161639.29402338117 1.0000000000000000
-1721285.1001802199 1.0000000000000000
-9325.9630920786567 1.0000000000000000
119674.35070372517 1.0000000000000000
43516.330526123435 1.0000000000000000
88587.965871222506 1.0000000000000000
-70331.517172821579 1.0000000000000000
-22168.369716078698 1.0000000000000000
-9770.3887515447022 1.0000000000000000
90199.428115188595 1.0000000000000000
232265.83171551625 1.0000000000000000
-30294.084901888160 1.0000000000000000
-55606.853811170011 1.0000000000000000
35437.490045091748 1.0000000000000000
-74876.380987166980 1.0000000000000000
393551.12534649787 1.0000000000000000
235755.52853923300 1.0000000000000000
-141796.43497499413 1.0000000000000000
73817.428523489507 1.0000000000000000
160832.99058773127 1.0000000000000000
192103.35679269684 1.0000000000000000
-11591.153867919998 1.0000000000000000
229632.72795304342 1.0000000000000000
-74121.287746428410 1.0000000000000000
52091.508155459043 1.0000000000000000
57620.368258220566 1.0000000000000000
-400032.88654626958 1.0000000000000000
59784.737525451230 1.0000000000000000
2947.4960494759230 1.0000000000000000
-30334.485975808020 1.0000000000000000
12565.251367238161 1.0000000000000000
15251.191116535665 1.0000000000000000
-68964.664808603615 1.0000000000000000
138217.12994921848 1.0000000000000000
-27367.165317302177 1.0000000000000000
-52124.452464576309 1.0000000000000000
58777.222923455884 1.0000000000000000
14727.034788797348 1.0000000000000000
-84031.761884304520 1.0000000000000000
-175154.39149763720 1.0000000000000000
272174.43237699638 1.0000000000000000
125.29741582803649 1.0000000000000000
-330534.18482322985 1.0000000000000000
-201105.80965588239 1.0000000000000000
27711.434431788628 1.0000000000000000
122290.47353027247 1.0000000000000000
13423.338836193370 1.0000000000000000
-50159.785816533556 1.0000000000000000
-23963.952265353375 1.0000000000000000
14173.141113898928 1.0000000000000000
14069.355687060995 1.0000000000000000
-4803.6023832431101 1.0000000000000000
-10123.696734898254 1.0000000000000000
-21273.200863303457 1.0000000000000000
-130901.34179853171 1.0000000000000000
-100671.15141462005 1.0000000000000000
-11237.222004852956 1.0000000000000000
46736.224352010395 1.0000000000000000
-27991.504157572304 1.0000000000000000
-1877.0429327652500 1.0000000000000000
-997.83727818135662 1.0000000000000000
-22242.640476252178 1.0000000000000000
-27777.685510061143 1.0000000000000000
-8978.6729612855743 1.0000000000000000
-42132.766056481589 1.0000000000000000
13743.025313656715 1.0000000000000000
15336.423169455247 1.0000000000000000
-1012.7397970639280 1.0000000000000000
-55961.224143428772 1.0000000000000000
10455.545315958267 1.0000000000000000
-220.45080777134169 1.0000000000000000
-6807.1913101047949 1.0000000000000000
78552.700646613215 1.0000000000000000
85055.707719380560 1.0000000000000000
29491.350129582483 1.0000000000000000
-22351.914081603063 1.0000000000000000
-818.41905953812875 1.0000000000000000
19207.646004797371 1.0000000000000000
100114.50171537873 1.0000000000000000
81132.438022689006 1.0000000000000000
17044.117963438344 1.0000000000000000
-18925.809800820174 1.0000000000000000
-59831.029333592240 1.0000000000000000
-88754.887602982184 1.0000000000000000
-11699.517174633662 1.0000000000000000
-2430.5305916844150 1.0000000000000000
-21100.746234520589 1.0000000000000000
-15069.582857070200 1.0000000000000000
-9919.0519163790395 1.0000000000000000
-117741.79313377463 1.0000000000000000
-12029.715601456794 1.0000000000000000
-30629.911977455646 1.0000000000000000
1860.5720264379108 1.0000000000000000
54154.411036779835 1.0000000000000000
-141829.42103581608 1.0000000000000000
-26835.669944453359 1.0000000000000000
-13434.939804371221 1.0000000000000000
9977.9272346458001 1.0000000000000000
49056.839428766245 1.0000000000000000
2315.4037836256139 1.0000000000000000
-3358.3900701207072 1.0000000000000000
35744.855653446124 1.0000000000000000
2892.0077877282924 1.0000000000000000
-75169.414671143080 1.0000000000000000
473.65411720829900 1.0000000000000000
18540.373418059760 1.0000000000000000
22533.039994010869 1.0000000000000000
6259.5727216752048 1.0000000000000000
-12254.898453865822 1.0000000000000000
-26333.205535767942 1.0000000000000000
-3263.8654369011620 1.0000000000000000
-28869.874555650502 1.0000000000000000
17504.255810041224 1.0000000000000000
-91977.503339450792 1.0000000000000000
11660.775480171322 1.0000000000000000
16715.334266234837 1.0000000000000000
15935.728866205925 1.0000000000000000
44658.238327628918 1.0000000000000000
11078.741326401137 1.0000000000000000
-44029.524428504526 1.0000000000000000
97297.062991208222 1.0000000000000000
64809.643548426247 1.0000000000000000
25139.936170061606 1.0000000000000000
-75000.140390307468 1.0000000000000000
-27488.839400674846 1.0000000000000000
-31094.592449598651 1.0000000000000000
-3142.2029657438602 1.0000000000000000
-14973.644815373207 1.0000000000000000
-24766.484256501124 1.0000000000000000
-102125.97710599183 1.0000000000000000
14592.103381703011 1.0000000000000000
-12810.616186105410 1.0000000000000000
-13001.513813834727 1.0000000000000000
-1678.0006626623233 1.0000000000000000
-25453.017498908834 1.0000000000000000
-262945.75888558576 1.0000000000000000
32969.898890843870 1.0000000000000000
16663.176138011448 1.0000000000000000
3675.2029606535884 1.0000000000000000
110248.31839083080 1.0000000000000000
-19897.535882770389 1.0000000000000000
4325.4284266422865 1.0000000000000000
16534.338908331978 1.0000000000000000
-127040.09793755246 1.0000000000000000
-17870.342799665988 1.0000000000000000
-55927.933943101227 1.0000000000000000
20050.277926995052 1.0000000000000000
42003.690180135171 1.0000000000000000
78981.665925873007 1.0000000000000000
53449.583147003606 1.0000000000000000
-58363.116944313857 1.0000000000000000
86209.597798730974 1.0000000000000000
-19802.889892602390 1.0000000000000000
52144.587298257691 1.0000000000000000
904.92593369093527 1.0000000000000000
-36309.226050354358 1.0000000000000000
10073.994070651341 1.0000000000000000
-24274.885122748117 1.0000000000000000
782.58055833953983 1.0000000000000000
-9424.2200441603600 1.0000000000000000
45475.692784200444 1.0000000000000000
-6956.6089721116832 1.0000000000000000
458.79423706290021 1.0000000000000000
-37060.462467046542 1.0000000000000000
-8078.9936437171027 1.0000000000000000
-5089.2857502749030 1.0000000000000000
29355.459135483903 1.0000000000000000
-19465.408728056816 1.0000000000000000
8555.5590529645324 1.0000000000000000
-9779.3421014209252 1.0000000000000000
-28165.532813946280 1.0000000000000000
-42317.354640885096 1.0000000000000000
90051.321723623478 1.0000000000000000
1222.3219113877853 1.0000000000000000
-90650.718066290763 1.0000000000000000
26477.560239332699 1.0000000000000000
-21835.290576050022 1.0000000000000000
-2587.5032394219202 1.0000000000000000
-44323.606389800734 1.0000000000000000
17320.490804157835 1.0000000000000000
14538.592576401456 1.0000000000000000
-19850.621865338784 1.0000000000000000
-1921.3544153046691 1.0000000000000000
-11036.559537114117 1.0000000000000000
-28001.991398398408 1.0000000000000000
-38559.327391833278 1.0000000000000000
8312.4075526838751 1.0000000000000000
40981.957926616771 1.0000000000000000
11928.349348310694 1.0000000000000000
13060.547617247023 1.0000000000000000
-20761.465545653547 1.0000000000000000
2588.8312863117303 1.0000000000000000
-13454.248070685340 1.0000000000000000
-3148.8767460039594 1.0000000000000000
-29444.863522191928 1.0000000000000000
11110.903805931488 1.0000000000000000
6713.9577717439706 1.0000000000000000
151327.23972659977 1.0000000000000000
-159949.45178327890 1.0000000000000000
283151.97555579373 1.0000000000000000
14496.322515596799 1.0000000000000000
20711.318736025063 1.0000000000000000
-19522.223686273039 1.0000000000000000
-44938.281399198866 1.0000000000000000
15518.178155464453 1.0000000000000000
-19469.835161008792 1.0000000000000000
9047.4301402284855 1.0000000000000000
175279.25766744951 1.0000000000000000
-17709.111362190364 1.0000000000000000
38552.329023872131 1.0000000000000000
-57235.197214392712 1.0000000000000000
-4206.4169041959522 1.0000000000000000
14706.777757092750 1.0000000000000000
-98707.768646267534 1.0000000000000000
-54630.256475333532 1.0000000000000000
1416.1055727675860 1.0000000000000000
9061.0740902689249 1.0000000000000000
-52952.546005741417 1.0000000000000000
-16116.329169520512 1.0000000000000000
13000.532414193067 1.0000000000000000
199504.19742529368 1.0000000000000000
29043.059048655814 1.0000000000000000
-1182.0371353054320 1.0000000000000000
92087.436514333283 1.0000000000000000
-26835.641519168403 1.0000000000000000
30279.303191007220 1.0000000000000000
-73006.471229998933 1.0000000000000000
-30030.282883718348 1.0000000000000000
-11505.848610081513 1.0000000000000000
-118684.89494047839 1.0000000000000000
-165242.79040714732 1.0000000000000000
16244.649285921623 1.0000000000000000
520.43560777575988 1.0000000000000000
-251108.86565024609 1.0000000000000000
181782.03980526066 1.0000000000000000
62267.452667574762 1.0000000000000000
3753.4544961279016 1.0000000000000000
89582.533216806725 1.0000000000000000
-66649.923062254107 1.0000000000000000
453607.07488987845 1.0000000000000000
-2841.0843593897030 1.0000000000000000
98918.692417313054 1.0000000000000000
159414.68235262783 1.0000000000000000
-122714.74116285372 1.0000000000000000
456848.64167584752 1.0000000000000000
-60094.496591159288 1.0000000000000000
-138564.55789186122 1.0000000000000000
-539396.43275944388 1.0000000000000000
87560.725636509786 1.0000000000000000
-100845.31880754698 1.0000000000000000
-12452.149185881955 1.0000000000000000
-43165.917031763922 1.0000000000000000
156271.47497594997 1.0000000000000000
-21711.182519828795 1.0000000000000000
273595.39782469178 1.0000000000000000
61716.195753437918 1.0000000000000000
-152050.94375767454 1.0000000000000000
339031.04558694438 1.0000000000000000
75744.556815929085 1.0000000000000000
85231.286749295934 1.0000000000000000
-162626.90653546184 1.0000000000000000
104714.32321670823 1.0000000000000000
265000.19541402184 1.0000000000000000
-175604.96875106334 1.0000000000000000
217122.62966802073 1.0000000000000000
-227846.33603729890 1.0000000000000000
-174839.37110300243 1.0000000000000000
-18409.678645073505 1.0000000000000000
16112.974827314089 1.0000000000000000
-43659.225256172926 1.0000000000000000
-117972.12983100915 1.0000000000000000
-17263.043284197367 1.0000000000000000
-45471.028689418505 1.0000000000000000
-360735.86655268137 1.0000000000000000
-87955.862322672619 1.0000000000000000
-210147.22443181259 1.0000000000000000
-93842.635490026150 1.0000000000000000
122249.83205660652 1.0000000000000000
-7489.9005864130495 1.0000000000000000
74059.352872141724 1.0000000000000000
-36834.761506278155 1.0000000000000000
190493.96492204547 1.0000000000000000
-156860.26545540500 1.0000000000000000
-364557.76904446445 1.0000000000000000
331998.75250773900 1.0000000000000000
-79796.375938015524 1.0000000000000000
-13393.427765776019 1.0000000000000000
-108746.63207546329 1.0000000000000000
-50878.856984279722 1.0000000000000000
-161136.45838029441 1.0000000000000000
-34845.822463784483 1.0000000000000000
-208622.81025837816 1.0000000000000000
6476.7981150577143 1.0000000000000000
-71809.839932354691 1.0000000000000000
-110074.24385563257 1.0000000000000000
-100977.97212055812 1.0000000000000000
-26325.211452313972 1.0000000000000000
-74862.646166062055 1.0000000000000000
36500.065499544064 1.0000000000000000
-50455.631217068702 1.0000000000000000
-2602.9094654567866 1.0000000000000000
86576.926264330017 1.0000000000000000
-139613.51767209728 1.0000000000000000
-23490.809863641600 1.0000000000000000
153181.78246139421 1.0000000000000000
150117.42865659029 1.0000000000000000
-72019.660901511626 1.0000000000000000
7208.0799728760730 1.0000000000000000
485215.98774716537 1.0000000000000000
39269.282818566120 1.0000000000000000
165217.30113016360 1.0000000000000000
-244680.85568123480 1.0000000000000000
214659.51007505829 1.0000000000000000
-61409.560534927194 1.0000000000000000
8895.6604323592474 1.0000000000000000
-81701.042915275582 1.0000000000000000
177643.02266936039 1.0000000000000000
18275.696478277932 1.0000000000000000
-14493.192382499188 1.0000000000000000
117041.35525103712 1.0000000000000000
226744.84042910801 1.0000000000000000
109444.67952249484 1.0000000000000000
72738.447622151405 1.0000000000000000
