-14805.352120023907 1.0000000000000000
27289.367347494870 1.0000000000000000
95789.454687756734 1.0000000000000000
25312.357924164695 1.0000000000000000
17558.141580838372 1.0000000000000000
46216.581008453279 1.0000000000000000
4748.0784914138694 1.0000000000000000
68160.809304576556 1.0000000000000000
-15373.132967060903 1.0000000000000000
3543.9880148501693 1.0000000000000000
-11466.323577172587 1.0000000000000000
-29201.465817848635 1.0000000000000000
13711.279357476815 1.0000000000000000
1612.6077616555028 1.0000000000000000
7652.9183266592036 1.0000000000000000
60914.410427271985 1.0000000000000000
-11584.055588459676 1.0000000000000000
2171.4575345446601 1.0000000000000000
65442.841738866940 1.0000000000000000
11347.823150792527 1.0000000000000000
-27438.352518314092 1.0000000000000000
-5694.8378534617405 1.0000000000000000
62153.477502676040 1.0000000000000000
-3772.4028561700957 1.0000000000000000
21001.480609498671 1.0000000000000000
27577.376948658442 1.0000000000000000
7213.2460805159790 1.0000000000000000
15559.676250079965 1.0000000000000000
4672.7778377866489 1.0000000000000000
-3064.3374110900554 1.0000000000000000
210.30718255766720 1.0000000000000000
-2036.6614673505967 1.0000000000000000
-2805.2552879098748 1.0000000000000000
1145.4816070838519 1.0000000000000000
-54944.530247447881 1.0000000000000000
-40323.437295469608 1.0000000000000000
12963.950020041808 1.0000000000000000
-51242.234503552740 1.0000000000000000
106938.44748745537 1.0000000000000000
-3138.9168358977759 1.0000000000000000
11247.939688524004 1.0000000000000000
724.01010885996243 1.0000000000000000
-4912.5070196529714 1.0000000000000000
33870.421320189736 1.0000000000000000
-10052.785589050789 1.0000000000000000
59159.848402428666 1.0000000000000000
-6378.8764819011913 1.0000000000000000
5712.4749029144759 1.0000000000000000
-23525.295695401135 1.0000000000000000
6832.6566332402626 1.0000000000000000
1976.4394769029007 1.0000000000000000
-6365.6145118871700 1.0000000000000000
7160.8619217221158 1.0000000000000000
2916.2078235047948 1.0000000000000000
52.769096132343982 1.0000000000000000
-42602.054536136508 1.0000000000000000
-531.30349065357007 1.0000000000000000
204.49006684518815 1.0000000000000000
-3233.3330610360331 1.0000000000000000
19142.297412766253 1.0000000000000000
-10641.226199378769 1.0000000000000000
152426.34320902926 1.0000000000000000
1468.7676720254337 1.0000000000000000
4574.7011290985611 1.0000000000000000
3718.7034381694193 1.0000000000000000
-5240.6846414306256 1.0000000000000000
-63562.493118283674 1.0000000000000000
4566.5393321678403 1.0000000000000000
40636.560249676593 1.0000000000000000
-1539.5746660933557 1.0000000000000000
3207.8416924252415 1.0000000000000000
-433200.55084057798 1.0000000000000000
-35895.766390017889 1.0000000000000000
-32674.756628832311 1.0000000000000000
-81943.677438077561 1.0000000000000000
-217441.09427625799 1.0000000000000000
-379848.13047410821 1.0000000000000000
-42449.036779158887 1.0000000000000000
40627.263998119357 1.0000000000000000
-426.44445619703924 1.0000000000000000
19493.590649722872 1.0000000000000000
-175982.83122992489 1.0000000000000000
-7703.8865987142026 1.0000000000000000
4211.6159784447455 1.0000000000000000
63995.781228584208 1.0000000000000000
-15737.147099148078 1.0000000000000000
-259588.43018599311 1.0000000000000000
32153.580682964839 1.0000000000000000
-39559.719675995679 1.0000000000000000
-102709.53993939127 1.0000000000000000
-15883.921585833748 1.0000000000000000
-9932.4327564333325 1.0000000000000000
46975.044356208557 1.0000000000000000
-26244.806104300555 1.0000000000000000
-21083.388808970667 1.0000000000000000
734.56543967963944 1.0000000000000000
-262.58663023454108 1.0000000000000000
31175.872814312141 1.0000000000000000
13687.576842428341 1.0000000000000000
8898.8233890333959 1.0000000000000000
2070.6331421127911 1.0000000000000000
-22701.489807435464 1.0000000000000000
11394.011879575157 1.0000000000000000
-19018.164988844343 1.0000000000000000
7162.6057194959012 1.0000000000000000
21314.516205611326 1.0000000000000000
833.21453609271771 1.0000000000000000
-344.55734531155196 1.0000000000000000
8231.2306306620649 1.0000000000000000
-104301.02279362011 1.0000000000000000
8183.9750477521711 1.0000000000000000
1724.9364569930706 1.0000000000000000
1151.0096347510116 1.0000000000000000
46.974466125903064 1.0000000000000000
1124.5646339050695 1.0000000000000000
-586.94377220788033 1.0000000000000000
-1098.5770333560829 1.0000000000000000
-16053.106981188605 1.0000000000000000
52422.257146606738 1.0000000000000000
63385.194455187055 1.0000000000000000
141950.12240371748 1.0000000000000000
-65090.172599511694 1.0000000000000000
11849.103224396275 1.0000000000000000
-9679.9459556402962 1.0000000000000000
-24819.559974938969 1.0000000000000000
-38513.026926688151 1.0000000000000000
91566.796894856161 1.0000000000000000
7370.1762289860271 1.0000000000000000
-130064.99593437379 1.0000000000000000
-7378.6274384871094 1.0000000000000000
51527.275870873062 1.0000000000000000
20923.324708610908 1.0000000000000000
32310.788024829504 1.0000000000000000
48180.109274195958 1.0000000000000000
5252.3716594006910 1.0000000000000000
6502.5255837919158 1.0000000000000000
-11173.785320677363 1.0000000000000000
-3983.0279138265846 1.0000000000000000
-16950.590830829853 1.0000000000000000
77040.311639583902 1.0000000000000000
-26958.150718389748 1.0000000000000000
-1367.9182997892758 1.0000000000000000
13448.068900322103 1.0000000000000000
-34500.912103263552 1.0000000000000000
-60136.683560348203 1.0000000000000000
-23891.261200147550 1.0000000000000000
43058.667015587933 1.0000000000000000
-23146.467162290122 1.0000000000000000
14886.122497878481 1.0000000000000000
30143.960254502352 1.0000000000000000
1073.6423269704537 1.0000000000000000
-11213.394636623165 1.0000000000000000
454.25250635682869 1.0000000000000000
-993.26714202554786 1.0000000000000000
11841.477629200408 1.0000000000000000
18771.252698900575 1.0000000000000000
365.80768792696148 1.0000000000000000
62759.187477578096 1.0000000000000000
18116.020715214778 1.0000000000000000
-9106.4564082608176 1.0000000000000000
-48561.804079249872 1.0000000000000000
-202014.37927769558 1.0000000000000000
-55834.682055914112 1.0000000000000000
73382.181999725566 1.0000000000000000
17196.262065250790 1.0000000000000000
-44261.876506739791 1.0000000000000000
55175.551346639346 1.0000000000000000
1255.3002862430185 1.0000000000000000
1384.1425194548044 1.0000000000000000
28326.548308235506 1.0000000000000000
72894.876920289971 1.0000000000000000
-6971.4988533193073 1.0000000000000000
-21237.248369575340 1.0000000000000000
10919.564246567770 1.0000000000000000
16053.949946456232 1.0000000000000000
-7690.8609770828898 1.0000000000000000
17152.409508625828 1.0000000000000000
-73697.167047080278 1.0000000000000000
-6520.4800205242609 1.0000000000000000
-80084.286710365152 1.0000000000000000
17107.996372130750 1.0000000000000000
-12607.657525561106 1.0000000000000000
18191.316786835847 1.0000000000000000
11539.568465131126 1.0000000000000000
21714.177962895810 1.0000000000000000
-7733.5221062893306 1.0000000000000000
24576.173981587657 1.0000000000000000
103648.60219583035 1.0000000000000000
-1365.8704516741232 1.0000000000000000
-235.78338838250514 1.0000000000000000
-245648.68590762682 1.0000000000000000
103278.29089242358 1.0000000000000000
-404.79737885233811 1.0000000000000000
5221.2762321552455 1.0000000000000000
-1626.0507606040003 1.0000000000000000
17006.954858147070 1.0000000000000000
17467.839894881225 1.0000000000000000
29952.820282034820 1.0000000000000000
-21336.008879501118 1.0000000000000000
12741.391226517473 1.0000000000000000
46202.793115721361 1.0000000000000000
397.88046376214004 1.0000000000000000
-374.92819986886195 1.0000000000000000
32132.344358652306 1.0000000000000000
19040.412695560317 1.0000000000000000
-7832.1916329126434 1.0000000000000000
30596.411351560859 1.0000000000000000
27081.557902607969 1.0000000000000000
-34319.102046780150 1.0000000000000000
-6032.4149584659463 1.0000000000000000
2014.2085895383973 1.0000000000000000
-37083.707849355473 1.0000000000000000
6998.8750750111794 1.0000000000000000
-9308.2481388375327 1.0000000000000000
-30753.044990495018 1.0000000000000000
-9618.2174687575753 1.0000000000000000
159754.40233730644 1.0000000000000000
31249.041048835759 1.0000000000000000
2281.8654150465172 1.0000000000000000
-29546.539277705659 1.0000000000000000
60497.961787151398 1.0000000000000000
-45604.465598050134 1.0000000000000000
-7904.1258695283868 1.0000000000000000
-13.976335136573550 1.0000000000000000
-8708.4879925256701 1.0000000000000000
19378.100427893394 1.0000000000000000
-6633.4598727619596 1.0000000000000000
-29267.309494502741 1.0000000000000000
-7146.0406544188518 1.0000000000000000
53761.237430123307 1.0000000000000000
-349614.15410299442 1.0000000000000000
12539.755910341390 1.0000000000000000
41712.054973391321 1.0000000000000000
-71402.165875666091 1.0000000000000000
880.70826226732731 1.0000000000000000
-66521.257775690989 1.0000000000000000
-62490.913613515630 1.0000000000000000
22265.068802983435 1.0000000000000000
31725.345924636204 1.0000000000000000
26175.717280343648 1.0000000000000000
-7871.3380746245448 1.0000000000000000
-5534.0186367630013 1.0000000000000000
1463.7337615692668 1.0000000000000000
-51777.444628476769 1.0000000000000000
42437.659905795786 1.0000000000000000
1493.5756378765534 1.0000000000000000
15902.769330449019 1.0000000000000000
7157.5043929874282 1.0000000000000000
9084.3983254540290 1.0000000000000000
-1564.2371541708560 1.0000000000000000
-2360.5473850191388 1.0000000000000000
-25421.082956285678 1.0000000000000000
6328.8294915381930 1.0000000000000000
-16481.926083900144 1.0000000000000000
24325.526267398483 1.0000000000000000
5317.2331448860159 1.0000000000000000
-41191.694105661198 1.0000000000000000
-3756.4646550117955 1.0000000000000000
-30279.391446323989 1.0000000000000000
-22338.961536477113 1.0000000000000000
-16481.003534873300 1.0000000000000000
59426.164008982378 1.0000000000000000
37743.051458181566 1.0000000000000000
-48584.348166225689 1.0000000000000000
8867.9845726454823 1.0000000000000000
6680.6282145169525 1.0000000000000000
69552.878545149506 1.0000000000000000
-28856.150724470906 1.0000000000000000
23583.208511147004 1.0000000000000000
-11262.086411396282 1.0000000000000000
-17220.640784815405 1.0000000000000000
-44711.619888307127 1.0000000000000000
-4803.8533454801618 1.0000000000000000
1770.6497577673022 1.0000000000000000
656.66574347623487 1.0000000000000000
276.71822930146976 1.0000000000000000
-1700.9658454656351 1.0000000000000000
7999.4666963620375 1.0000000000000000
42195.191409947773 1.0000000000000000
-21650.769679649875 1.0000000000000000
56486.466169965461 1.0000000000000000
-5120.2052151174503 1.0000000000000000
3508.9035462563838 1.0000000000000000
-10578.620345414520 1.0000000000000000
11094.033377155052 1.0000000000000000
64563.089390617679 1.0000000000000000
121952.37508055319 1.0000000000000000
-17076.544087340670 1.0000000000000000
30330.166820606632 1.0000000000000000
56383.868718990976 1.0000000000000000
16529.260622746497 1.0000000000000000
55973.364587347118 1.0000000000000000
-5917.4869775724028 1.0000000000000000
-65599.043790938245 1.0000000000000000
-41564.338804811741 1.0000000000000000
85208.744109299005 1.0000000000000000
30170.240243327327 1.0000000000000000
6987.2491744926565 1.0000000000000000
-1345.6524487241536 1.0000000000000000
15772.130192621491 1.0000000000000000
-6060.0795839904004 1.0000000000000000
22202.858917104637 1.0000000000000000
8326.4780528781394 1.0000000000000000
-26666.419804551297 1.0000000000000000
-18229.158058392335 1.0000000000000000
-14750.631027571399 1.0000000000000000
-7559.6761355152767 1.0000000000000000
27492.073203049822 1.0000000000000000
-6708.2960835055510 1.0000000000000000
-4494.8748472744683 1.0000000000000000
613.99075133769497 1.0000000000000000
-16805.619901949402 1.0000000000000000
-8853.3303812672220 1.0000000000000000
275204.08879508974 1.0000000000000000
2920.7600178535963 1.0000000000000000
-771.02176526469304 1.0000000000000000
-96626.068667254483 1.0000000000000000
33863.891570180072 1.0000000000000000
-18864.527604907496 1.0000000000000000
86226.816635179406 1.0000000000000000
-3940.0129146865179 1.0000000000000000
72.623143167238453 1.0000000000000000
7236.6016322732685 1.0000000000000000
-3297.4766076703791 1.0000000000000000
-37628.803831396603 1.0000000000000000
-12375.241654828564 1.0000000000000000
20560.825374728673 1.0000000000000000
-31439.345264006610 1.0000000000000000
-41846.314821921027 1.0000000000000000
-708.88204746846156 1.0000000000000000
-8145.3723970395031 1.0000000000000000
-7501.6496791499294 1.0000000000000000
15446.615730221545 1.0000000000000000
-18538.666010688237 1.0000000000000000
9512.2302842915688 1.0000000000000000
-16580.128745730657 1.0000000000000000
-68691.642155309848 1.0000000000000000
60105.812836618352 1.0000000000000000
-53574.841846554744 1.0000000000000000
-11520.896362253481 1.0000000000000000
-10585.617789798855 1.0000000000000000
11560.244832140223 1.0000000000000000
21810.455487052295 1.0000000000000000
-26383.142662159080 1.0000000000000000
-4002.3731421630273 1.0000000000000000
-61623.070879821214 1.0000000000000000
30780.452449909433 1.0000000000000000
41.066808887134421 1.0000000000000000
9909.1411557007268 1.0000000000000000
-20563.441955166374 1.0000000000000000
-47180.220401782513 1.0000000000000000
-77690.490523714310 1.0000000000000000
13784.695716111220 1.0000000000000000
-8611.0931301768778 1.0000000000000000
-18265.546274938624 1.0000000000000000
58714.384137687892 1.0000000000000000
-5619.3188176314397 1.0000000000000000
-24083.734319790747 1.0000000000000000
5037.3344485105954 1.0000000000000000
-410.86420881196580 1.0000000000000000
7398.7430661839680 1.0000000000000000
-236306.65925073990 1.0000000000000000
-91271.348958451752 1.0000000000000000
36067.752590733471 1.0000000000000000
-76868.684330453951 1.0000000000000000
7201.3063174524004 1.0000000000000000
886.94994728109623 1.0000000000000000
-52771.324548035613 1.0000000000000000
46750.920676767601 1.0000000000000000
-61062.129504667952 1.0000000000000000
26751.265352553477 1.0000000000000000
-168515.54999590651 1.0000000000000000
-135792.25207773416 1.0000000000000000
-24148.452159947221 1.0000000000000000
32064.832546070807 1.0000000000000000
-18705.795399933308 1.0000000000000000
6638.1103810150380 1.0000000000000000
40273.103558386843 1.0000000000000000
-4247.2127125108564 1.0000000000000000
-2301.4476882715367 1.0000000000000000
156972.07859882692 1.0000000000000000
19510.079526866375 1.0000000000000000
20329.002556243784 1.0000000000000000
12476.233106349231 1.0000000000000000
-46152.119771992737 1.0000000000000000
-94305.679981578491 1.0000000000000000
-27382.947884600198 1.0000000000000000
11115.749447948776 1.0000000000000000
-3944.8352548506505 1.0000000000000000
3052.3759005188513 1.0000000000000000
1748.0940109650189 1.0000000000000000
113240.14345293377 1.0000000000000000
-1541.2055463640777 1.0000000000000000
-102067.71898931533 1.0000000000000000
30828.549553640853 1.0000000000000000
11369.018761122159 1.0000000000000000
4110.9768047246343 1.0000000000000000
-24318.144696330299 1.0000000000000000
6975.6120278441422 1.0000000000000000
14658.888759748044 1.0000000000000000
-4580.8710948412436 1.0000000000000000
43422.123969386943 1.0000000000000000
13912.419513491726 1.0000000000000000
1138.9682214707982 1.0000000000000000
-101862.50560650796 1.0000000000000000
75356.278317553282 1.0000000000000000
75274.465064157150 1.0000000000000000
-155905.26000850860 1.0000000000000000
-7684.8017575807589 1.0000000000000000
-5194.5312381556832 1.0000000000000000
34608.838917504196 1.0000000000000000
43582.348086753271 1.0000000000000000
25381.213684081755 1.0000000000000000
59271.786790803002 1.0000000000000000
-27461.343764403391 1.0000000000000000
685510.10416806594 1.0000000000000000
753.13128889541838 1.0000000000000000
-1979.2451528457436 1.0000000000000000
981.70058414800519 1.0000000000000000
-2262.7790297760043 1.0000000000000000
-6.9322122121939564 1.0000000000000000
33827.784086148007 1.0000000000000000
-39268.943543922287 1.0000000000000000
11678.719707202139 1.0000000000000000
-15802.405022835828 1.0000000000000000
7084.6184259173488 1.0000000000000000
531707.80816375592 1.0000000000000000
-15669.265237122219 1.0000000000000000
1346.1687946539050 1.0000000000000000
2655.8232407162800 1.0000000000000000
133859.89382547763 1.0000000000000000
6343.3102008627984 1.0000000000000000
4498.5750815052434 1.0000000000000000
-24845.753994418810 1.0000000000000000
-1586.3603612013285 1.0000000000000000
-61095.082342287576 1.0000000000000000
-626.02382295115569 1.0000000000000000
-7537.1676296980113 1.0000000000000000
-4468.2136462591552 1.0000000000000000
10066.133950746342 1.0000000000000000
209719.19215467980 1.0000000000000000
3903.4578451719303 1.0000000000000000
-23321.638625681899 1.0000000000000000
481.17125830726320 1.0000000000000000
2414.5438784162998 1.0000000000000000
-17564.774753205340 1.0000000000000000
-43288.591955742988 1.0000000000000000
-56291.903697096153 1.0000000000000000
39813.083959728530 1.0000000000000000
47802.893026888749 1.0000000000000000
-25737.750304370471 1.0000000000000000
12786.979772042492 1.0000000000000000
-6921.4395844226092 1.0000000000000000
51053.949866217845 1.0000000000000000
-201776.03471775184 1.0000000000000000
-1613.7949362094873 1.0000000000000000
-58516.284780303133 1.0000000000000000
31041.249634344706 1.0000000000000000
-2353.3513205585364 1.0000000000000000
41849.572978864111 1.0000000000000000
-53999.936601010289 1.0000000000000000
36175.489538011832 1.0000000000000000
34049.280807023766 1.0000000000000000
-54781.295204362679 1.0000000000000000
20860.432989382218 1.0000000000000000
4343.9971478856332 1.0000000000000000
-6957.3173120150877 1.0000000000000000
40997.341540182751 1.0000000000000000
-4425.2336568916662 1.0000000000000000
18658.155526905834 1.0000000000000000
-17380.940996783153 1.0000000000000000
1116.5653867931003 1.0000000000000000
-11955.774610709028 1.0000000000000000
15038.100705818209 1.0000000000000000
-28454.261965818550 1.0000000000000000
-12462.945478264881 1.0000000000000000
149288.79225760655 1.0000000000000000
-43678.897638456074 1.0000000000000000
3615.7336371793785 1.0000000000000000
5204.9278929191050 1.0000000000000000
-37012.858724344631 1.0000000000000000
-76099.615857898738 1.0000000000000000
893.36721481620157 1.0000000000000000
10782.864677339785 1.0000000000000000
330.63054414309408 1.0000000000000000
-15455.367250268599 1.0000000000000000
-5960.4146815726008 1.0000000000000000
10635.831872093318 1.0000000000000000
-18908.551704879690 1.0000000000000000
64796.628530639362 1.0000000000000000
-44196.768212991963 1.0000000000000000
103470.96370137915 1.0000000000000000
2109.3922283197785 1.0000000000000000
36256.746048602399 1.0000000000000000
22467.668723785548 1.0000000000000000
4324.9710394941885 1.0000000000000000
12041.015231934784 1.0000000000000000
43252.583218401538 1.0000000000000000
-9706.8251865661914 1.0000000000000000
-247483.40974023013 1.0000000000000000
86235.521234001964 1.0000000000000000
4.3094920262047705 1.0000000000000000
14724.781657061791 1.0000000000000000
11501.581076349496 1.0000000000000000
23972.354976255523 1.0000000000000000
-2920.1697469384812 1.0000000000000000
-2632.2987084227843 1.0000000000000000
-6451.2458423333364 1.0000000000000000
4666.7189075549450 1.0000000000000000
7224.6704236585756 1.0000000000000000
3836.3022008977714 1.0000000000000000
-4195.4530946617879 1.0000000000000000
-12511.199559872361 1.0000000000000000
-50129.219281879858 1.0000000000000000
7253.8120287933079 1.0000000000000000
-38.236567606240662 1.0000000000000000
-250041.23728846584 1.0000000000000000
-188125.38036177107 1.0000000000000000
181.86189814577213 1.0000000000000000
-4332.0523857102053 1.0000000000000000
1936.6002193608956 1.0000000000000000
148618.36963519568 1.0000000000000000
1076.4516563590917 1.0000000000000000
-9622.9888238961266 1.0000000000000000
-13420.736913649569 1.0000000000000000
29961.902244675573 1.0000000000000000
-46801.070314222772 1.0000000000000000
-45314.968566829593 1.0000000000000000
141551.65376635458 1.0000000000000000
-4785.6849559950660 1.0000000000000000
20872.402203180995 1.0000000000000000
-5787.7857816689348 1.0000000000000000
92734.677672163190 1.0000000000000000
51052.101359041837 1.0000000000000000
-26104.825833303497 1.0000000000000000
-900.11039105383497 1.0000000000000000
15196.090216666749 1.0000000000000000
13815.376234012190 1.0000000000000000
11739.103284255196 1.0000000000000000
-10351.805039696739 1.0000000000000000
-12255.056749038409 1.0000000000000000
-35887.134944032296 1.0000000000000000
193044.28778981845 1.0000000000000000
-7942.8894139727372 1.0000000000000000
67424.039631957086 1.0000000000000000
-113.79678288720497 1.0000000000000000
-19444.420805626462 1.0000000000000000
-78024.870302938172 1.0000000000000000
5509.7690026478131 1.0000000000000000
-12077.935210862406 1.0000000000000000
-4241.7980189368900 1.0000000000000000
312.81853572617183 1.0000000000000000
23268.105823280330 1.0000000000000000
-22896.376157869334 1.0000000000000000
-218394.26220393836 1.0000000000000000
22701.396653246429 1.0000000000000000
-90765.608915613921 1.0000000000000000
-9212.5403852154286 1.0000000000000000
-35663.607533293172 1.0000000000000000
-5691.7976191822381 1.0000000000000000
133927.49104594425 1.0000000000000000
13239.604306303383 1.0000000000000000
720.21185564558289 1.0000000000000000
-1003.1435304565547 1.0000000000000000
5212.7063345277247 1.0000000000000000
39433.430639458056 1.0000000000000000
46250.229946598702 1.0000000000000000
9211.9769089587899 1.0000000000000000
-14742.040613992214 1.0000000000000000
-113369.07786442494 1.0000000000000000
-6473.3727564115115 1.0000000000000000
-53097.944000001087 1.0000000000000000
88291.288031898672 1.0000000000000000
35855.801298495164 1.0000000000000000
141904.53657104445 1.0000000000000000
-56061.228338798552 1.0000000000000000
56325.317767535140 1.0000000000000000
-7360.7836613592708 1.0000000000000000
5186.0441066449130 1.0000000000000000
-4649.6940452511617 1.0000000000000000
-30748.882051503468 1.0000000000000000
-6818.8722333095411 1.0000000000000000
4475.3456032735057 1.0000000000000000
-41841.422440329407 1.0000000000000000
-2730.0848982102107 1.0000000000000000
6944.4765000913821 1.0000000000000000
34558.246415749563 1.0000000000000000
15891.671899364368 1.0000000000000000
2153.8372110703795 1.0000000000000000
66938.655248704817 1.0000000000000000
121552.50676453649 1.0000000000000000
-10807.972787239338 1.0000000000000000
123033.07492893760 1.0000000000000000
-24909.320351355629 1.0000000000000000
-42096.717804297092 1.0000000000000000
43251.404074346698 1.0000000000000000
695.77110456728565 1.0000000000000000
-151824.74284315700 1.0000000000000000
19188.127761547341 1.0000000000000000
-6710.8039310426093 1.0000000000000000
-49516.255497002014 1.0000000000000000
38341.229162832424 1.0000000000000000
-18201.326926296530 1.0000000000000000
40852.815643485570 1.0000000000000000
763.10630655490297 1.0000000000000000
1021.1158777693772 1.0000000000000000
-6067.4728523255326 1.0000000000000000
188311.59724222662 1.0000000000000000
-11198.170827182657 1.0000000000000000
-23414.283014233701 1.0000000000000000
-42082.291117916175 1.0000000000000000
67385.296816814196 1.0000000000000000
-2007.4908601273835 1.0000000000000000
241879.39340010384 1.0000000000000000
22868.067154219181 1.0000000000000000
-210952.57442394926 1.0000000000000000
-7946.1851391996352 1.0000000000000000
6647.0320816609083 1.0000000000000000
24950.455383215034 1.0000000000000000
-42209.131072449018 1.0000000000000000
-16041.778701280546 1.0000000000000000
-12753.440565322766 1.0000000000000000
-7773.6699942440582 1.0000000000000000
-47065.711579898991 1.0000000000000000
-5502.5477810887905 1.0000000000000000
78117.357143063564 1.0000000000000000
16419.095265922730 1.0000000000000000
25502.693366596584 1.0000000000000000
49432.663325766000 1.0000000000000000
-24652.607795019838 1.0000000000000000
10325.502853074509 1.0000000000000000
-16906.504589429736 1.0000000000000000
7303.9301495806976 1.0000000000000000
-38032.393231355301 1.0000000000000000
-46645.598149291516 1.0000000000000000
92692.941030142480 1.0000000000000000
24152.397794406090 1.0000000000000000
-26767.073738420298 1.0000000000000000
-2007.0673507763056 1.0000000000000000
-6214.6758054478714 1.0000000000000000
-59772.948395330590 1.0000000000000000
-8121.3952479064556 1.0000000000000000
-1665.9377409924939 1.0000000000000000
13088.344048454184 1.0000000000000000
20599.045270686926 1.0000000000000000
20811.673324093965 1.0000000000000000
-65742.607226988301 1.0000000000000000
19018.397548761423 1.0000000000000000
-8510.1086790216305 1.0000000000000000
11278.057881968847 1.0000000000000000
-40155.256718215547 1.0000000000000000
-32020.408758790123 1.0000000000000000
11193.667932216880 1.0000000000000000
-4473.9217144742870 1.0000000000000000
-113433.87878771123 1.0000000000000000
22340.352396410028 1.0000000000000000
-17510.177047856574 1.0000000000000000
102446.50617634461 1.0000000000000000
27134.170187210322 1.0000000000000000
59135.605082815928 1.0000000000000000
20194.780763802570 1.0000000000000000
52727.229209158722 1.0000000000000000
-55306.303458046023 1.0000000000000000
6159.0157463160976 1.0000000000000000
71224.921692941803 1.0000000000000000
26807.484848788532 1.0000000000000000
-19551.806627956514 1.0000000000000000
-7841.0510796155349 1.0000000000000000
11677.309940247522 1.0000000000000000
-30341.057351524541 1.0000000000000000
58820.021712552007 1.0000000000000000
-418.00218659225953 1.0000000000000000
-37470.879774904999 1.0000000000000000
-11652.155201749032 1.0000000000000000
-35988.644928603084 1.0000000000000000
-21044.204425272790 1.0000000000000000
-19518.353104915182 1.0000000000000000
120015.98529314160 1.0000000000000000
9238.4282079287314 1.0000000000000000
114085.24133836385 1.0000000000000000
-71801.592484524066 1.0000000000000000
-22021.753887524312 1.0000000000000000
5985.7298525134429 1.0000000000000000
13100.114365140953 1.0000000000000000
84760.216345799752 1.0000000000000000
88406.085978809671 1.0000000000000000
630.51059053542963 1.0000000000000000
5613.5572671385435 1.0000000000000000
51463.772439783046 1.0000000000000000
-41202.511547220951 1.0000000000000000
-17434.134825121033 1.0000000000000000
9956.2054682196958 1.0000000000000000
-19932.583381472621 1.0000000000000000
-36696.112636466358 1.0000000000000000
999.79430401769378 1.0000000000000000
-404.30239327575396 1.0000000000000000
-4093.8455144616432 1.0000000000000000
-49857.219318954405 1.0000000000000000
-80916.934143969396 1.0000000000000000
48366.846603808022 1.0000000000000000
138694.18396086848 1.0000000000000000
73118.898904831105 1.0000000000000000
-5516.3096997960365 1.0000000000000000
-18990.270173062610 1.0000000000000000
-3015.9995366079165 1.0000000000000000
-10743.016758419917 1.0000000000000000
-7615.3870907933051 1.0000000000000000
16572.903367547377 1.0000000000000000
2400.1047760198667 1.0000000000000000
39633.768547010579 1.0000000000000000
27476.715735202713 1.0000000000000000
1016.2572309417446 1.0000000000000000
12557.132538176173 1.0000000000000000
-32069.157703412438 1.0000000000000000
107910.82327437591 1.0000000000000000
343432.85361886368 1.0000000000000000
-6862.6612963574908 1.0000000000000000
-63846.738121449940 1.0000000000000000
-2906.7768779942216 1.0000000000000000
-45942.230988006668 1.0000000000000000
-4479.9324518282465 1.0000000000000000
13892.251398605653 1.0000000000000000
41359.892497688576 1.0000000000000000
2290.3634062152732 1.0000000000000000
-22190.376507259269 1.0000000000000000
20548.631451100806 1.0000000000000000
-42301.775829076636 1.0000000000000000
-16719.235205608922 1.0000000000000000
-52143.303265536073 1.0000000000000000
7408.1735564088522 1.0000000000000000
3730.8920057750529 1.0000000000000000
-126813.73452029034 1.0000000000000000
65119.677438481849 1.0000000000000000
-17493.489923772566 1.0000000000000000
87649.486329393796 1.0000000000000000
-101153.98113698879 1.0000000000000000
-43219.144130496308 1.0000000000000000
-14110.796123714170 1.0000000000000000
21469.958986568814 1.0000000000000000
-4605.6307662334220 1.0000000000000000
3107.9749480669461 1.0000000000000000
-41462.144725056292 1.0000000000000000
-24610.508744245017 1.0000000000000000
23754.846447546381 1.0000000000000000
-4057.2801118603538 1.0000000000000000
-27804.126192693740 1.0000000000000000
14676.218551613976 1.0000000000000000
17740.880655334484 1.0000000000000000
-151074.82579271283 1.0000000000000000
-33251.368022786111 1.0000000000000000
-63641.830457559561 1.0000000000000000
752.26686497825074 1.0000000000000000
4563.3893090697347 1.0000000000000000
3585.2266457067753 1.0000000000000000
3180.3209776209724 1.0000000000000000
217921.73528658901 1.0000000000000000
2868.6601298078294 1.0000000000000000
86570.551400755343 1.0000000000000000
-42856.841075761840 1.0000000000000000
-42230.847927017072 1.0000000000000000
10588.023681856132 1.0000000000000000
-975.46134374644430 1.0000000000000000
12467.008426340501 1.0000000000000000
9196.8125287415787 1.0000000000000000
-3774.3952122743967 1.0000000000000000
-6031.5979639123798 1.0000000000000000
73991.102183936309 1.0000000000000000
-307.32890461171166 1.0000000000000000
-30345.009215964543 1.0000000000000000
-20996.855295685295 1.0000000000000000
-5786.6292056889988 1.0000000000000000
-21460.884662030847 1.0000000000000000
24813.326551731490 1.0000000000000000
9201.9222920082229 1.0000000000000000
-14476.103589766082 1.0000000000000000
-51554.620481898797 1.0000000000000000
446.98478505228462 1.0000000000000000
56796.359241159749 1.0000000000000000
3326.0255804207641 1.0000000000000000
12076.855185754534 1.0000000000000000
-17268.095348072158 1.0000000000000000
-34462.268091508049 1.0000000000000000
-5432.7195471517562 1.0000000000000000
-11598.255850540017 1.0000000000000000
-9414.1136465560339 1.0000000000000000
-7428.9862780648746 1.0000000000000000
-1253.6651866080308 1.0000000000000000
-7000.3880970555620 1.0000000000000000
-6478.0244845365114 1.0000000000000000
537.90377108643679 1.0000000000000000
46255.148390166200 1.0000000000000000
4166.7046058356127 1.0000000000000000
29865.563212744852 1.0000000000000000
3418.3172076198553 1.0000000000000000
-111.40163989635360 1.0000000000000000
-2736.4785708106842 1.0000000000000000
20479.841327196224 1.0000000000000000
-15047.251760184508 1.0000000000000000
33757.269246777149 1.0000000000000000
-52605.000160166121 1.0000000000000000
-83563.949657418343 1.0000000000000000
-45495.723742026392 1.0000000000000000
79995.396289236713 1.0000000000000000
-84185.050795644638 1.0000000000000000
27098.759096517126 1.0000000000000000
-33648.720278237459 1.0000000000000000
-51824.042900177818 1.0000000000000000
-63814.118984148030 1.0000000000000000
-3423.4417509205346 1.0000000000000000
-26291.462128293635 1.0000000000000000
-11559.187092765223 1.0000000000000000
6104.6050612532181 1.0000000000000000
17291.154116795129 1.0000000000000000
31642.072291510725 1.0000000000000000
-3326.8017051089159 1.0000000000000000
15535.764941762700 1.0000000000000000
1893.9826604503930 1.0000000000000000
-342.18583855198125 1.0000000000000000
-16119.750580491793 1.0000000000000000
8659.0396059430059 1.0000000000000000
30707.350180340214 1.0000000000000000
-68907.320361150210 1.0000000000000000
-28737.079528427770 1.0000000000000000
-1817.2138159620665 1.0000000000000000
4677.5788044541250 1.0000000000000000
-16316.079387924286 1.0000000000000000
18729.357786975284 1.0000000000000000
27071.333201198380 1.0000000000000000
-23452.384675745969 1.0000000000000000
-19803.619807120140 1.0000000000000000
-57074.388889291797 1.0000000000000000
28505.358852648238 1.0000000000000000
104255.94970230795 1.0000000000000000
-60338.462632341820 1.0000000000000000
-211.23772349540386 1.0000000000000000
-967.44769874096107 1.0000000000000000
-165.41829643214137 1.0000000000000000
-912.11082922405888 1.0000000000000000
319.81833295083709 1.0000000000000000
67.530581292392625 1.0000000000000000
-7371.4218402377119 1.0000000000000000
3098.8766981126591 1.0000000000000000
-11003.576201197426 1.0000000000000000
6081.5841412552627 1.0000000000000000
-8603.5405927396332 1.0000000000000000
-93642.522754491176 1.0000000000000000
42247.507779839543 1.0000000000000000
-720.97667516150227 1.0000000000000000
-1988.6413665664825 1.0000000000000000
389.48684611134883 1.0000000000000000
491.90251976493022 1.0000000000000000
1018.1928164604591 1.0000000000000000
3584.3984729111594 1.0000000000000000
-96875.754265566822 1.0000000000000000
-60873.262454976575 1.0000000000000000
-175904.22596262526 1.0000000000000000
56718.773901126493 1.0000000000000000
15259.368284240714 1.0000000000000000
15464.399193609155 1.0000000000000000
-33474.651284616892 1.0000000000000000
-14658.153073955749 1.0000000000000000
85471.568254129117 1.0000000000000000
13520.510843596019 1.0000000000000000
36495.913812355255 1.0000000000000000
15398.889498177306 1.0000000000000000
7295.0135267897003 1.0000000000000000
-63846.735651311530 1.0000000000000000
-35847.605470391965 1.0000000000000000
22320.255573543476 1.0000000000000000
-4016.3782252806959 1.0000000000000000
3115.1854496959309 1.0000000000000000
-25618.656869858012 1.0000000000000000
-25567.901256002417 1.0000000000000000
4538.6926758849613 1.0000000000000000
-16947.898608003266 1.0000000000000000
210.80852456051184 1.0000000000000000
-20527.325219838014 1.0000000000000000
-25299.907501610200 1.0000000000000000
-16699.286929617829 1.0000000000000000
4046.4577581054796 1.0000000000000000
55820.356537795989 1.0000000000000000
20256.829697559686 1.0000000000000000
-15507.277925918077 1.0000000000000000
2569.0374549558551 1.0000000000000000
-1080.8006227403396 1.0000000000000000
5024.6418077904755 1.0000000000000000
94695.211681309753 1.0000000000000000
50544.680704658567 1.0000000000000000
-6827.4190548771139 1.0000000000000000
359.94216593858710 1.0000000000000000
59007.512634212922 1.0000000000000000
-14713.914765904377 1.0000000000000000
1102.5374522509505 1.0000000000000000
-40576.877152250912 1.0000000000000000
-54691.124529767039 1.0000000000000000
1599.1603238313335 1.0000000000000000
12036.724521665492 1.0000000000000000
483227.30060014635 1.0000000000000000
-84188.071446452639 1.0000000000000000
-70799.987253724350 1.0000000000000000
-63486.867916452182 1.0000000000000000
-32194.684285652325 1.0000000000000000
187391.71033299004 1.0000000000000000
33110.605069191384 1.0000000000000000
7865.4417369765642 1.0000000000000000
29497.736406585373 1.0000000000000000
52214.357384199473 1.0000000000000000
-47552.226569778846 1.0000000000000000
-37420.865471272024 1.0000000000000000
3462.8170573243237 1.0000000000000000
-14344.754611481576 1.0000000000000000
9055.8697253260434 1.0000000000000000
-36946.650652212804 1.0000000000000000
-5304.3695468764354 1.0000000000000000
-23259.699558878900 1.0000000000000000
6183.8526303495410 1.0000000000000000
-15506.090263608825 1.0000000000000000
-10965.239634545915 1.0000000000000000
6834.7270485040399 1.0000000000000000
11818.692582107944 1.0000000000000000
3321.7268590390863 1.0000000000000000
-1128.9402253880867 1.0000000000000000
-4999.8930189075209 1.0000000000000000
-22724.095534046086 1.0000000000000000
19988.377515144741 1.0000000000000000
-25333.109170296757 1.0000000000000000
-33907.684371425821 1.0000000000000000
-23202.025214481662 1.0000000000000000
-29462.768606448459 1.0000000000000000
-22624.973270424307 1.0000000000000000
15553.820391500865 1.0000000000000000
-24021.949588466403 1.0000000000000000
19046.634367106573 1.0000000000000000
-9830.6320600626350 1.0000000000000000
-14066.858430690667 1.0000000000000000
-811.86244670150438 1.0000000000000000
-4142.7767439948057 1.0000000000000000
-1691.1921679434834 1.0000000000000000
13647.549418317169 1.0000000000000000
3276.1264474213949 1.0000000000000000
12595.090611826730 1.0000000000000000
5723.4310648222809 1.0000000000000000
56174.390098727723 1.0000000000000000
-251535.79066973267 1.0000000000000000
5852.8134125206343 1.0000000000000000
8058.6567991070951 1.0000000000000000
-196574.49908094804 1.0000000000000000
16449.838901041945 1.0000000000000000
-28599.114186072722 1.0000000000000000
35164.721516861697 1.0000000000000000
-9103.3433319371543 1.0000000000000000
-99907.659855426071 1.0000000000000000
-3605.3737913999676 1.0000000000000000
1960.1857178950659 1.0000000000000000
21344.124834160728 1.0000000000000000
-109289.51429485384 1.0000000000000000
-32656.968036093233 1.0000000000000000
550.47079715687005 1.0000000000000000
18705.952755700084 1.0000000000000000
-29441.902559579812 1.0000000000000000
-15522.452239465492 1.0000000000000000
54.112368724417628 1.0000000000000000
400.87238696783436 1.0000000000000000
-87948.189429026286 1.0000000000000000
-38768.270294884336 1.0000000000000000
11802.581613886412 1.0000000000000000
-7924.1526443690736 1.0000000000000000
13585.732917968009 1.0000000000000000
4383.2183175960236 1.0000000000000000
-13375.502730270471 1.0000000000000000
-3383.4099908156704 1.0000000000000000
2775.1382082296432 1.0000000000000000
-11305.095951401565 1.0000000000000000
-136419.24813661064 1.0000000000000000
-9874.0349982189455 1.0000000000000000
20377.393039895651 1.0000000000000000
-2485.6574599016858 1.0000000000000000
-68595.264582065865 1.0000000000000000
-22745.359176919465 1.0000000000000000
-10400.517875776886 1.0000000000000000
713.03045919385931 1.0000000000000000
-3362.3055398563092 1.0000000000000000
-15946.643161191603 1.0000000000000000
-1499.8853564240940 1.0000000000000000
195938.15935844107 1.0000000000000000
-12097.690772898168 1.0000000000000000
16915.260074503112 1.0000000000000000
-6371.2455954855868 1.0000000000000000
-62929.877878238389 1.0000000000000000
38770.541246614710 1.0000000000000000
-6822.9209477887016 1.0000000000000000
2481.5658012027120 1.0000000000000000
-17998.599064613958 1.0000000000000000
1330.9127811986839 1.0000000000000000
-6268.4458242101864 1.0000000000000000
117361.40583076929 1.0000000000000000
52428.300337709858 1.0000000000000000
91462.386613400551 1.0000000000000000
23574.981689892669 1.0000000000000000
19790.333293508935 1.0000000000000000
