-40644.866711808354 1.0000000000000000
-13483.896542749631 1.0000000000000000
-24960.779504992890 1.0000000000000000
-25290.776069487012 1.0000000000000000
37390.187660716358 1.0000000000000000
3270.3990678365121 1.0000000000000000
-65751.391227258049 1.0000000000000000
-26026.094429655852 1.0000000000000000
46096.448876843220 1.0000000000000000
-20615.232184775719 1.0000000000000000
6635.5321241093952 1.0000000000000000
18755.091936494173 1.0000000000000000
24422.399644867019 1.0000000000000000
70900.141623566131 1.0000000000000000
-7208.0588546721610 1.0000000000000000
16058.873535274906 1.0000000000000000
68019.117943268910 1.0000000000000000
-1709.1687957866461 1.0000000000000000
50938.503577596384 1.0000000000000000
-8581.2201668908274 1.0000000000000000
14573.253932538832 1.0000000000000000
31803.974996241814 1.0000000000000000
-9185.6302965388586 1.0000000000000000
15832.132128804989 1.0000000000000000
20919.749454687419 1.0000000000000000
-4059.5886085956231 1.0000000000000000
-4997.8482762303938 1.0000000000000000
-12111.258775120281 1.0000000000000000
-8108.0764707385724 1.0000000000000000
196530.41809734085 1.0000000000000000
-70626.007554724652 1.0000000000000000
-17434.905869644183 1.0000000000000000
10500.505694785998 1.0000000000000000
40255.741804493700 1.0000000000000000
-19365.516387349158 1.0000000000000000
7141.1882265490613 1.0000000000000000
-2442.1205136847279 1.0000000000000000
-168783.00793112590 1.0000000000000000
29294.270047491853 1.0000000000000000
515.76120513542298 1.0000000000000000
252.02746846752498 1.0000000000000000
-814.73254449119690 1.0000000000000000
8521.9452960124381 1.0000000000000000
249791.69746136203 1.0000000000000000
-111165.12063536530 1.0000000000000000
896.70917217329713 1.0000000000000000
-6088.6805286786530 1.0000000000000000
-80239.504004667557 1.0000000000000000
35556.406235028313 1.0000000000000000
-17232.432303623045 1.0000000000000000
-152177.59272428151 1.0000000000000000
43094.896107807428 1.0000000000000000
7853.0975370005890 1.0000000000000000
-84847.970194757276 1.0000000000000000
65417.441896253600 1.0000000000000000
37885.333267972950 1.0000000000000000
75112.063574906948 1.0000000000000000
14050.466086184108 1.0000000000000000
582.51261813929648 1.0000000000000000
-2515.8050414066092 1.0000000000000000
18468.461210960832 1.0000000000000000
-77695.662309407679 1.0000000000000000
11625.878252879133 1.0000000000000000
-32076.654755781408 1.0000000000000000
-21162.546638842428 1.0000000000000000
-5284.4399575756524 1.0000000000000000
-31112.318436470665 1.0000000000000000
6273.7015536015897 1.0000000000000000
-314096.63249760686 1.0000000000000000
-18628.541934734931 1.0000000000000000
28569.904209295728 1.0000000000000000
-9580.7512226685503 1.0000000000000000
-9638.0615616872401 1.0000000000000000
61297.104915785741 1.0000000000000000
33857.937426788820 1.0000000000000000
6361.7576371678852 1.0000000000000000
-91133.672056362630 1.0000000000000000
-3734.4314039731444 1.0000000000000000
-2447.1316265727023 1.0000000000000000
-24729.943160376464 1.0000000000000000
3556.0911777360216 1.0000000000000000
-43385.440358308006 1.0000000000000000
2936.7467507477481 1.0000000000000000
6418.5979227154439 1.0000000000000000
-3746.4721378732752 1.0000000000000000
2762.3322957244250 1.0000000000000000
79930.777870830672 1.0000000000000000
16055.086869600025 1.0000000000000000
-114065.14600070975 1.0000000000000000
69650.844199000101 1.0000000000000000
-172252.33135700144 1.0000000000000000
81103.508838813286 1.0000000000000000
-49098.097732912087 1.0000000000000000
36381.909288921546 1.0000000000000000
59964.661090942893 1.0000000000000000
-30083.300726694084 1.0000000000000000
7085.4427309946786 1.0000000000000000
394.28918270927687 1.0000000000000000
58877.955732493559 1.0000000000000000
-40898.656196854587 1.0000000000000000
74004.241253623521 1.0000000000000000
-230784.00012518812 1.0000000000000000
-772.67018624908519 1.0000000000000000
7625.6147755505699 1.0000000000000000
-1342.1160039391530 1.0000000000000000
9783.5803030773459 1.0000000000000000
-10445.214711195435 1.0000000000000000
-125873.83086537207 1.0000000000000000
75881.341279625180 1.0000000000000000
3885.4929972363757 1.0000000000000000
1989.8819645414478 1.0000000000000000
-145634.52999501594 1.0000000000000000
-90.581030795927305 1.0000000000000000
-64951.109403769806 1.0000000000000000
158.54462830625096 1.0000000000000000
-30512.801076839816 1.0000000000000000
6475.8297151313736 1.0000000000000000
74697.605482161525 1.0000000000000000
-1577.4195226769089 1.0000000000000000
81348.233877607039 1.0000000000000000
-2304.5867689443921 1.0000000000000000
7244.6974997900143 1.0000000000000000
1107200.0235896199 1.0000000000000000
13793.831658758263 1.0000000000000000
-79305.836270212065 1.0000000000000000
23500.267660911810 1.0000000000000000
14959.927618806896 1.0000000000000000
7658.0873674473651 1.0000000000000000
40185.387351148238 1.0000000000000000
-25659.164524813783 1.0000000000000000
-24283.497382339883 1.0000000000000000
7060.4880265078500 1.0000000000000000
6077.1997277147666 1.0000000000000000
-15414.705792293105 1.0000000000000000
-1080.3015574782175 1.0000000000000000
11646.582679094845 1.0000000000000000
30778.592321112246 1.0000000000000000
12024.307084489150 1.0000000000000000
19874.585893583167 1.0000000000000000
13253.580524308558 1.0000000000000000
-192279.41750514746 1.0000000000000000
54308.495724761240 1.0000000000000000
15528.380106254413 1.0000000000000000
985.97130396345085 1.0000000000000000
6842.2991068848005 1.0000000000000000
15692.583616296773 1.0000000000000000
13428.203786878583 1.0000000000000000
12705.801538875128 1.0000000000000000
10302.415906841765 1.0000000000000000
-46033.906480984617 1.0000000000000000
51217.656719988947 1.0000000000000000
-149474.25328334619 1.0000000000000000
15419.469750323862 1.0000000000000000
40525.069622841685 1.0000000000000000
66730.951442173609 1.0000000000000000
8812.8104358023975 1.0000000000000000
2480.4594013518208 1.0000000000000000
24912.531596255594 1.0000000000000000
2632.8712274588192 1.0000000000000000
1591.4970655178115 1.0000000000000000
-12285.917531473011 1.0000000000000000
5328.1602042748391 1.0000000000000000
9561.4038443354530 1.0000000000000000
29114.284053979216 1.0000000000000000
-40.748835127325620 1.0000000000000000
466645.96320499200 1.0000000000000000
-18655.165240139777 1.0000000000000000
15519.765057024702 1.0000000000000000
-2802.8269941594349 1.0000000000000000
81014.822295686201 1.0000000000000000
-3819.7295336723582 1.0000000000000000
26194.763381169367 1.0000000000000000
-24200.033611163595 1.0000000000000000
-37503.763735709326 1.0000000000000000
-9473.1775662803884 1.0000000000000000
-257.86641356307643 1.0000000000000000
-87669.602460607552 1.0000000000000000
2178.0842169907933 1.0000000000000000
-236.50525315444096 1.0000000000000000
4676.6735263817136 1.0000000000000000
14029.814613624632 1.0000000000000000
-18232.492817549592 1.0000000000000000
776.69465074983839 1.0000000000000000
-8911.7314117245951 1.0000000000000000
-734.64540769922985 1.0000000000000000
-30294.052466721463 1.0000000000000000
43329.104052675633 1.0000000000000000
-45656.150110015165 1.0000000000000000
-16983.171621789177 1.0000000000000000
27.720312215093184 1.0000000000000000
19188.132376640653 1.0000000000000000
2075.6338142000363 1.0000000000000000
-33512.383136841425 1.0000000000000000
-13753.459145040622 1.0000000000000000
-23226.511155235075 1.0000000000000000
61707.770725243332 1.0000000000000000
43323.179212113893 1.0000000000000000
22003.809244669203 1.0000000000000000
-63891.359734404679 1.0000000000000000
15303.245092668963 1.0000000000000000
277423.79242642346 1.0000000000000000
6724.3401233246941 1.0000000000000000
-20752.620487625729 1.0000000000000000
-4871.5100623665385 1.0000000000000000
-1537.2506952629119 1.0000000000000000
1855.6827061543013 1.0000000000000000
988.88328884001157 1.0000000000000000
-3086.6685220080403 1.0000000000000000
14231.599012778881 1.0000000000000000
-389.67667783692286 1.0000000000000000
26802.771923575692 1.0000000000000000
-13678.769069016404 1.0000000000000000
-23909.913103654297 1.0000000000000000
-100098.28837286931 1.0000000000000000
-20652.315553906912 1.0000000000000000
-59822.533252360961 1.0000000000000000
-26713.219870490411 1.0000000000000000
-21748.359206385794 1.0000000000000000
12317.370164845166 1.0000000000000000
-169958.58920002595 1.0000000000000000
-3018.7042956751584 1.0000000000000000
-76665.573315420261 1.0000000000000000
31514.064438686091 1.0000000000000000
615.95804147536330 1.0000000000000000
622.24269923276961 1.0000000000000000
81020.680704594342 1.0000000000000000
27830.103045737436 1.0000000000000000
3086.1267701868978 1.0000000000000000
-1714.3564964402844 1.0000000000000000
-26219.592417814092 1.0000000000000000
-98146.490936130140 1.0000000000000000
18097.743767148153 1.0000000000000000
-19467.076726435575 1.0000000000000000
-86723.293622998812 1.0000000000000000
-118787.53916714297 1.0000000000000000
214.06320544615650 1.0000000000000000
44104.847713178096 1.0000000000000000
-6193.8600785749641 1.0000000000000000
5458.5433211036161 1.0000000000000000
-13892.075625642665 1.0000000000000000
-2109.6689654603560 1.0000000000000000
1026.4129115903550 1.0000000000000000
846.61505489454078 1.0000000000000000
4181.7338777484047 1.0000000000000000
1660.8436785185461 1.0000000000000000
-1757.2588309832013 1.0000000000000000
-696.73890861101427 1.0000000000000000
6202.7175899674003 1.0000000000000000
-44668.858987425119 1.0000000000000000
-37497.779922199676 1.0000000000000000
30863.764568892784 1.0000000000000000
-11966.789073570644 1.0000000000000000
-10417.322585356451 1.0000000000000000
-2781.0685063381038 1.0000000000000000
43618.358392213704 1.0000000000000000
6808.9993204860448 1.0000000000000000
-3764.5299934104505 1.0000000000000000
-49529.462576477577 1.0000000000000000
1120.6844486278387 1.0000000000000000
-15609.389371445692 1.0000000000000000
8333.8971598318021 1.0000000000000000
607.39979824658121 1.0000000000000000
38217.880777714905 1.0000000000000000
72189.859969379148 1.0000000000000000
20595.195868729374 1.0000000000000000
-30508.894122162772 1.0000000000000000
-48731.808254720017 1.0000000000000000
38379.352814076985 1.0000000000000000
34081.538348645088 1.0000000000000000
-35369.123054965203 1.0000000000000000
74136.975505473369 1.0000000000000000
-9745.6960309932238 1.0000000000000000
1080.0438005152082 1.0000000000000000
3333.5700694930501 1.0000000000000000
2178.4372122705763 1.0000000000000000
-11532.602312346609 1.0000000000000000
581942.33379781328 1.0000000000000000
-47505.880036967021 1.0000000000000000
-570734.58223714610 1.0000000000000000
-20464.734048207378 1.0000000000000000
-85909.202782018110 1.0000000000000000
7494.5927174839180 1.0000000000000000
16159.721389148190 1.0000000000000000
-31852.359036923081 1.0000000000000000
-15891.287164880954 1.0000000000000000
-102996.05529573010 1.0000000000000000
-4915.1205372841960 1.0000000000000000
567.83695045992681 1.0000000000000000
64048.876587340230 1.0000000000000000
7542.6536622745834 1.0000000000000000
22171.382098146059 1.0000000000000000
3275.1725628991571 1.0000000000000000
170748.78387935311 1.0000000000000000
78873.206226566181 1.0000000000000000
222484.93960547523 1.0000000000000000
-12528.398612986874 1.0000000000000000
-21842.452815993336 1.0000000000000000
72081.605034604407 1.0000000000000000
12635.805194223778 1.0000000000000000
-19652.485111184702 1.0000000000000000
-92754.087984030324 1.0000000000000000
29680.400731155492 1.0000000000000000
39193.542196461982 1.0000000000000000
-1384.3597245165940 1.0000000000000000
-5119.9726624794848 1.0000000000000000
-96896.411413417896 1.0000000000000000
-615.10729890609093 1.0000000000000000
11085.651207086959 1.0000000000000000
20508.569269642565 1.0000000000000000
38750.667275919404 1.0000000000000000
6615.1176257281122 1.0000000000000000
22130.718929974191 1.0000000000000000
864.77413316690320 1.0000000000000000
19023.018936213968 1.0000000000000000
-3056.3747083792364 1.0000000000000000
8909.1209182632447 1.0000000000000000
7631.8144666111266 1.0000000000000000
-21325.732351866507 1.0000000000000000
-4503.8840125548095 1.0000000000000000
750.53658627870755 1.0000000000000000
-40292.768209127258 1.0000000000000000
15534.930338029471 1.0000000000000000
-2860.0837786492716 1.0000000000000000
-83632.651372927037 1.0000000000000000
59094.110324310714 1.0000000000000000
-13911.063111550549 1.0000000000000000
-41752.389762847677 1.0000000000000000
-2738.6426493711506 1.0000000000000000
-37517.738184558533 1.0000000000000000
397.92160155546026 1.0000000000000000
-38025.554181948646 1.0000000000000000
-7911.2114935722511 1.0000000000000000
6147.1765441176558 1.0000000000000000
-51539.554013754328 1.0000000000000000
-54411.159637717421 1.0000000000000000
30437.587242641388 1.0000000000000000
55317.183610354230 1.0000000000000000
-10245.218783948892 1.0000000000000000
8420.0284738228202 1.0000000000000000
8957.1981654748306 1.0000000000000000
-1989.8518426925486 1.0000000000000000
-3145.6055343931971 1.0000000000000000
-266093.61637466308 1.0000000000000000
-229820.43916327765 1.0000000000000000
-67702.187805306035 1.0000000000000000
75052.273024005801 1.0000000000000000
-12945.370204845740 1.0000000000000000
18602.192381534005 1.0000000000000000
-17400.615067977757 1.0000000000000000
26132.487473845256 1.0000000000000000
6721.1104232429534 1.0000000000000000
-26782.201416136344 1.0000000000000000
-38928.371309536487 1.0000000000000000
-38264.792623312293 1.0000000000000000
-64387.200372426996 1.0000000000000000
11098.542322708126 1.0000000000000000
-7503.9540947181449 1.0000000000000000
1596.2749764030700 1.0000000000000000
17836.822647174369 1.0000000000000000
-1897.6838610889201 1.0000000000000000
2303.1196340151728 1.0000000000000000
13075.389203125575 1.0000000000000000
-5889.6285281763612 1.0000000000000000
-12979.952993981124 1.0000000000000000
8442.6195409616666 1.0000000000000000
48132.870006309102 1.0000000000000000
12384.771779767050 1.0000000000000000
2228.6758383973470 1.0000000000000000
-113373.77969587487 1.0000000000000000
-1417.9422622868913 1.0000000000000000
10113.831929937653 1.0000000000000000
-18384.594224207682 1.0000000000000000
9994.6633722495862 1.0000000000000000
1405.5633626418478 1.0000000000000000
-8000.8072468539385 1.0000000000000000
-8201.1898093921300 1.0000000000000000
-63990.842631242187 1.0000000000000000
1545.4742997682331 1.0000000000000000
-14090.912749601808 1.0000000000000000
177.41852680200847 1.0000000000000000
17556.388379197262 1.0000000000000000
1788.9135248070761 1.0000000000000000
-40685.545287188601 1.0000000000000000
-27281.051234239538 1.0000000000000000
6958.2071104400065 1.0000000000000000
7458.7250566399625 1.0000000000000000
124712.40475890139 1.0000000000000000
102605.09722202945 1.0000000000000000
311.21070878770604 1.0000000000000000
-6315.0275599135939 1.0000000000000000
51508.874256588206 1.0000000000000000
1163.6493569696665 1.0000000000000000
217051.93922303099 1.0000000000000000
-5914.3368549885690 1.0000000000000000
-29286.484383426872 1.0000000000000000
61845.624356274348 1.0000000000000000
-8555.0007185786180 1.0000000000000000
333.70541975603811 1.0000000000000000
5990.0213252338217 1.0000000000000000
-480.14182492444257 1.0000000000000000
4529.5511308999103 1.0000000000000000
54593.982698957436 1.0000000000000000
-15465.392326877023 1.0000000000000000
113456.97988818766 1.0000000000000000
3378.7997220073739 1.0000000000000000
-68336.332555717192 1.0000000000000000
25452.743640974088 1.0000000000000000
3363.0181965382385 1.0000000000000000
38986.577190417396 1.0000000000000000
43528.049630179034 1.0000000000000000
26734.203762679910 1.0000000000000000
-3981.7873478822639 1.0000000000000000
59867.380380712515 1.0000000000000000
-22585.722532317635 1.0000000000000000
-56048.685996818043 1.0000000000000000
17823.968352774395 1.0000000000000000
52217.245492393035 1.0000000000000000
-24446.005597746207 1.0000000000000000
578.48190605889317 1.0000000000000000
-1559.7599279838525 1.0000000000000000
-707.92758310557633 1.0000000000000000
750.33848480106849 1.0000000000000000
12949.092917938979 1.0000000000000000
21721.850749790210 1.0000000000000000
9855.4535187383572 1.0000000000000000
-14255.187707015821 1.0000000000000000
-26837.882116061235 1.0000000000000000
-3110.1188662338591 1.0000000000000000
-122821.26453155342 1.0000000000000000
147772.12365374726 1.0000000000000000
40137.626177821308 1.0000000000000000
-1872.3302351715536 1.0000000000000000
-31313.981825822306 1.0000000000000000
3797.5465639971239 1.0000000000000000
5098.2957402528164 1.0000000000000000
-40419.665825535551 1.0000000000000000
135027.96244291306 1.0000000000000000
-155502.59281040306 1.0000000000000000
-93899.621075101648 1.0000000000000000
-19432.259483527239 1.0000000000000000
-33178.430052975287 1.0000000000000000
-66529.710757058958 1.0000000000000000
-5377.9550204562902 1.0000000000000000
1295.5003161414586 1.0000000000000000
-11114.417489755620 1.0000000000000000
-43973.369947583269 1.0000000000000000
12797.974149181740 1.0000000000000000
29451.480017465896 1.0000000000000000
-406090.91146554338 1.0000000000000000
-93837.434931520504 1.0000000000000000
7383.8979001144871 1.0000000000000000
-26625.855190520124 1.0000000000000000
-40494.757693896790 1.0000000000000000
-57420.036944635896 1.0000000000000000
-20761.106801183294 1.0000000000000000
32999.391908023899 1.0000000000000000
9252.2854492970255 1.0000000000000000
-34156.658262710029 1.0000000000000000
-20391.378879828073 1.0000000000000000
41932.913644506982 1.0000000000000000
328.52955249664205 1.0000000000000000
36099.696841294244 1.0000000000000000
12131.332205685456 1.0000000000000000
3740.7509504426343 1.0000000000000000
-16059.277773147709 1.0000000000000000
5071.7274195960281 1.0000000000000000
12960.030509850525 1.0000000000000000
-861.15902652103898 1.0000000000000000
4130.0375191509947 1.0000000000000000
3870.9339825917182 1.0000000000000000
35032.115705977136 1.0000000000000000
-12394.714323612985 1.0000000000000000
596.08682884721452 1.0000000000000000
-12921.099711493645 1.0000000000000000
1402.1879348626571 1.0000000000000000
-2763.3336943718273 1.0000000000000000
1225.5206138297649 1.0000000000000000
8375.8923125406091 1.0000000000000000
-1684.9716453867359 1.0000000000000000
-4482.7757176757414 1.0000000000000000
6698.9920872753510 1.0000000000000000
-6200.2080442690594 1.0000000000000000
-11620.977780860965 1.0000000000000000
-376.23232261481087 1.0000000000000000
-107323.96306894836 1.0000000000000000
-109851.42990676702 1.0000000000000000
-8030.5830930672528 1.0000000000000000
131078.22400041411 1.0000000000000000
18096.406556950846 1.0000000000000000
-47435.546831246931 1.0000000000000000
-41327.195348289541 1.0000000000000000
-8133.7582701287874 1.0000000000000000
-4753.9170958447176 1.0000000000000000
-3168.3342178997605 1.0000000000000000
56893.462295501333 1.0000000000000000
-33267.857567631589 1.0000000000000000
-8679.5737621767876 1.0000000000000000
-18158.087527275584 1.0000000000000000
81608.601788063548 1.0000000000000000
-89332.437647599145 1.0000000000000000
-16416.308902221343 1.0000000000000000
1972.1762848485494 1.0000000000000000
74701.359083686039 1.0000000000000000
-38261.470463059130 1.0000000000000000
49082.518199942046 1.0000000000000000
-59474.213017517446 1.0000000000000000
-10693.840396993324 1.0000000000000000
-1066.6908147014574 1.0000000000000000
36353.891754405035 1.0000000000000000
-9130.3807129470533 1.0000000000000000
93757.780744184129 1.0000000000000000
73665.006671774769 1.0000000000000000
73540.804492837604 1.0000000000000000
-18753.255109472364 1.0000000000000000
-18279.881220945874 1.0000000000000000
-1761.5721076361185 1.0000000000000000
3491.8793990917793 1.0000000000000000
-1056.9400717481626 1.0000000000000000
1555.3828980186656 1.0000000000000000
17711.124697472045 1.0000000000000000
-12517.081091792776 1.0000000000000000
11666.245042789891 1.0000000000000000
1516.3948662364141 1.0000000000000000
-2519.4858227925379 1.0000000000000000
-44728.467901009150 1.0000000000000000
-40047.807174634756 1.0000000000000000
-7747.8921887553770 1.0000000000000000
24742.900714047322 1.0000000000000000
-24130.394447903909 1.0000000000000000
-92443.292449297252 1.0000000000000000
2273.2303745845206 1.0000000000000000
7203.9284557961000 1.0000000000000000
2704.5300450295304 1.0000000000000000
-3843.3313319221670 1.0000000000000000
18621.232469663679 1.0000000000000000
4917.8682018065538 1.0000000000000000
30958.658002472752 1.0000000000000000
-182684.96036121919 1.0000000000000000
-49807.974773782611 1.0000000000000000
58494.709174045965 1.0000000000000000
-29122.180035484107 1.0000000000000000
-10519.445183982476 1.0000000000000000
31079.572012909382 1.0000000000000000
-53836.491267705620 1.0000000000000000
4100.6717837828846 1.0000000000000000
-9910.2595435930762 1.0000000000000000
12418.703915388774 1.0000000000000000
42511.729119634947 1.0000000000000000
6024.9289949449048 1.0000000000000000
-23410.561405351262 1.0000000000000000
135959.34475982617 1.0000000000000000
7708.1141866767266 1.0000000000000000
13411.793523920591 1.0000000000000000
37495.920270092509 1.0000000000000000
-12970.846256749799 1.0000000000000000
9800.9575979168330 1.0000000000000000
1161.0145001651290 1.0000000000000000
-78516.140285384346 1.0000000000000000
-5189.3564678553821 1.0000000000000000
-10333.476881313873 1.0000000000000000
22228.492714587705 1.0000000000000000
-148584.64565831926 1.0000000000000000
34423.510362078043 1.0000000000000000
2019.8057131964979 1.0000000000000000
-45994.567664039860 1.0000000000000000
131947.87803330642 1.0000000000000000
-3887.9919423751717 1.0000000000000000
65985.322084131098 1.0000000000000000
4690.0675318784397 1.0000000000000000
-484.41856021698953 1.0000000000000000
39698.050233855596 1.0000000000000000
-40448.156445967761 1.0000000000000000
16796.530713048363 1.0000000000000000
284927.39141837199 1.0000000000000000
-5372.4907913487541 1.0000000000000000
-8266.8604423435809 1.0000000000000000
895.41299264319866 1.0000000000000000
-11289.969742184223 1.0000000000000000
38007.423136911719 1.0000000000000000
221005.23077036551 1.0000000000000000
24739.845229207978 1.0000000000000000
143124.50722309650 1.0000000000000000
-41648.846785037655 1.0000000000000000
-48746.373176531793 1.0000000000000000
46850.393360327878 1.0000000000000000
25103.896321014239 1.0000000000000000
18071.984553705021 1.0000000000000000
-48233.385064332469 1.0000000000000000
-16848.043106810383 1.0000000000000000
-9683.4111921620970 1.0000000000000000
-11806.693179134929 1.0000000000000000
-19103.751917377958 1.0000000000000000
-16517.764264032790 1.0000000000000000
-15017.351140119639 1.0000000000000000
2940.2646412002091 1.0000000000000000
-11745.921783116459 1.0000000000000000
-65461.288773936525 1.0000000000000000
-59687.743309802630 1.0000000000000000
-8180.5528034263916 1.0000000000000000
250.87512467955298 1.0000000000000000
39622.899425200805 1.0000000000000000
3233.9205238931868 1.0000000000000000
3161.0655174154790 1.0000000000000000
73190.272096133674 1.0000000000000000
4441.5997659123504 1.0000000000000000
169014.07293261556 1.0000000000000000
-16749.573239223591 1.0000000000000000
68429.055635746379 1.0000000000000000
-816.21710526201173 1.0000000000000000
791.60155609828644 1.0000000000000000
819.61572823333904 1.0000000000000000
139.02797584892997 1.0000000000000000
-64982.757786790869 1.0000000000000000
36629.663196251349 1.0000000000000000
3744.5325510768162 1.0000000000000000
1488.0951751107682 1.0000000000000000
-155211.56113863847 1.0000000000000000
-260.68491582000621 1.0000000000000000
-1431.5554411796866 1.0000000000000000
2218.8586421361115 1.0000000000000000
1266.6021796651737 1.0000000000000000
-2676.5098177211166 1.0000000000000000
-10269.138984480382 1.0000000000000000
-9234.0833780999601 1.0000000000000000
50770.363076866590 1.0000000000000000
86237.142894000004 1.0000000000000000
195297.05467956106 1.0000000000000000
121638.54567047836 1.0000000000000000
-29484.317767208464 1.0000000000000000
26053.531100283253 1.0000000000000000
-2016.9074326540881 1.0000000000000000
1338.0656177971500 1.0000000000000000
-43430.030648339809 1.0000000000000000
9649.0681802351828 1.0000000000000000
-7537.6853215961937 1.0000000000000000
21841.228899443548 1.0000000000000000
-322.96323206086311 1.0000000000000000
2376.7167816553028 1.0000000000000000
148615.62190143627 1.0000000000000000
-24387.593152499830 1.0000000000000000
141971.38393095971 1.0000000000000000
8469.1975973879489 1.0000000000000000
-32193.877704600753 1.0000000000000000
8680.7278873641153 1.0000000000000000
135569.86476978147 1.0000000000000000
-1458.6517102844973 1.0000000000000000
-182141.17024060432 1.0000000000000000
-21060.126222005514 1.0000000000000000
4402.4367665389882 1.0000000000000000
-16728.574860569755 1.0000000000000000
138142.92442798667 1.0000000000000000
-1514.9402790944632 1.0000000000000000
528.08367075248259 1.0000000000000000
32048.674157700494 1.0000000000000000
-76065.917821810915 1.0000000000000000
-17329.244839550513 1.0000000000000000
-36572.589505578246 1.0000000000000000
-17219.345163763570 1.0000000000000000
-54446.127260341898 1.0000000000000000
23752.479197546971 1.0000000000000000
7513.5152276548852 1.0000000000000000
584.14696250510679 1.0000000000000000
-14111.364543051399 1.0000000000000000
-331576.83822128508 1.0000000000000000
22716.056881769433 1.0000000000000000
-19328.442499289013 1.0000000000000000
20891.563394129829 1.0000000000000000
-15339.650387760857 1.0000000000000000
40865.347045178736 1.0000000000000000
1159.7608289429140 1.0000000000000000
81967.159225379597 1.0000000000000000
-13275.238060538566 1.0000000000000000
100774.24743710343 1.0000000000000000
34358.643533647890 1.0000000000000000
-3715.2715061471858 1.0000000000000000
-40958.497396438303 1.0000000000000000
-43320.228098479041 1.0000000000000000
-4891.8545955770214 1.0000000000000000
-652.16875319072074 1.0000000000000000
3287.2851369750692 1.0000000000000000
-5119.6493278440130 1.0000000000000000
112905.65518836920 1.0000000000000000
-1688.6723386278654 1.0000000000000000
-12674.800046945786 1.0000000000000000
2692.1774437695158 1.0000000000000000
28465.570470480081 1.0000000000000000
4155.9900305534156 1.0000000000000000
-27562.851608139201 1.0000000000000000
622.24064757518397 1.0000000000000000
19741.845326780604 1.0000000000000000
37893.560756262428 1.0000000000000000
-5062.4511186001973 1.0000000000000000
33930.014264228470 1.0000000000000000
-10579.907894102142 1.0000000000000000
-16018.032283769819 1.0000000000000000
4325.1170318668928 1.0000000000000000
1356.9673802761522 1.0000000000000000
-46718.840966637938 1.0000000000000000
498353.19705633371 1.0000000000000000
-9485.0717314997219 1.0000000000000000
10246.827846957565 1.0000000000000000
10594.238907943402 1.0000000000000000
196849.97903104348 1.0000000000000000
-5837.4751147318302 1.0000000000000000
-20527.283814564067 1.0000000000000000
21677.726325081236 1.0000000000000000
-168082.51198680839 1.0000000000000000
-1325.0738474613408 1.0000000000000000
33954.238549057278 1.0000000000000000
45594.512182264378 1.0000000000000000
-98469.516275466463 1.0000000000000000
-65002.584666572002 1.0000000000000000
26218.797731737101 1.0000000000000000
10630.463505055715 1.0000000000000000
-2801.7745813696079 1.0000000000000000
-1012.7364426063851 1.0000000000000000
-23397.930818325000 1.0000000000000000
-10055.249859769201 1.0000000000000000
-2303.2523259622531 1.0000000000000000
3785.6758464520826 1.0000000000000000
-33036.021023553629 1.0000000000000000
36348.782664792976 1.0000000000000000
9913.5463568979103 1.0000000000000000
9341.2246819340271 1.0000000000000000
-55080.275336909021 1.0000000000000000
-39802.616179631274 1.0000000000000000
16472.528882363153 1.0000000000000000
-18535.524850666057 1.0000000000000000
27493.480521952897 1.0000000000000000
-1270.0164393357102 1.0000000000000000
-1810.4073680762735 1.0000000000000000
29151.454043528072 1.0000000000000000
26906.891570876836 1.0000000000000000
-33995.498429726293 1.0000000000000000
96253.969309614113 1.0000000000000000
-10006.724748890128 1.0000000000000000
-9256.9663321765802 1.0000000000000000
-23718.840774028777 1.0000000000000000
-6111.8028718140367 1.0000000000000000
77415.929435950704 1.0000000000000000
-41311.703566002216 1.0000000000000000
256.68023582717501 1.0000000000000000
-8055.1541033092981 1.0000000000000000
-397740.28795482597 1.0000000000000000
-449354.82452918286 1.0000000000000000
-29109.701040298045 1.0000000000000000
29922.529477822063 1.0000000000000000
327381.36737556761 1.0000000000000000
-23391.249558889656 1.0000000000000000
12401.474098168052 1.0000000000000000
-27393.931737066534 1.0000000000000000
88829.411384855193 1.0000000000000000
68331.102961816985 1.0000000000000000
-43560.263870204908 1.0000000000000000
-13385.318805697190 1.0000000000000000
21593.820946139305 1.0000000000000000
-22256.860282674701 1.0000000000000000
-13077.901883366656 1.0000000000000000
98958.479743778604 1.0000000000000000
-10375.624046657009 1.0000000000000000
16185.621148544493 1.0000000000000000
20109.291487743634 1.0000000000000000
-35780.019143121754 1.0000000000000000
34108.778930427870 1.0000000000000000
-9475.9800183109746 1.0000000000000000
108808.30488026982 1.0000000000000000
-18694.375276104332 1.0000000000000000
-129880.80272264313 1.0000000000000000
1868.0879486070176 1.0000000000000000
19614.954210128410 1.0000000000000000
-21476.534863786292 1.0000000000000000
-292.28547779301039 1.0000000000000000
-13853.643779555945 1.0000000000000000
-60970.915639303195 1.0000000000000000
-660.21213848637399 1.0000000000000000
-508013.09088444297 1.0000000000000000
17676.543928411433 1.0000000000000000
-25309.194521904843 1.0000000000000000
-7858.5727062561828 1.0000000000000000
-13145.251264142133 1.0000000000000000
10357.875199413485 1.0000000000000000
3342.1481231393318 1.0000000000000000
-13611.254372342974 1.0000000000000000
5657.2236560823258 1.0000000000000000
-2572.7359286032552 1.0000000000000000
11083.213406833542 1.0000000000000000
-17755.572832396316 1.0000000000000000
-348470.65682946413 1.0000000000000000
20213.577503251974 1.0000000000000000
10703.549568681830 1.0000000000000000
113971.36737083799 1.0000000000000000
-58934.259967353013 1.0000000000000000
48807.176422496086 1.0000000000000000
-20244.184632770848 1.0000000000000000
29302.789992924343 1.0000000000000000
-77455.245193428025 1.0000000000000000
-4471.4898218164080 1.0000000000000000
55479.597441306119 1.0000000000000000
3459.1945361780731 1.0000000000000000
9180.1424183764921 1.0000000000000000
13867.235655739869 1.0000000000000000
-3028.5388230503572 1.0000000000000000
-17868.954015664745 1.0000000000000000
-1919.9085836885540 1.0000000000000000
1605.4461996680182 1.0000000000000000
3595.5412449188202 1.0000000000000000
-12790.640292504770 1.0000000000000000
42294.679311668297 1.0000000000000000
51149.176060667232 1.0000000000000000
126460.39794974621 1.0000000000000000
-62421.386982766948 1.0000000000000000
-456.99405982792007 1.0000000000000000
-58294.863365363155 1.0000000000000000
96864.235448005726 1.0000000000000000
30296.617754653587 1.0000000000000000
-313.33864623096991 1.0000000000000000
-384.98471758865190 1.0000000000000000
-984.02914491489946 1.0000000000000000
3026.8986961801102 1.0000000000000000
-11979.082875755055 1.0000000000000000
-31557.233350669725 1.0000000000000000
537.91308855456975 1.0000000000000000
150714.34382335280 1.0000000000000000
42627.684409175454 1.0000000000000000
-7273.7871390070795 1.0000000000000000
-4811.4057092977546 1.0000000000000000
3329.7189155205851 1.0000000000000000
40446.004557098167 1.0000000000000000
5308.3058701660366 1.0000000000000000
2426.9475426838371 1.0000000000000000
25010.432849844405 1.0000000000000000
69655.819392531193 1.0000000000000000
-144017.78632198629 1.0000000000000000
-2560.0241160194614 1.0000000000000000
-4143.1098625477007 1.0000000000000000
-36500.117254165423 1.0000000000000000
-24538.391167049802 1.0000000000000000
8572.6014459755879 1.0000000000000000
34212.653675209942 1.0000000000000000
-8823.1940008192996 1.0000000000000000
2352.3668781854626 1.0000000000000000
4824.3280257653578 1.0000000000000000
-952.31025471553858 1.0000000000000000
-23206.324414106948 1.0000000000000000
-94178.292994786781 1.0000000000000000
4987.2346016854499 1.0000000000000000
918.13398427238440 1.0000000000000000
767.73387188094489 1.0000000000000000
45669.359612214139 1.0000000000000000
7133.2000247697406 1.0000000000000000
9788.4193815113067 1.0000000000000000
-11301.119510978699 1.0000000000000000
33689.092139297980 1.0000000000000000
-44566.126206144902 1.0000000000000000
-114325.42285370399 1.0000000000000000
34923.894088255896 1.0000000000000000
-35413.781667203926 1.0000000000000000
-5408.2320872219907 1.0000000000000000
-2845.2164059580705 1.0000000000000000
1888.2761923025269 1.0000000000000000
56433.682065019086 1.0000000000000000
32887.459548767896 1.0000000000000000
99944.367916979289 1.0000000000000000
-140.89398693741560 1.0000000000000000
-514.38098292050779 1.0000000000000000
2791.0374614198563 1.0000000000000000
-789.17369071310111 1.0000000000000000
-2908.1872902519335 1.0000000000000000
-15957.753535298520 1.0000000000000000
58799.842959528869 1.0000000000000000
3721.9206301589184 1.0000000000000000
52951.366916992607 1.0000000000000000
93055.792188162028 1.0000000000000000
-14883.969547037115 1.0000000000000000
-22040.596718665434 1.0000000000000000
-11354.513346676007 1.0000000000000000
-873.72036071031755 1.0000000000000000
-87.921327440965484 1.0000000000000000
-724.78645052866193 1.0000000000000000
-5497.1887242658559 1.0000000000000000
84371.379338144616 1.0000000000000000
-83053.999635789922 1.0000000000000000
33822.784980385346 1.0000000000000000
30350.283661022844 1.0000000000000000
10332.253154929725 1.0000000000000000
-89740.718498378235 1.0000000000000000
55766.785962097383 1.0000000000000000
-44412.409041434184 1.0000000000000000
9639.4994704662367 1.0000000000000000
-1044.9840020134886 1.0000000000000000
176.79972645523432 1.0000000000000000
-3240.5824968389948 1.0000000000000000
-7160.6934067279562 1.0000000000000000
3548.0199535466063 1.0000000000000000
2170.7102122869396 1.0000000000000000
-30581.721590407091 1.0000000000000000
43803.607033412496 1.0000000000000000
53036.147569415232 1.0000000000000000
-53766.722185544306 1.0000000000000000
-124220.08542855956 1.0000000000000000
88018.262875497632 1.0000000000000000
46717.106080693702 1.0000000000000000
-12980.375709994067 1.0000000000000000
-237.85905993009291 1.0000000000000000
23867.606993359997 1.0000000000000000
7560.3462366351705 1.0000000000000000
-16156.884291160493 1.0000000000000000
-2593.4581325389258 1.0000000000000000
38125.648232666324 1.0000000000000000
1099.5616149900331 1.0000000000000000
-14751.025181528086 1.0000000000000000
-35359.784602230131 1.0000000000000000
14332.142380157118 1.0000000000000000
138438.93213304575 1.0000000000000000
20770.467164478065 1.0000000000000000
12033.059186995117 1.0000000000000000
169163.50315013502 1.0000000000000000
364.02442600429941 1.0000000000000000
50615.297449304984 1.0000000000000000
-24118.567588557988 1.0000000000000000
25083.023975804659 1.0000000000000000
-8260.7206792279449 1.0000000000000000
-1955.3789553725790 1.0000000000000000
-21527.987311888312 1.0000000000000000
490731.74713280745 1.0000000000000000
-1111.4702486751071 1.0000000000000000
-14502.925251345428 1.0000000000000000
-2612.7721164482614 1.0000000000000000
-205003.94306846944 1.0000000000000000
26089.661108577478 1.0000000000000000
-67561.522338425770 1.0000000000000000
-19708.110259291836 1.0000000000000000
4754.4992074050560 1.0000000000000000
-7605.7965498616704 1.0000000000000000
-7968.3570957159000 1.0000000000000000
143.52388794280625 1.0000000000000000
18282.416822225656 1.0000000000000000
-4744.2646768424429 1.0000000000000000
29791.960804801067 1.0000000000000000
-13707.529966594670 1.0000000000000000
-37879.078317713924 1.0000000000000000
4443.2898713077657 1.0000000000000000
-4482.0906338524128 1.0000000000000000
-1069.5748472781902 1.0000000000000000
10845.988512859089 1.0000000000000000
5367.2500602231657 1.0000000000000000
-10439.871536451799 1.0000000000000000
-134830.24325130164 1.0000000000000000
-16715.180364556963 1.0000000000000000
14597.463108378575 1.0000000000000000
53431.515721715208 1.0000000000000000
26815.712300570438 1.0000000000000000
37187.468408556313 1.0000000000000000
-13609.906168120064 1.0000000000000000
-18847.668029561257 1.0000000000000000
22360.243128652481 1.0000000000000000
11787.206042509955 1.0000000000000000
3770.1203003713567 1.0000000000000000
-51450.276415260305 1.0000000000000000
6291.1827879277616 1.0000000000000000
-288358.10654475453 1.0000000000000000
2440.3105586139063 1.0000000000000000
893.13163943084919 1.0000000000000000
-145066.56786918297 1.0000000000000000
-479089.27887149027 1.0000000000000000
-224313.72306593327 1.0000000000000000
-121189.18686502585 1.0000000000000000
10168.819851994465 1.0000000000000000
84876.692795901647 1.0000000000000000
-4567.5309465538530 1.0000000000000000
3691.4972675341869 1.0000000000000000
-26523.688811976514 1.0000000000000000
-10907.898512300604 1.0000000000000000
17891.920441600065 1.0000000000000000
-6094.4520997958616 1.0000000000000000
4313.2391283425541 1.0000000000000000
3297.7417718372521 1.0000000000000000
-1085.6278827300023 1.0000000000000000
-9083.8251632653100 1.0000000000000000
22682.354738946087 1.0000000000000000
-14249.828474066651 1.0000000000000000
73792.407210845267 1.0000000000000000
10678.794212430104 1.0000000000000000
-96135.481940397061 1.0000000000000000
-4962.4203558394820 1.0000000000000000
-85937.619130386011 1.0000000000000000
-2741.0782557163320 1.0000000000000000
-2250.3469853612769 1.0000000000000000
-10895.835277116854 1.0000000000000000
-10577.851702306511 1.0000000000000000
10744.235651239316 1.0000000000000000
-45965.228627748482 1.0000000000000000
1713.5891004641508 1.0000000000000000
-1619.2660427318262 1.0000000000000000
143840.34639844386 1.0000000000000000
-8939.2481495131142 1.0000000000000000
-20682.790260364760 1.0000000000000000
-3695.6898299543814 1.0000000000000000
-5132.4980910508548 1.0000000000000000
-1330.5222662076162 1.0000000000000000
