-53172.013954320813 1.0000000000000000
139676.20067109002 1.0000000000000000
-5148.1364959622297 1.0000000000000000
1907.2622658291878 1.0000000000000000
-39247.512426087444 1.0000000000000000
534.85747704598487 1.0000000000000000
-14887.471073016046 1.0000000000000000
48361.741326169606 1.0000000000000000
9797.9943230355402 1.0000000000000000
9541.2417033475722 1.0000000000000000
-2836.8667224205924 1.0000000000000000
-13647.058551273782 1.0000000000000000
-3799.1595838747348 1.0000000000000000
-22541.324587847594 1.0000000000000000
10045.378671254421 1.0000000000000000
-6872.2163425330928 1.0000000000000000
-10677.995224279903 1.0000000000000000
40440.980068832752 1.0000000000000000
49865.199967279637 1.0000000000000000
-11498.570904595179 1.0000000000000000
33117.863621622120 1.0000000000000000
34443.180445946244 1.0000000000000000
7272.2500642099030 1.0000000000000000
5902.9291447198311 1.0000000000000000
-9768.3157659459794 1.0000000000000000
-4401.5301192431571 1.0000000000000000
-158841.85031731453 1.0000000000000000
58604.428353812531 1.0000000000000000
24422.182269201236 1.0000000000000000
-12784.128800923376 1.0000000000000000
-76183.267934073359 1.0000000000000000
-36994.792211863103 1.0000000000000000
-16380.975238190915 1.0000000000000000
-2368.6323477572619 1.0000000000000000
33408.963235483054 1.0000000000000000
-33300.692049260884 1.0000000000000000
1118.2341517593843 1.0000000000000000
-301003.93225494790 1.0000000000000000
27290.050688319854 1.0000000000000000
-1214.3122222541217 1.0000000000000000
-31364.182716365587 1.0000000000000000
51695.915739710908 1.0000000000000000
-29881.347754253617 1.0000000000000000
-18028.117170153018 1.0000000000000000
63329.341835977182 1.0000000000000000
52801.974634915663 1.0000000000000000
-1278.2224693023595 1.0000000000000000
8295.5049827849980 1.0000000000000000
-61835.310932760673 1.0000000000000000
-7674.1563712070556 1.0000000000000000
-5170.8684777936132 1.0000000000000000
33023.550896169465 1.0000000000000000
-53775.014286674588 1.0000000000000000
32496.525179939268 1.0000000000000000
3014.0279947934187 1.0000000000000000
-245809.18751148964 1.0000000000000000
-56551.229290442636 1.0000000000000000
2042.8134295739617 1.0000000000000000
-113125.35706096752 1.0000000000000000
35208.449490218423 1.0000000000000000
8212.6783030768565 1.0000000000000000
3651.5851174840468 1.0000000000000000
-143407.88412734598 1.0000000000000000
33816.218979803794 1.0000000000000000
-1001.7225144400303 1.0000000000000000
14861.448210504746 1.0000000000000000
8359.4016458843744 1.0000000000000000
5518.1152450465470 1.0000000000000000
-6230.0308424855884 1.0000000000000000
38064.561867373559 1.0000000000000000
-4883.8147526248194 1.0000000000000000
-66927.968728744832 1.0000000000000000
33969.429406826501 1.0000000000000000
53450.071121431822 1.0000000000000000
3352.2463783638896 1.0000000000000000
46545.014372691367 1.0000000000000000
7160.0623525401288 1.0000000000000000
-31733.296747900007 1.0000000000000000
4807.8255564327883 1.0000000000000000
2437.6730282662575 1.0000000000000000
10426.597632484330 1.0000000000000000
-3117.7060358849021 1.0000000000000000
5330.8392358248593 1.0000000000000000
626.55856543492121 1.0000000000000000
-166211.16678188407 1.0000000000000000
58916.728476171877 1.0000000000000000
28485.303268452597 1.0000000000000000
-18778.982282782137 1.0000000000000000
-52989.204230787254 1.0000000000000000
-17672.766367649168 1.0000000000000000
-72340.322669147179 1.0000000000000000
13907.948769166373 1.0000000000000000
14756.825968272939 1.0000000000000000
-4928.5128629859964 1.0000000000000000
-8296.8015220171346 1.0000000000000000
71406.730807647415 1.0000000000000000
-8756.8738919551706 1.0000000000000000
3612.9865709101864 1.0000000000000000
-26636.144194913224 1.0000000000000000
123454.40622226360 1.0000000000000000
91212.633961353320 1.0000000000000000
-565.81602079531967 1.0000000000000000
-4074.3671084793800 1.0000000000000000
578.47907891294869 1.0000000000000000
-8116.5272140128445 1.0000000000000000
22600.867317816548 1.0000000000000000
356.33324105779349 1.0000000000000000
-881.71595372663467 1.0000000000000000
200.00038654513830 1.0000000000000000
700.32130448943303 1.0000000000000000
9304.6418273902618 1.0000000000000000
-10666.844487037819 1.0000000000000000
70686.702231137970 1.0000000000000000
-76847.201025466478 1.0000000000000000
-74106.915641258747 1.0000000000000000
110019.40827277198 1.0000000000000000
34131.781803972110 1.0000000000000000
50874.018940985239 1.0000000000000000
-12882.641475876730 1.0000000000000000
-50361.091667875560 1.0000000000000000
10449.053212825602 1.0000000000000000
-10495.240378084227 1.0000000000000000
43629.742718391732 1.0000000000000000
6504.5685348362849 1.0000000000000000
-32381.687015636107 1.0000000000000000
-23157.490547300808 1.0000000000000000
28594.629883979385 1.0000000000000000
-2271.5280305206961 1.0000000000000000
968.22475975023553 1.0000000000000000
12362.880800971321 1.0000000000000000
-7104.2136050953050 1.0000000000000000
22019.510406972015 1.0000000000000000
-12836.846821452456 1.0000000000000000
-22458.799134043897 1.0000000000000000
14129.518800868651 1.0000000000000000
20544.813891836478 1.0000000000000000
3419.8886334524541 1.0000000000000000
22103.276943448844 1.0000000000000000
90045.513198395332 1.0000000000000000
225.59355095892806 1.0000000000000000
-5126.6864465349800 1.0000000000000000
48921.918716148612 1.0000000000000000
10073.997677711766 1.0000000000000000
10742.542760356375 1.0000000000000000
31913.335582352207 1.0000000000000000
9754.7055459512394 1.0000000000000000
-49210.126404341492 1.0000000000000000
133341.99111822387 1.0000000000000000
-36270.828515404108 1.0000000000000000
23694.638399393789 1.0000000000000000
-168385.64033122917 1.0000000000000000
-1293.1897975084230 1.0000000000000000
-107202.83608696389 1.0000000000000000
19.862699484628234 1.0000000000000000
-2842.2668214073078 1.0000000000000000
-294.11880228888128 1.0000000000000000
138910.61866096826 1.0000000000000000
-28584.565974897152 1.0000000000000000
-15559.392515250773 1.0000000000000000
-98374.548237490817 1.0000000000000000
-31046.650264806143 1.0000000000000000
-9813.9613395208471 1.0000000000000000
3589.8167992754361 1.0000000000000000
56733.511560258499 1.0000000000000000
-194043.95086245751 1.0000000000000000
-8144.1056643183319 1.0000000000000000
7243.2943997868506 1.0000000000000000
112765.55618394433 1.0000000000000000
-29445.099869762413 1.0000000000000000
9461.5280319808098 1.0000000000000000
16217.649172522719 1.0000000000000000
-67763.853019714370 1.0000000000000000
-205.75154210958303 1.0000000000000000
3274.2566513109423 1.0000000000000000
-10264.974079401436 1.0000000000000000
-18002.307075469376 1.0000000000000000
43236.713814039482 1.0000000000000000
71890.285192155163 1.0000000000000000
-15800.691007069816 1.0000000000000000
-57339.363595949573 1.0000000000000000
4682.5718256802411 1.0000000000000000
57141.498224394170 1.0000000000000000
-48607.275879929810 1.0000000000000000
33357.592648187012 1.0000000000000000
-6438.4348967772294 1.0000000000000000
-27624.441363036865 1.0000000000000000
9368.4375727890401 1.0000000000000000
5628.0007886370458 1.0000000000000000
-15348.511827587481 1.0000000000000000
-61832.440578370464 1.0000000000000000
-10819.978470984783 1.0000000000000000
29600.644707940544 1.0000000000000000
24556.140621418184 1.0000000000000000
36587.456432275314 1.0000000000000000
35175.918008729415 1.0000000000000000
11432.468488194550 1.0000000000000000
21017.059574997184 1.0000000000000000
-46435.727954657945 1.0000000000000000
-20648.572497845234 1.0000000000000000
53.570535919891853 1.0000000000000000
1939.9217203509409 1.0000000000000000
-265.14756706368860 1.0000000000000000
-537.87017032392112 1.0000000000000000
4723.1963512989059 1.0000000000000000
-42426.846657922921 1.0000000000000000
106194.95517621303 1.0000000000000000
13657.291419476251 1.0000000000000000
1777.0789358606444 1.0000000000000000
13877.420473631932 1.0000000000000000
23573.703865759035 1.0000000000000000
5633.0727124544628 1.0000000000000000
13640.736277655229 1.0000000000000000
-125853.22469708050 1.0000000000000000
-8872.2662146083476 1.0000000000000000
49082.750752008069 1.0000000000000000
68404.776844615073 1.0000000000000000
-1176.4397557980615 1.0000000000000000
-23736.902519624524 1.0000000000000000
-238120.40224938557 1.0000000000000000
49926.261864838525 1.0000000000000000
10628.924140993082 1.0000000000000000
70185.399066174359 1.0000000000000000
11059.659454473458 1.0000000000000000
-8609.6352601588296 1.0000000000000000
-1896.7711401130402 1.0000000000000000
4465.1082219258824 1.0000000000000000
6141.9768519810650 1.0000000000000000
-11323.697455171814 1.0000000000000000
-88440.128500451086 1.0000000000000000
-4028.9950500409041 1.0000000000000000
1758.1043725053278 1.0000000000000000
7919.3267247715858 1.0000000000000000
-61223.900033844024 1.0000000000000000
12430.446601319385 1.0000000000000000
-52917.611991083140 1.0000000000000000
-6900.9691842080065 1.0000000000000000
-19394.782874967113 1.0000000000000000
78360.102127989987 1.0000000000000000
-15299.606267361298 1.0000000000000000
874.96002552155073 1.0000000000000000
29260.019451210890 1.0000000000000000
62368.136052304413 1.0000000000000000
175.14818789184875 1.0000000000000000
107605.48610758260 1.0000000000000000
-13975.810890338542 1.0000000000000000
41922.963192095674 1.0000000000000000
77269.805256833366 1.0000000000000000
-3667.1698338237206 1.0000000000000000
-40283.945398982054 1.0000000000000000
14495.272317698493 1.0000000000000000
66233.420386545287 1.0000000000000000
1571.5379342795916 1.0000000000000000
39275.058416937354 1.0000000000000000
-86.467412770734271 1.0000000000000000
-1130.2118172213327 1.0000000000000000
-169691.71352856222 1.0000000000000000
-5900.6180272312204 1.0000000000000000
-108918.70827514620 1.0000000000000000
19438.220165272094 1.0000000000000000
-11334.091269037637 1.0000000000000000
15064.505247145413 1.0000000000000000
52806.908961980000 1.0000000000000000
1894.0555994648748 1.0000000000000000
-1096.6365140376824 1.0000000000000000
-306.64505091042884 1.0000000000000000
-8490.0554315463614 1.0000000000000000
22636.013063905240 1.0000000000000000
1360.0393036876185 1.0000000000000000
57516.597104804954 1.0000000000000000
-25876.358112765705 1.0000000000000000
-4621.0971643661778 1.0000000000000000
-8122.1925589970870 1.0000000000000000
6021.0445115252078 1.0000000000000000
2243.1042318365262 1.0000000000000000
24305.532417883915 1.0000000000000000
-9829.1434639046929 1.0000000000000000
-13155.203859416000 1.0000000000000000
12505.401751653508 1.0000000000000000
18813.033701292141 1.0000000000000000
800.63525248905432 1.0000000000000000
-17545.296957543687 1.0000000000000000
31924.264862041080 1.0000000000000000
-3269.1142213312241 1.0000000000000000
-17185.523618986368 1.0000000000000000
-19583.146728654454 1.0000000000000000
-12637.765923168065 1.0000000000000000
-25244.360855228413 1.0000000000000000
-102728.90518154812 1.0000000000000000
-27485.184118924553 1.0000000000000000
-47391.965651870290 1.0000000000000000
16448.785161919466 1.0000000000000000
-5841.2278032292761 1.0000000000000000
46685.584377992927 1.0000000000000000
71226.164341728800 1.0000000000000000
2254.1594212790442 1.0000000000000000
8814.7618460393842 1.0000000000000000
1161.7380395542932 1.0000000000000000
-6724.2367406306566 1.0000000000000000
-4712.1096388618389 1.0000000000000000
578219.90401429438 1.0000000000000000
10535.729878000684 1.0000000000000000
-80289.249698881933 1.0000000000000000
-12434.358213672005 1.0000000000000000
134286.00415161307 1.0000000000000000
-5097.2315108003277 1.0000000000000000
-34161.871576658181 1.0000000000000000
-1571.0043744320931 1.0000000000000000
-34136.043241534149 1.0000000000000000
10503.785502985227 1.0000000000000000
-29540.491511862580 1.0000000000000000
-35415.510867079909 1.0000000000000000
343.64390736763386 1.0000000000000000
116071.74479248445 1.0000000000000000
50945.631819508089 1.0000000000000000
-25966.070599827035 1.0000000000000000
15100.044063592402 1.0000000000000000
-785.31610172344244 1.0000000000000000
-10065.505867954975 1.0000000000000000
-10695.579472737325 1.0000000000000000
-63807.139826875478 1.0000000000000000
-16166.271240993472 1.0000000000000000
14357.517104669203 1.0000000000000000
-109027.35649486976 1.0000000000000000
195391.90518512111 1.0000000000000000
-13255.428990826596 1.0000000000000000
76117.207950146738 1.0000000000000000
6617.2981201110615 1.0000000000000000
-158.59285313674476 1.0000000000000000
7811.5349877942645 1.0000000000000000
-67338.399154140454 1.0000000000000000
42008.353785697851 1.0000000000000000
-15980.664864776583 1.0000000000000000
33662.631381447805 1.0000000000000000
-66405.761441400420 1.0000000000000000
8426.5490435556840 1.0000000000000000
-1282.9222452409713 1.0000000000000000
-1093.2779120482610 1.0000000000000000
9082.4373308811610 1.0000000000000000
8238.8905762717895 1.0000000000000000
-336339.74326547718 1.0000000000000000
6423.7739598345552 1.0000000000000000
-6349.5085033914120 1.0000000000000000
-28300.198172292468 1.0000000000000000
27312.555201433206 1.0000000000000000
8274.2491768482068 1.0000000000000000
51944.500371348549 1.0000000000000000
-86.367142305543922 1.0000000000000000
-7227.3437148276134 1.0000000000000000
35951.942631570237 1.0000000000000000
-30553.276432054805 1.0000000000000000
-79380.690339730674 1.0000000000000000
7351.8375103097960 1.0000000000000000
-49671.801934483396 1.0000000000000000
50072.403168327532 1.0000000000000000
-45066.265820454842 1.0000000000000000
-7172.6334115369737 1.0000000000000000
66992.808675472697 1.0000000000000000
-1423.6689874485644 1.0000000000000000
18502.363277920289 1.0000000000000000
32903.286109924520 1.0000000000000000
-11055.400738684162 1.0000000000000000
38972.217982440343 1.0000000000000000
-30698.093628986288 1.0000000000000000
50484.766134297366 1.0000000000000000
1336.8039363202520 1.0000000000000000
-20454.297544471683 1.0000000000000000
63332.560068184146 1.0000000000000000
89719.048573277658 1.0000000000000000
101628.55968123447 1.0000000000000000
79625.546661083485 1.0000000000000000
-69978.208482430186 1.0000000000000000
-35568.762882754811 1.0000000000000000
-44682.268871017688 1.0000000000000000
36653.344469732416 1.0000000000000000
-18204.831716504486 1.0000000000000000
1272.3959970866665 1.0000000000000000
-2858.8763988340875 1.0000000000000000
14675.728673282481 1.0000000000000000
4677.6426249258957 1.0000000000000000
-58224.379090552742 1.0000000000000000
29246.106290725744 1.0000000000000000
18001.940794302969 1.0000000000000000
-5123.6814248080909 1.0000000000000000
-46110.728608241268 1.0000000000000000
-6533.4058697170985 1.0000000000000000
3351.5894533064225 1.0000000000000000
14142.213643652360 1.0000000000000000
46443.466090523310 1.0000000000000000
-6183.7565211733117 1.0000000000000000
-7046.3995121440084 1.0000000000000000
38110.320842140536 1.0000000000000000
15823.752538969398 1.0000000000000000
-2858.3328479319048 1.0000000000000000
-18836.700085013497 1.0000000000000000
3068.6867064880548 1.0000000000000000
-18312.080778145068 1.0000000000000000
-21851.866434449374 1.0000000000000000
-39074.341395165189 1.0000000000000000
-23627.437530839823 1.0000000000000000
10214.339842356349 1.0000000000000000
1249.3554663323250 1.0000000000000000
67012.983131947607 1.0000000000000000
55719.624467998547 1.0000000000000000
-26264.185450031015 1.0000000000000000
-3630.0639960193989 1.0000000000000000
-7022.6564633348462 1.0000000000000000
-16921.630729334818 1.0000000000000000
-31943.867642429126 1.0000000000000000
-15036.692969266962 1.0000000000000000
51617.057799548114 1.0000000000000000
2124.2586618695150 1.0000000000000000
35760.823275671253 1.0000000000000000
-3792.5927574461916 1.0000000000000000
-27149.599444781335 1.0000000000000000
-9529.6571197504254 1.0000000000000000
95884.646904866051 1.0000000000000000
-45864.684481674434 1.0000000000000000
-641.64891577430421 1.0000000000000000
11547.571674862205 1.0000000000000000
-28407.819955055846 1.0000000000000000
-657.71054280752958 1.0000000000000000
657.15426033280164 1.0000000000000000
-18743.148958388250 1.0000000000000000
-928.78250406990264 1.0000000000000000
-589.19233933054591 1.0000000000000000
1302.5259823773210 1.0000000000000000
985.76059638032177 1.0000000000000000
-913.61232761737358 1.0000000000000000
197490.06739599703 1.0000000000000000
-17145.789857048683 1.0000000000000000
121.03266196171906 1.0000000000000000
29706.615500933087 1.0000000000000000
-47586.670668488427 1.0000000000000000
-48153.734666870674 1.0000000000000000
-6161.3743329128592 1.0000000000000000
-49218.074043382774 1.0000000000000000
-6320.8443287975497 1.0000000000000000
44984.557669856680 1.0000000000000000
-30565.422983755594 1.0000000000000000
-37144.883138277284 1.0000000000000000
4356.5625199269862 1.0000000000000000
21113.558355182577 1.0000000000000000
-10545.714399424047 1.0000000000000000
-7669.3738918751269 1.0000000000000000
-52505.152537311275 1.0000000000000000
1408.3141638342709 1.0000000000000000
-45634.748437974034 1.0000000000000000
-44587.261953399408 1.0000000000000000
20768.459069127381 1.0000000000000000
-18654.554184722729 1.0000000000000000
-21379.112809542268 1.0000000000000000
34700.667602237729 1.0000000000000000
-193087.29909345094 1.0000000000000000
-38894.067342422961 1.0000000000000000
29474.478711465144 1.0000000000000000
10543.841533345800 1.0000000000000000
9155.9648651535517 1.0000000000000000
30422.275617692056 1.0000000000000000
105214.76866383175 1.0000000000000000
717120.07097561902 1.0000000000000000
-25596.309002956285 1.0000000000000000
33274.572873639787 1.0000000000000000
-134968.02199189540 1.0000000000000000
3862.0879057409670 1.0000000000000000
-47304.991882815528 1.0000000000000000
-30218.219297001800 1.0000000000000000
1495.4387952025786 1.0000000000000000
87717.970003550377 1.0000000000000000
-122323.90476071942 1.0000000000000000
-36081.286373067051 1.0000000000000000
-57933.550450701456 1.0000000000000000
-11925.357105682482 1.0000000000000000
-18638.977555256733 1.0000000000000000
35073.222818928924 1.0000000000000000
5682.5361991410327 1.0000000000000000
417.96038239038046 1.0000000000000000
72565.961090547644 1.0000000000000000
1051.3570064851708 1.0000000000000000
73562.987695464748 1.0000000000000000
101816.66960504929 1.0000000000000000
31405.923851914558 1.0000000000000000
-18456.452635297872 1.0000000000000000
18350.019406447205 1.0000000000000000
-17975.844454669350 1.0000000000000000
5500.5573321216998 1.0000000000000000
-3088.2561667379009 1.0000000000000000
466.36234032759324 1.0000000000000000
16085.727318834470 1.0000000000000000
21347.262373275964 1.0000000000000000
-1742.2816348674323 1.0000000000000000
13331.801410714246 1.0000000000000000
40174.185730654077 1.0000000000000000
19572.739888533833 1.0000000000000000
-14144.435688234418 1.0000000000000000
-4654.3657912971230 1.0000000000000000
90297.045866695262 1.0000000000000000
22719.608521092290 1.0000000000000000
7142.0567904718400 1.0000000000000000
-33832.403799575550 1.0000000000000000
15048.416113517149 1.0000000000000000
73426.508466784129 1.0000000000000000
-2802.2098356558304 1.0000000000000000
19443.909614665918 1.0000000000000000
-4483.3972697882000 1.0000000000000000
-1553.3865942629907 1.0000000000000000
-4288.4282921761378 1.0000000000000000
-354.53178366227132 1.0000000000000000
32717.323609272946 1.0000000000000000
-271059.59554782521 1.0000000000000000
-122120.11241989816 1.0000000000000000
-5858.4518777265939 1.0000000000000000
46780.432108226967 1.0000000000000000
31760.620018081012 1.0000000000000000
24974.704032184665 1.0000000000000000
1586.6404256581495 1.0000000000000000
10699.312306194903 1.0000000000000000
32762.591393378476 1.0000000000000000
-24134.365813572862 1.0000000000000000
-8583.3579786012197 1.0000000000000000
19152.930759888128 1.0000000000000000
23543.871014637512 1.0000000000000000
9858.5290252406594 1.0000000000000000
30.975725363846848 1.0000000000000000
-20115.557966538432 1.0000000000000000
53739.728863156066 1.0000000000000000
33961.189090934138 1.0000000000000000
-4125.2402024554849 1.0000000000000000
-38405.548937522071 1.0000000000000000
9739.8769464382767 1.0000000000000000
7954.1347736716807 1.0000000000000000
41617.381656305530 1.0000000000000000
17167.464065706339 1.0000000000000000
1455.2047939529673 1.0000000000000000
33828.603794543298 1.0000000000000000
-2160.9165386889044 1.0000000000000000
-5792.6073030126308 1.0000000000000000
25598.479795894724 1.0000000000000000
-91796.263752122919 1.0000000000000000
-2657.8974949779267 1.0000000000000000
-1984.3626945761971 1.0000000000000000
-15454.109937855901 1.0000000000000000
-887.63835978632414 1.0000000000000000
-19513.650860404767 1.0000000000000000
105264.20036175678 1.0000000000000000
58222.587513831881 1.0000000000000000
-21141.240036312927 1.0000000000000000
-71782.917097562400 1.0000000000000000
51568.891660944544 1.0000000000000000
-32.463774668227721 1.0000000000000000
-25764.037779556118 1.0000000000000000
27315.173841069020 1.0000000000000000
-24740.323146871659 1.0000000000000000
-76478.688403544162 1.0000000000000000
18564.657174526950 1.0000000000000000
73727.976530614163 1.0000000000000000
-4636.5512647964897 1.0000000000000000
-15284.328701147044 1.0000000000000000
4815.1392716409391 1.0000000000000000
2615.4058993849048 1.0000000000000000
-7889.9671786809213 1.0000000000000000
-30311.219997007942 1.0000000000000000
-20195.948014067526 1.0000000000000000
577.19478492460621 1.0000000000000000
-14560.210826379063 1.0000000000000000
25929.316297737805 1.0000000000000000
38468.275321253233 1.0000000000000000
-30663.235306628863 1.0000000000000000
-31831.695051595401 1.0000000000000000
-613.01325228199823 1.0000000000000000
1017.7232469167478 1.0000000000000000
71354.361848073007 1.0000000000000000
1386.2839117939809 1.0000000000000000
110210.71986243846 1.0000000000000000
-79746.747748276888 1.0000000000000000
-146788.44619970710 1.0000000000000000
11188.565216451223 1.0000000000000000
3122.5260470881640 1.0000000000000000
-8267.0186168267610 1.0000000000000000
27965.922782455233 1.0000000000000000
-6380.4155983677210 1.0000000000000000
18957.110069819686 1.0000000000000000
7483.0626927662224 1.0000000000000000
22293.053954033483 1.0000000000000000
2657.8665734355122 1.0000000000000000
-292671.32405537041 1.0000000000000000
-214940.91522642056 1.0000000000000000
-35826.017683053418 1.0000000000000000
-204922.12544186279 1.0000000000000000
-47105.682262604940 1.0000000000000000
-30377.985361835970 1.0000000000000000
-11083.430443216934 1.0000000000000000
-78276.732217241180 1.0000000000000000
10491.770971864820 1.0000000000000000
-27111.909806333737 1.0000000000000000
22379.675418759751 1.0000000000000000
12960.594432017879 1.0000000000000000
58984.006055631689 1.0000000000000000
-17680.917273163894 1.0000000000000000
-32984.779496415184 1.0000000000000000
2732.4463419356671 1.0000000000000000
79578.483305468733 1.0000000000000000
31318.543798582654 1.0000000000000000
87299.968431912232 1.0000000000000000
685.99336733344808 1.0000000000000000
40015.784176919784 1.0000000000000000
4122.9183474539450 1.0000000000000000
54900.920019577483 1.0000000000000000
265.59264004822541 1.0000000000000000
910.24039415420327 1.0000000000000000
7067.9133124314967 1.0000000000000000
1051.2537287348614 1.0000000000000000
-62861.380467095005 1.0000000000000000
-6736.3014572603879 1.0000000000000000
28650.103108471336 1.0000000000000000
17768.369129798211 1.0000000000000000
-22676.871719122355 1.0000000000000000
65184.035088035358 1.0000000000000000
51317.115019923229 1.0000000000000000
-33820.301777157583 1.0000000000000000
78425.118423706750 1.0000000000000000
114.35100914470468 1.0000000000000000
-18611.896973723855 1.0000000000000000
-697.39630060149125 1.0000000000000000
-966.89638809932808 1.0000000000000000
-10554.085775406358 1.0000000000000000
82773.977790544071 1.0000000000000000
-69995.793816522346 1.0000000000000000
-35504.395345892663 1.0000000000000000
-3461.9785018578782 1.0000000000000000
-97.628490084861070 1.0000000000000000
58335.464281020773 1.0000000000000000
6302.3016955692638 1.0000000000000000
39417.089338455124 1.0000000000000000
-47565.121192678984 1.0000000000000000
-70863.480776948913 1.0000000000000000
23513.759273872682 1.0000000000000000
3571.8872507166302 1.0000000000000000
5958.4580174377706 1.0000000000000000
4714.5800242416271 1.0000000000000000
-11234.023182050494 1.0000000000000000
-221323.90296987811 1.0000000000000000
60418.555635490782 1.0000000000000000
-141760.39034673409 1.0000000000000000
91474.338430428412 1.0000000000000000
-26339.514366033916 1.0000000000000000
-22854.899666542307 1.0000000000000000
8662.7067051084832 1.0000000000000000
-10678.801380125364 1.0000000000000000
-520.53288359447254 1.0000000000000000
-3813.8186156689094 1.0000000000000000
-1369.9428068822813 1.0000000000000000
17832.272464530874 1.0000000000000000
-1311.5395457086734 1.0000000000000000
-46265.607305795871 1.0000000000000000
-6318.5292522578957 1.0000000000000000
-21521.514413993369 1.0000000000000000
-65719.037171290911 1.0000000000000000
-20010.407163326308 1.0000000000000000
52040.787250472298 1.0000000000000000
1126.0909435311544 1.0000000000000000
-20918.181003315018 1.0000000000000000
69032.521768167484 1.0000000000000000
16608.884586601915 1.0000000000000000
-10342.329853626437 1.0000000000000000
-24907.957068286938 1.0000000000000000
18105.264411853539 1.0000000000000000
5083.4585150486428 1.0000000000000000
42771.149656603862 1.0000000000000000
-8889.9710950878271 1.0000000000000000
-5891.7539535545457 1.0000000000000000
-6434.4431570704101 1.0000000000000000
123911.19999164384 1.0000000000000000
-32361.198854129030 1.0000000000000000
-7312.6044370755098 1.0000000000000000
1333.6327185190003 1.0000000000000000
-30272.130485875346 1.0000000000000000
41016.153446633318 1.0000000000000000
37031.892340873987 1.0000000000000000
10770.174087608608 1.0000000000000000
-30270.864921937311 1.0000000000000000
-27385.271243270909 1.0000000000000000
-17241.515186675813 1.0000000000000000
-4989.2324140804849 1.0000000000000000
-15596.745919349351 1.0000000000000000
12650.278646841069 1.0000000000000000
20326.882393389838 1.0000000000000000
-68685.975205254348 1.0000000000000000
5805.2693665779034 1.0000000000000000
11961.883885880048 1.0000000000000000
-75497.883191489600 1.0000000000000000
4895.7983305207390 1.0000000000000000
4672.0696501160901 1.0000000000000000
-272.67511115293934 1.0000000000000000
4234.5345349045283 1.0000000000000000
-10326.819262813635 1.0000000000000000
-25474.613669689090 1.0000000000000000
760.35106464217847 1.0000000000000000
-753.70362855736425 1.0000000000000000
4445.9291145863008 1.0000000000000000
-699.02732812788611 1.0000000000000000
77989.231596159108 1.0000000000000000
-1426.9517527052915 1.0000000000000000
-2069.0329661739111 1.0000000000000000
-15309.936966507792 1.0000000000000000
507.69468035509351 1.0000000000000000
-86633.324215986489 1.0000000000000000
-88999.119317834353 1.0000000000000000
2007.9418004518661 1.0000000000000000
64362.551985190563 1.0000000000000000
-7027.9340526955393 1.0000000000000000
7940.1041589055267 1.0000000000000000
6384.1235038477316 1.0000000000000000
3132.0758969686194 1.0000000000000000
-49540.620788582186 1.0000000000000000
-44127.196077890992 1.0000000000000000
-9994.2447193106618 1.0000000000000000
107431.58442663211 1.0000000000000000
35546.270369846119 1.0000000000000000
-9831.0531409508803 1.0000000000000000
-4820.3595194865711 1.0000000000000000
-138660.26188956178 1.0000000000000000
-8381.1417880869085 1.0000000000000000
-875.77256369461611 1.0000000000000000
-47817.743042489128 1.0000000000000000
-79102.068708000777 1.0000000000000000
-23061.840864042446 1.0000000000000000
47421.091261886242 1.0000000000000000
-24726.687529746858 1.0000000000000000
110274.57860831379 1.0000000000000000
-38529.716608910625 1.0000000000000000
37281.874629465638 1.0000000000000000
15106.265663222726 1.0000000000000000
66119.244877213088 1.0000000000000000
6523.5332854807557 1.0000000000000000
40404.315316330401 1.0000000000000000
-81442.445365947395 1.0000000000000000
-2570.6822865005174 1.0000000000000000
-14302.938403602366 1.0000000000000000
29049.244957931045 1.0000000000000000
2472.8646452534667 1.0000000000000000
-99.573468057179937 1.0000000000000000
-11691.671457619395 1.0000000000000000
-12822.159485770624 1.0000000000000000
-6168.6155939609553 1.0000000000000000
-43832.598832388205 1.0000000000000000
15907.831542436719 1.0000000000000000
33141.358144080055 1.0000000000000000
-37460.934293367318 1.0000000000000000
1591.7319431707992 1.0000000000000000
-20977.744305056043 1.0000000000000000
-30139.510138949892 1.0000000000000000
97959.885862524869 1.0000000000000000
-45065.838152081968 1.0000000000000000
462.19063763452328 1.0000000000000000
-76225.736432177102 1.0000000000000000
221340.17345068388 1.0000000000000000
-164876.70144530415 1.0000000000000000
32303.601798013391 1.0000000000000000
-18947.244239323449 1.0000000000000000
-5774.1708222648867 1.0000000000000000
-63500.575055365029 1.0000000000000000
20926.901072174405 1.0000000000000000
144740.58181193503 1.0000000000000000
93845.943562417218 1.0000000000000000
-195679.01714948012 1.0000000000000000
6922.0508933047113 1.0000000000000000
293717.36849381321 1.0000000000000000
2554.6885497444810 1.0000000000000000
-757.72554470126408 1.0000000000000000
15680.369163785748 1.0000000000000000
12434.937002097275 1.0000000000000000
75911.117587235785 1.0000000000000000
9708.3177523361737 1.0000000000000000
-42228.761613859497 1.0000000000000000
14041.276581155427 1.0000000000000000
200787.72662280852 1.0000000000000000
-3618.7600421200245 1.0000000000000000
28853.442920790283 1.0000000000000000
-67558.357292710876 1.0000000000000000
3908.6803827844865 1.0000000000000000
-5338.7731330030801 1.0000000000000000
75665.484761329673 1.0000000000000000
-16800.993138500369 1.0000000000000000
24389.446463738939 1.0000000000000000
-12092.391534656097 1.0000000000000000
-15110.040979411755 1.0000000000000000
3106.2653337072056 1.0000000000000000
2669.3623326357088 1.0000000000000000
-17607.702132691094 1.0000000000000000
-73241.480977643339 1.0000000000000000
-78083.638295591532 1.0000000000000000
-31524.729471008995 1.0000000000000000
59584.514011533640 1.0000000000000000
-8559.7581641269535 1.0000000000000000
4239.1003997317548 1.0000000000000000
-59265.406777266049 1.0000000000000000
13809.772467887915 1.0000000000000000
29457.447179282855 1.0000000000000000
-40792.511404332094 1.0000000000000000
-15893.971842286806 1.0000000000000000
-42665.691093275600 1.0000000000000000
-12142.721441216399 1.0000000000000000
-111745.45575790595 1.0000000000000000
-10880.985807645951 1.0000000000000000
21433.839120389224 1.0000000000000000
-290.56441611148244 1.0000000000000000
17448.366652225966 1.0000000000000000
-53418.181653439220 1.0000000000000000
12185.606875599542 1.0000000000000000
-25199.508936334769 1.0000000000000000
-107963.17642092898 1.0000000000000000
-40150.751633342159 1.0000000000000000
39030.237161075274 1.0000000000000000
-8429.5218927463866 1.0000000000000000
-34889.011741829287 1.0000000000000000
2641.6940023485304 1.0000000000000000
3006.0775927460222 1.0000000000000000
634.46856616997741 1.0000000000000000
-77076.367628952765 1.0000000000000000
247321.58924765739 1.0000000000000000
8747.1635685894598 1.0000000000000000
-19315.956024879008 1.0000000000000000
13149.586090235262 1.0000000000000000
-10234.807540659334 1.0000000000000000
6347.0369808321557 1.0000000000000000
17070.405242518857 1.0000000000000000
-23595.349694054134 1.0000000000000000
-90482.360295716469 1.0000000000000000
43724.699829482612 1.0000000000000000
9977.9454865227199 1.0000000000000000
-33126.716200652030 1.0000000000000000
907.55445123690072 1.0000000000000000
-23217.053378765722 1.0000000000000000
3633.3454944734285 1.0000000000000000
7892.7274813495551 1.0000000000000000
-18258.485063736236 1.0000000000000000
-7943.5036269074799 1.0000000000000000
-7742.5705378061557 1.0000000000000000
-37271.332923075628 1.0000000000000000
-3262.9195263743354 1.0000000000000000
23208.190068792064 1.0000000000000000
36545.166103544121 1.0000000000000000
-932.43865950534280 1.0000000000000000
-69862.771688520428 1.0000000000000000
-41275.190991428230 1.0000000000000000
-9492.9716991229416 1.0000000000000000
-695.98030272831147 1.0000000000000000
2500.3737819097032 1.0000000000000000
850.52554975583791 1.0000000000000000
336.17932936559350 1.0000000000000000
-11528.452008702166 1.0000000000000000
-114565.45501341140 1.0000000000000000
16609.738912085915 1.0000000000000000
16150.748910686378 1.0000000000000000
23417.496394435893 1.0000000000000000
-321.98668882409669 1.0000000000000000
-262014.34148118208 1.0000000000000000
958.80683466611492 1.0000000000000000
198.17859907230172 1.0000000000000000
108.14766463372005 1.0000000000000000
-4251.3551414104895 1.0000000000000000
-27895.125534637937 1.0000000000000000
19659.021269637295 1.0000000000000000
46470.988811484305 1.0000000000000000
24450.252862327059 1.0000000000000000
39811.138131125721 1.0000000000000000
12539.016451563084 1.0000000000000000
-16477.936672397780 1.0000000000000000
-13344.027939387004 1.0000000000000000
96841.913708026696 1.0000000000000000
-13547.797952708528 1.0000000000000000
5114.9086692964802 1.0000000000000000
11995.610541445601 1.0000000000000000
10160.818802479609 1.0000000000000000
-25093.297667806801 1.0000000000000000
1520.6137760279398 1.0000000000000000
-15136.891474204365 1.0000000000000000
-12454.901947340892 1.0000000000000000
-67800.111985513533 1.0000000000000000
21059.956138857229 1.0000000000000000
-1073.1522599488305 1.0000000000000000
31192.864196666560 1.0000000000000000
21641.624779897978 1.0000000000000000
43663.524804834713 1.0000000000000000
-41316.463849567772 1.0000000000000000
-14643.472822138399 1.0000000000000000
-8303.8479183752588 1.0000000000000000
4464.0872751470642 1.0000000000000000
-54142.330135680466 1.0000000000000000
-105207.28394584752 1.0000000000000000
21997.632960780287 1.0000000000000000
22728.505505499150 1.0000000000000000
98919.904954392725 1.0000000000000000
30057.403600635113 1.0000000000000000
60480.389783801045 1.0000000000000000
-5783.9678796818507 1.0000000000000000
1160.6808529130265 1.0000000000000000
550067.69862687669 1.0000000000000000
1337.8315066190255 1.0000000000000000
-2783.6942826553436 1.0000000000000000
-62768.683326527971 1.0000000000000000
2071.6093639990954 1.0000000000000000
-632.38550633229920 1.0000000000000000
2080.0386072625092 1.0000000000000000
61838.574526715252 1.0000000000000000
89394.396147832740 1.0000000000000000
42502.385213214955 1.0000000000000000
104044.29106918621 1.0000000000000000
1138.4268165151223 1.0000000000000000
-6511.5688542634280 1.0000000000000000
7740.0292129010186 1.0000000000000000
3569.7218688927105 1.0000000000000000
-63382.248812803817 1.0000000000000000
-9668.7610882272929 1.0000000000000000
6474.0112912851700 1.0000000000000000
2327.8303377556299 1.0000000000000000
-11982.957070870863 1.0000000000000000
-64671.449868142983 1.0000000000000000
-2007.6549076553563 1.0000000000000000
32085.127870236593 1.0000000000000000
-3605.6704634561456 1.0000000000000000
-28676.844658589802 1.0000000000000000
-3506.3485936833604 1.0000000000000000
3799.0095348750269 1.0000000000000000
-11806.978086033920 1.0000000000000000
10619.727461526842 1.0000000000000000
-2684.3045042954441 1.0000000000000000
-2633.4176405048011 1.0000000000000000
-5063.1569175717004 1.0000000000000000
180079.69606342781 1.0000000000000000
112479.50342148449 1.0000000000000000
15209.517032992075 1.0000000000000000
-19254.764587941667 1.0000000000000000
32292.034066904245 1.0000000000000000
4708.1490815960096 1.0000000000000000
145396.63545503528 1.0000000000000000
655.85120120960948 1.0000000000000000
-5782.2804668915014 1.0000000000000000
-33586.704747143100 1.0000000000000000
11855.072839970311 1.0000000000000000
103667.28847943262 1.0000000000000000
-69074.606085287640 1.0000000000000000
-138146.88196450358 1.0000000000000000
-3028.2391453786413 1.0000000000000000
-172493.44815030103 1.0000000000000000
17735.940713652086 1.0000000000000000
1320.7870437687136 1.0000000000000000
-1772.0809598720407 1.0000000000000000
54976.482141229026 1.0000000000000000
1831.8598409589640 1.0000000000000000
18677.146524716009 1.0000000000000000
37602.038005237948 1.0000000000000000
32423.718609488278 1.0000000000000000
18978.191122874072 1.0000000000000000
-15792.055023571322 1.0000000000000000
9287.1658122306435 1.0000000000000000
-3893.8471663649075 1.0000000000000000
266529.65427938575 1.0000000000000000
-23165.349151260540 1.0000000000000000
-25608.329829714712 1.0000000000000000
-112527.97989052295 1.0000000000000000
-3209.8159942017419 1.0000000000000000
2524.4720977864472 1.0000000000000000
108590.59576243199 1.0000000000000000
67042.796599340043 1.0000000000000000
7302.4210384487478 1.0000000000000000
-22889.082800294404 1.0000000000000000
38267.814391390268 1.0000000000000000
6899.1678935356367 1.0000000000000000
16648.430468504921 1.0000000000000000
5094.4604499058960 1.0000000000000000
10492.539390917229 1.0000000000000000
-8557.8515984551432 1.0000000000000000
-13761.065614290394 1.0000000000000000
-4947.4140279014046 1.0000000000000000
26743.657538102983 1.0000000000000000
-9125.3230276977338 1.0000000000000000
-620.68401596008778 1.0000000000000000
12212.522933798191 1.0000000000000000
-81462.354290198418 1.0000000000000000
4445.9598314280802 1.0000000000000000
-1297.4156729613403 1.0000000000000000
-353617.37732054881 1.0000000000000000
-271548.13826721953 1.0000000000000000
-22974.388234682636 1.0000000000000000
89564.876228162117 1.0000000000000000
6839.4409518462580 1.0000000000000000
-1899.5541793462105 1.0000000000000000
-14945.975715005059 1.0000000000000000
-48739.128970746991 1.0000000000000000
-19799.048927820910 1.0000000000000000
-6216.9147945169680 1.0000000000000000
-38940.542082659616 1.0000000000000000
22725.298210119341 1.0000000000000000
13822.083689797384 1.0000000000000000
-5595.3056594874388 1.0000000000000000
7421.8420258001761 1.0000000000000000
-160764.56662473132 1.0000000000000000
-4904.6652507132394 1.0000000000000000
-3115.7769878804861 1.0000000000000000
