-711.61512495691397 .11635656199694977E-002
11918.985150047127 .99991233326607354
-8334.1107793033661 1.0000000000000000
-271.11937709413240 .59662359954797661
1317.2963241112759 .94297012562569205
-3740.6171310386358 .94776539675400562
43179.178441911419 .63174972238533481E-001
1772.3202555385776 .89371445524080850
-42027.043215806851 .66656761741778037E-001
32956.043246010937 .36919948879610580E-001
-21524.877087984285 1.0000000000000000
-4262.9608430151366 .98371692299602731
-39041.159361441431 .98371692299602731
8080.2692318161307 .11371306041996770
13337.543598819288 1.0000000000000000
-3832.5576347505839 1.0000000000000000
26065.305810147966 .32467641573674100
6978.5580331701003 .20468748774750356E-001
12452.650074415702 .93597170096542937
4725.0014075504396 1.0000000000000000
-45312.675938956010 1.0000000000000000
-5612.0516452123165 1.0000000000000000
-45907.637874492968 .97663846029626376E-002
-98273.599766526357 .10495543699335197E-001
-14328.072251951580 .14004664900669853E-001
-3490.7641236655309 .10099776839119720E-002
1640.3701928230116 .22544410527786194E-002
52111.736306031882 .61192239825234696E-001
9515.9883453877028 .89440285675107534E-001
2679.4786685074964 .63640178932931279E-001
-4781.1689136399928 .72033069207221434
-6785.2011298574007 1.0000000000000000
-2840.5900012539919 .13063807082805145E-002
42588.856297550577 .20625429968271047E-001
-2487.9063366211035 1.0000000000000000
12171.464868701236 1.0000000000000000
9420.1076384358439 1.0000000000000000
31197.667259733826 .20692739763496093
484.54598496227283 .88522626953584793
-8040.5881201192660 .98335257308838253
3353.0469736082005 1.0000000000000000
-23901.328565375374 .11403385445371483
-8490.7563222412846 .10826355072825533E-001
13056.650480405980 .99792734545408046E-002
-7594.5864256408822 .25287965054758998
31851.055195435958 .88260381503058344E-001
-407.09168501605973 .28109984868818216E-003
-8162.4777477077414 1.0000000000000000
-8009.8355399583425 1.0000000000000000
2202.8974934392800 1.0000000000000000
12395.916229140685 .63178751910086373E-001
24940.654224171743 1.0000000000000000
14976.370823416528 .36589562401500997
5092.5954551418517 .11164840783233709E-001
-64641.112450108936 .76883165358727495E-002
1118.4240760980831 .19517110317094910E-002
3809.0924399167784 .78977430444193808
-11156.615175853180 .14614389382577586E-001
-10998.975616099789 .54346979294280895
-33877.956708109959 .27913583661549723E-001
-163.49079754819203 1.0000000000000000
-727.29676927205333 1.0000000000000000
-162.38514649468348 .35888570921363959E-001
-2086.0662717033506 .40309893586974455E-002
8716.7112999210240 1.0000000000000000
-1983.3938377211482 .99959191595093788
12146.807921303811 .43097741571574083
41097.073468234383 .84587060667688188E-001
8768.7250682944778 .63865847679498533
1380.7265555438623 .64018122214165585E-003
5520.9386907898825 .90905309983991966
2585.6715452426492 1.0000000000000000
-2389.4111571502744 1.0000000000000000
-5237.6860333846953 .74270362674457491
5135.7892674169398 1.0000000000000000
-20605.534230261153 .38246130372489195E-001
-27335.331653452227 .43034919361001289E-001
4901.5050361494286 1.0000000000000000
-211.66566391324426 1.0000000000000000
-19618.335885960758 .67658984113095211
-1503.9190355297424 1.0000000000000000
3026.5255324571044 .89503219172660731
67.075154910670861 .32522295909188703E-001
5962.1621951071065 .43530841621816357
5803.2402426937606 .93136481187293652
-20338.943289045845 .25216256033650536
-9840.3049415901260 .27886250515185679E-002
23801.323762373613 .26744301116827456E-001
-8905.8817386883129 .85343492303283752E-001
67.725399558072823 .59557193652138261E-002
248.35148488674011 1.0000000000000000
411.25822044402588 .49440705973561379E-003
-709.20078168877171 1.0000000000000000
-13539.000728580235 1.0000000000000000
-3869.5945264673733 .61924528242151644
1388.0192646979738 1.0000000000000000
-17816.182460358326 .42782293121347786
-3497.8688277156057 .19209942757666026
-3269.6821683579410 .99767068658983249
4896.2595651684342 1.0000000000000000
-12364.490840060726 .44037312119082123
55743.830188956184 .24706588600239776E-001
9708.5033881315849 .12545548342250973
8493.3316729523103 .11930323013018664E-001
-1526.4670249504493 1.0000000000000000
-9173.3497757520217 .50267611845492510
-888.24873978056121 .36511930352355415
-2081.3029829213901 1.0000000000000000
5484.2682741055996 .43008651856656044
47469.612664722285 1.0000000000000000
93.843123199150099 .28308616628277039
3353.9554715378245 .34766253423963774E-002
-1951.0365728042491 .24559831732377801E-001
-1442.0700658429564 1.0000000000000000
-17482.387264492954 .36732844481339733
5087.2361029102676 .24319476647456784
72.482020036783595 .97985079145773013
10007.427665194786 .16187910593574901E-001
-60730.368591189908 .19230602170074163E-001
-59686.583492631762 .38560104450554800E-001
2824.5772748927502 1.0000000000000000
334.40154767678132 1.0000000000000000
78.970868452723309 .12681408186526744E-003
3145.7209001473320 .24236716472530190
-8906.6966502445102 .27636596763986532
184.23891778969721 1.0000000000000000
-46299.118364823691 .58916486774110953E-001
-161.05032227937983 1.0000000000000000
3777.9381346438031 1.0000000000000000
-5782.1936212489945 1.0000000000000000
2003.9593612355829 1.0000000000000000
6706.7547604155152 .19883940694113861
-688.71571122419050 1.0000000000000000
1630.7737674275315 .18063343146137274E-002
-1298.2384328673643 .12632854451951059E-002
-14193.599721117098 .25758691530592392
1683.2398384938988 1.0000000000000000
-3993.8477401332930 1.0000000000000000
-38022.730578493058 .93567159767359645E-001
-1464.2931219831635 .61710651542862338
-7581.3011578792020 1.0000000000000000
23015.170271104500 .99999934702893722
-6166.4516245472478 1.0000000000000000
51492.255892449299 .20598669497417916E-001
-8457.9719573073689 1.0000000000000000
-1473.3015028995110 .64936328930520792
16.940873563953808 .23852459710462065E-004
1067.9841383470828 1.0000000000000000
3542.2469394266618 .23910003323634247E-001
-4704.5337886667085 1.0000000000000000
-475.41416190687153 .92407558971564896
-51271.177259749660 .22248851156415780E-001
6489.2541938192362 1.0000000000000000
-52.055476540551446 .14050803370607712E-003
5081.8226853153419 .10716626125277129E-001
785.77171905727289 1.0000000000000000
14417.032471289949 .14945330937660434
-7413.5858342483889 .54618673429541298E-001
-1450.5602043476736 .19289738609418183E-003
-17455.193329684891 .45075681609625629
-54468.375116090589 .50468855233827103E-001
34616.811576395914 .21330548993821630
-24278.982877549330 .13656640855053692E-001
4437.1699565412919 .46327705656093837
-276.19868578131695 .18778931334231058
1984.6614049069115 1.0000000000000000
-7175.4583786534122 1.0000000000000000
98.391042294691118 .67771414741133837E-004
122911.84314515122 .42347357629320515E-001
6757.9946757138432 1.0000000000000000
4791.0151717614972 1.0000000000000000
43626.886647262043 .19179029024218530E-001
-1562.6320552903455 1.0000000000000000
-102.86896159429907 .11359693017304329E-003
-5081.7327682473979 .11235656288981488E-001
14055.026651636072 .67814424888554137
18116.703121730352 .43756315179175109E-001
11461.090219529036 .14282634269878303
9643.7345291713573 .19090794154223761
-712.81632054729346 .49466897587195913E-002
-29797.353746323624 .30048719576480698E-001
-368.63409666684572 1.0000000000000000
-4998.5331139028422 .83848022968626967
2135.5181193716521 1.0000000000000000
12149.433960461003 1.0000000000000000
3587.2021213412932 .89647537945357969
-26289.187262809675 .10906664361807406
22831.436876592790 .16866051872632359
-198.77563498505012 .14086747055869764E-002
-667.01165714430397 .25488198970891648E-003
392.06262322126571 1.0000000000000000
2334.1797244906847 .54245057544799336
12394.436956104646 .22641376083466225E-001
2599.3519066809226 .51454404175908200E-001
6415.7335584429302 1.0000000000000000
-3656.0029557078919 1.0000000000000000
5585.3446436835811 1.0000000000000000
-703.17760656116593 1.0000000000000000
-5718.2742124556289 .99643957418554585
3603.4301928942696 .36259799796148195
