618029.28436635365 .56599852548704799
-10972.535219477571 1.0000000000000000
-51514.646017524763 1.0000000000000000
-37221.429409406519 1.0000000000000000
-25470.683755175509 .30976176035637992
7288.9855072354712 1.0000000000000000
135004.65637483401 .59274799049551075E-001
-42734.144380910628 .84825793365405411
-34128.277491138295 .84825793365405411
22302.694928844048 .44893634608438064E-002
37743.818441798001 .53514467050350074E-001
41182.744754585503 .89487321711836931E-002
-63799.242479782282 .59274799049551075E-001
-1557.0319255828781 .58753059397471572E-003
150852.00294078866 .20377030143270445E-001
17582.195290934113 .17811012704430039E-002
-380838.79115908744 .33401103677031929
159233.30031232315 .14524336581821795
58132.484486370777 1.0000000000000000
-42036.236604329744 .26935819089258729E-001
-8567.2299632511968 .56735902302313401E-002
16000.120046767022 .37531963769056377E-002
-29185.276038396587 .99885079828347623
22232.884840603034 .77108881707409171
-88601.073830933514 .64244960625895270E-001
-40918.737852510370 .13845882307393587
-22245.165584131162 .97361713195810418
-80880.116897033236 .13845882307393587
155926.69600661896 .16357246480191606
37559.063158556943 .63085623016115155
54723.161481542571 .34951601301366431
37791.428250848832 .44237041964647861
-27306.258507953757 .50102419762765082E-001
19784.474783935722 1.0000000000000000
-136.46866134006714 .22694854365590267E-003
17803.021660890263 1.0000000000000000
-129136.40451229237 .20896196698833858E-001
184299.09046133998 .19189279880457050
115888.52063904950 1.0000000000000000
-52894.249574321802 1.0000000000000000
-20572.906306135847 .85173350825309924
30890.808882675701 .99908043564658677
11328.472219196090 .49331708083370507E-002
-6796.9718668612923 .45028997347806854E-002
35616.263141737516 .12559920995362645
-1812.5069391603240 .15903475230532101E-002
-86715.785714044483 1.0000000000000000
118327.73634856864 .94147497184653983E-001
-51506.110736129936 1.0000000000000000
-14572.734287463652 .67606131723310525
-7388.8942479853886 .57102442591638103
-32109.271131379515 .58140408074319483
122933.70657268484 .24304333401567291E-001
34258.788251304133 .62930926578403323E-001
7177.7297214488099 .12341986989013373E-002
99.469759696410108 .10069731689198274E-004
-51527.878968688034 .57999470366155471E-002
17323.329297519598 .95727053237676807
-13723.712595761997 .11027681954465463
-5005.9047550510686 .10556474975432832
-15364.063488940561 1.0000000000000000
-64513.515023324078 1.0000000000000000
34696.113832625138 1.0000000000000000
307.91697365576113 .93210512715713456E-004
-42939.773715281604 1.0000000000000000
-79633.085749969323 .49492358225880773E-001
-38943.634338893396 .10138488192420408
14814.795418920276 .14669269286962251E-002
-50798.749512415699 .19226954504356097
2887.1189985952633 .24245563542056869E-002
-91165.500442443619 .28384115445531932E-001
33188.721920180520 .65801164393776279
-32044.043359249554 .27350212364056437E-001
-5698.7878997545531 .75463722580445824
10466.555512619641 .97091827300459754
37009.280581191771 .47535943702670579E-001
-20753.732117299456 1.0000000000000000
18426.133368802333 1.0000000000000000
-26724.515331018018 .48874478174467262
-72676.463471296811 .29775379661325416E-001
455489.44324115553 .53238381779802302
38551.655682700388 .11541022603277279
-33758.145088407546 .22496704329215522E-001
13324.635720031840 1.0000000000000000
31134.218566162905 .43629638644184782
-33402.180915591569 .88700020201165797
-56087.685905319304 .19148802252771591
-53325.445096564625 .91278016998600453
25636.277629600674 .59007720563317156E-002
-1754.2153324045755 .13994005909683024E-002
-69227.648430666683 .71451948769514495E-001
3.7988041564083845 .21757060158980240E-006
-30682.714889196359 .24227435619737503E-002
-14945.951085384373 1.0000000000000000
49888.423806100960 .17223689322103153
7873.0608606296555 1.0000000000000000
738.61436032449546 .10819217459224814E-003
-10426.115506135935 1.0000000000000000
-51423.040588867821 1.0000000000000000
-5232.2488296237234 1.0000000000000000
-8097.6737278303372 1.0000000000000000
-7799.8111156622717 1.0000000000000000
-70.334641503037020 .21430771498559542E-003
-66964.436114967466 .18508932836154790E-001
-25294.559631116896 .62730884871233228
-13387.408764437667 .98961839206051128
-9586.8765955876788 .60175576929924479
-26329.967030396056 1.0000000000000000
-21047.318195086697 1.0000000000000000
-133859.52520645270 .47085423450617891
94614.642248466844 .47597172259425946
78.552563023781715 .16734983057349453E-001
68238.633593992839 1.0000000000000000
-33152.618219134878 .25968060512703806
-2489.5213106685192 .13512375969714774E-002
-161599.68780119799 .48926571220149745
34524.895433034348 1.0000000000000000
3696.7840507001406 1.0000000000000000
56035.685224534463 1.0000000000000000
28238.180397913173 .12813633609345965
46094.313527489277 .83510122422604560
-31928.427351763363 .94673303831169231E-002
-5095.3311430118483 1.0000000000000000
-13759.161551997666 1.0000000000000000
-18555.011705081197 1.0000000000000000
-176231.23345581238 .60117147378987268E-001
16439.804477560519 1.0000000000000000
-58271.632398979884 .12046084774904781
42712.918239893785 1.0000000000000000
28923.033338029036 1.0000000000000000
7905.7946713381025 1.0000000000000000
37972.161924267661 .69117827342115579E-002
30669.011915369596 .84424033284245603
35263.538445670565 .14551888001655650
13588.264402178451 1.0000000000000000
-9432.3497496675373 1.0000000000000000
-16128.629129914221 1.0000000000000000
20049.118290053957 .77420858405324744
-16474.563075432779 .92329408881631991
16323.185096854215 1.0000000000000000
59556.810935093745 1.0000000000000000
92250.754431666894 .32352422347866561
-36611.444817994205 .75748073269328475E-001
20258.131836201534 1.0000000000000000
-514488.14074336796 .71716254812708380E-001
-18430.648500704785 1.0000000000000000
12345.919954964495 .62754638456125700
-14840.917297974160 .41954631814446397
-5772.7837237209196 .31901310891333259E-002
27867.524795095145 .12777978809347446E-001
-97486.526377211703 .96691778540031526
-595.25899702338279 1.0000000000000000
-202850.36538812064 .12526354928509207E-001
-151.85235063175679 .85679194817169305E-004
22937.716220604925 .27715837733339588
-15429.069627695260 1.0000000000000000
154.20548563544509 .39907100562008857E-004
-58194.649095758497 .22098099711454761
-75513.406730683797 1.0000000000000000
-7802.4136233190775 1.0000000000000000
-378.98365300025847 .36966914451986010
8261.5744636402542 .36966914451986010
11244.035876443382 .21413156933035582E-002
25930.393247322721 .46823612536748827E-002
40194.248646484572 1.0000000000000000
-512.72838615516628 .99999949506280672
-381.76414478285591 .67876451496714038E-004
28306.464524825191 .35756741469741771
-43843.348884364495 .35756741469741771
11984.058976484783 .50976007422125713E-001
59919.979332365918 .34353133313548345
33884.772209361872 .18400520851075480
-73592.729005604153 .12592275323678487
-43907.239010857469 .72769020205999110E-001
76089.099948964387 .11502871211576010
35003.300380498149 .51595850359166973E-001
220456.28678465678 .47073692263602640E-001
14937.662515935916 .36879418351711118
-9277.3107991520847 .70240400047135687
2998.4703626487785 .15459609930698615E-002
-46463.405970788517 .76952947170620256
81250.840006899132 .14267636685153240
-2108.6531871364168 .33665455057879368
1367.7124774714514 .63544511057955488
80789.595129662091 .14173632038937626E-001
46925.004843237075 .87770749897993405
5174.7021461276836 .18338951327194225
-67943.207062356509 .14197578591318538E-001
1297.5186454435350 .67985972751161139E-003
-6127.7142418886187 .39748749953050183
-11999.802192593290 .31136231928523839
-46537.010958327795 .96959111874141612
-617703.64779501583 .50883346300085752
3484.8242703402934 .41883156804548488E-003
-32390.741694696870 .10653805967291879
4242.0635570831055 .93825802016239401
38408.536505586977 1.0000000000000000
109651.45830680573 1.0000000000000000
-24535.336853230325 .61786829978431934
24130.752646700414 1.0000000000000000
