-112113.70638980163 1.0000000000000000
-109482.07588057854 1.0000000000000000
54992.358337870064 1.0000000000000000
3721.5917397052199 1.0000000000000000
-12759.908269603588 1.0000000000000000
-15996.074746057840 1.0000000000000000
31337.814400963420 1.0000000000000000
-20577.153349332060 1.0000000000000000
-38804.870385917733 1.0000000000000000
-1788.6010167474519 1.0000000000000000
49533.280017012272 1.0000000000000000
124012.46778917316 1.0000000000000000
14991.928334317256 1.0000000000000000
-6454.1363817148140 1.0000000000000000
-12635.660369377925 1.0000000000000000
17162.008359905161 1.0000000000000000
5772.5847651390468 1.0000000000000000
9175.8341545556705 1.0000000000000000
210903.11005831597 1.0000000000000000
7288.7869249212818 1.0000000000000000
-3048.5503592211248 1.0000000000000000
-118917.37747793130 1.0000000000000000
-39554.611195011348 1.0000000000000000
-2662.7565451423043 1.0000000000000000
-49851.396407416316 1.0000000000000000
-131304.75215735452 1.0000000000000000
12162.263687562496 1.0000000000000000
-9599.3781909411300 1.0000000000000000
-4381.6796598695082 1.0000000000000000
-5279.6961482336174 1.0000000000000000
-92881.176076977150 1.0000000000000000
-2807.5653014647614 1.0000000000000000
-19845.750101233156 1.0000000000000000
-213.08792381638006 1.0000000000000000
34936.155497965701 1.0000000000000000
6454.6412265366325 1.0000000000000000
13700.311451280581 1.0000000000000000
-30645.064761847545 1.0000000000000000
2038.8574131850855 1.0000000000000000
167984.89634746779 1.0000000000000000
1089.2949698874977 1.0000000000000000
-3812.7298702452545 1.0000000000000000
117999.56633201103 1.0000000000000000
-53639.972670724303 1.0000000000000000
38781.909414492584 1.0000000000000000
-104267.46328172839 1.0000000000000000
-11171.763463623021 1.0000000000000000
2054.4414229073564 1.0000000000000000
111446.64491274518 1.0000000000000000
8058.8876596033924 1.0000000000000000
7966.2863333524747 1.0000000000000000
-3239.7734112871431 1.0000000000000000
-24860.237564636373 1.0000000000000000
15546.270541693229 1.0000000000000000
39176.427135304555 1.0000000000000000
-281.18572500407754 1.0000000000000000
173321.36958646541 1.0000000000000000
-1263.2850258379569 1.0000000000000000
-83301.556881406301 1.0000000000000000
-44882.187560306789 1.0000000000000000
19126.012526332324 1.0000000000000000
33216.009508013507 1.0000000000000000
40668.917532366817 1.0000000000000000
-35812.766748591537 1.0000000000000000
-92527.099370834854 1.0000000000000000
126.79188685232945 1.0000000000000000
5874.0759358090381 1.0000000000000000
-183695.33069247933 1.0000000000000000
-528.48413843755634 1.0000000000000000
16065.952313273128 1.0000000000000000
14945.801536986715 1.0000000000000000
-128505.74519717868 1.0000000000000000
1641.2387230924476 1.0000000000000000
102.56938772965881 1.0000000000000000
269135.80359568744 1.0000000000000000
3266.2526069144146 1.0000000000000000
-10573.387566244814 1.0000000000000000
6727.0207541253430 1.0000000000000000
9990.5998783358355 1.0000000000000000
62682.249433475903 1.0000000000000000
-87129.519997436350 1.0000000000000000
-31064.826821334183 1.0000000000000000
-58911.026365378733 1.0000000000000000
12588.577093678630 1.0000000000000000
-14396.297475924392 1.0000000000000000
-52531.876275085036 1.0000000000000000
-31248.642585244765 1.0000000000000000
-156859.59521896727 1.0000000000000000
-42143.642184150376 1.0000000000000000
-77509.339335036857 1.0000000000000000
29552.518484443266 1.0000000000000000
14077.959700938140 1.0000000000000000
66940.602131451975 1.0000000000000000
33036.144883557514 1.0000000000000000
-14175.532916608468 1.0000000000000000
622.98137730804899 1.0000000000000000
-88743.577805546447 1.0000000000000000
-1471.2031517716582 1.0000000000000000
2638.9785809018304 1.0000000000000000
9261.9991073337205 1.0000000000000000
-1679.4873754350162 1.0000000000000000
3895.4841704620144 1.0000000000000000
14606.150643338302 1.0000000000000000
-3999.8116595049505 1.0000000000000000
3325.3749600984211 1.0000000000000000
-1931.0144738428160 1.0000000000000000
1167.9374340135817 1.0000000000000000
10665.136824923102 1.0000000000000000
13955.380036002216 1.0000000000000000
-1774.2982226737606 1.0000000000000000
-161891.17465308169 1.0000000000000000
-26801.499151953936 1.0000000000000000
22402.399736255607 1.0000000000000000
-6833.6278867402189 1.0000000000000000
-748.02698589649287 1.0000000000000000
-2228.5704253363288 1.0000000000000000
1623.1797341417478 1.0000000000000000
126.46506432051657 1.0000000000000000
-55.317844433781254 1.0000000000000000
379.07876655470011 1.0000000000000000
1963.4920083016580 1.0000000000000000
-58972.841071478848 1.0000000000000000
27051.387828889070 1.0000000000000000
45554.738261081213 1.0000000000000000
-25884.858934905285 1.0000000000000000
6836.1779580759203 1.0000000000000000
-39882.567612714251 1.0000000000000000
19362.087420049604 1.0000000000000000
-66696.524077398266 1.0000000000000000
417911.58279117814 1.0000000000000000
-3420.2583041662988 1.0000000000000000
-1063.4624917441224 1.0000000000000000
37044.516491069888 1.0000000000000000
41452.055071956951 1.0000000000000000
23803.767997964202 1.0000000000000000
13422.172283362750 1.0000000000000000
-14368.609152046056 1.0000000000000000
-64366.506112151888 1.0000000000000000
-49688.724524356418 1.0000000000000000
4151.4833213224902 1.0000000000000000
264877.36666361266 1.0000000000000000
-533.15056088797121 1.0000000000000000
12820.133199338805 1.0000000000000000
-5211.9205982667845 1.0000000000000000
48661.768444745139 1.0000000000000000
4498.8518794028814 1.0000000000000000
-33482.891538219461 1.0000000000000000
14101.166356122450 1.0000000000000000
-23327.921190218422 1.0000000000000000
4870.9691710257821 1.0000000000000000
-30084.186813990738 1.0000000000000000
-10472.834412346558 1.0000000000000000
-112503.75552594855 1.0000000000000000
-6470.4906367134708 1.0000000000000000
16019.737289850824 1.0000000000000000
-45791.641530797882 1.0000000000000000
18217.155060181125 1.0000000000000000
116070.57360567218 1.0000000000000000
152254.18243716151 1.0000000000000000
2687.5441836426098 1.0000000000000000
-3557.9666012817729 1.0000000000000000
2194.6535789750519 1.0000000000000000
78177.748634111427 1.0000000000000000
-233972.12514798038 1.0000000000000000
-916.34590042249818 1.0000000000000000
-13041.712283112716 1.0000000000000000
26273.529313441493 1.0000000000000000
11587.472530647790 1.0000000000000000
-49719.088698337320 1.0000000000000000
-24424.492434790816 1.0000000000000000
-190401.44437177634 1.0000000000000000
1121.9971040577122 1.0000000000000000
-63356.540212929212 1.0000000000000000
-99742.587596832629 1.0000000000000000
65826.686081049906 1.0000000000000000
-35702.579342824763 1.0000000000000000
-19075.914725866103 1.0000000000000000
-50257.025908765885 1.0000000000000000
21947.377018405510 1.0000000000000000
8365.3261120383304 1.0000000000000000
7757.9763265372058 1.0000000000000000
60206.891612232335 1.0000000000000000
-102311.14116566515 1.0000000000000000
-227194.97880884132 1.0000000000000000
99034.949073141528 1.0000000000000000
49419.057458266092 1.0000000000000000
10818.133442106478 1.0000000000000000
-33474.121026130866 1.0000000000000000
42231.680753759727 1.0000000000000000
9457.0242154228126 1.0000000000000000
1508.7578441737878 1.0000000000000000
9042.6473633119567 1.0000000000000000
25416.791611581470 1.0000000000000000
1917.0896454935139 1.0000000000000000
-19861.159996799393 1.0000000000000000
-5404.3384370641488 1.0000000000000000
-2300.6746237790708 1.0000000000000000
25.403332064542148 1.0000000000000000
-7617.2900291652295 1.0000000000000000
10699.731560158245 1.0000000000000000
-37588.970594941718 1.0000000000000000
-59309.714582246335 1.0000000000000000
68260.857583627294 1.0000000000000000
-43991.287888530576 1.0000000000000000
15705.680297384533 1.0000000000000000
-51892.534251956713 1.0000000000000000
79379.402997152778 1.0000000000000000
-344761.18430272694 1.0000000000000000
5191.7187269748229 1.0000000000000000
-208.34680932434767 1.0000000000000000
-3709.9018071583860 1.0000000000000000
-103050.17532028379 1.0000000000000000
-19513.340196288940 1.0000000000000000
48935.933589343156 1.0000000000000000
-49256.340353690612 1.0000000000000000
-112481.60794861666 1.0000000000000000
-46245.875000605054 1.0000000000000000
23760.763675823790 1.0000000000000000
17721.818209148583 1.0000000000000000
-74359.203142291692 1.0000000000000000
-3455.5351742817761 1.0000000000000000
38472.828840145616 1.0000000000000000
2307.5899359957934 1.0000000000000000
-73242.811986686051 1.0000000000000000
-18355.045297103672 1.0000000000000000
110726.61270449762 1.0000000000000000
-130048.49963596457 1.0000000000000000
-16640.015076811840 1.0000000000000000
-24430.425869172112 1.0000000000000000
3675.5038111345430 1.0000000000000000
-783.38469119665797 1.0000000000000000
-2040.4420551915298 1.0000000000000000
-3110.8546501599149 1.0000000000000000
-10344.950459303147 1.0000000000000000
-14951.132496098586 1.0000000000000000
103404.56444336964 1.0000000000000000
31419.283442356842 1.0000000000000000
12072.754877318992 1.0000000000000000
-1558.9243771697925 1.0000000000000000
-11451.932821808179 1.0000000000000000
39609.179392080950 1.0000000000000000
9345.1057209165356 1.0000000000000000
52448.506979697238 1.0000000000000000
-19220.660339664202 1.0000000000000000
-29362.948169302450 1.0000000000000000
-34800.397515622106 1.0000000000000000
54705.635189413108 1.0000000000000000
-44747.102005170105 1.0000000000000000
-878.64929132137217 1.0000000000000000
4607.3862861880780 1.0000000000000000
57957.881441673344 1.0000000000000000
9376.6185770319225 1.0000000000000000
45756.463489655027 1.0000000000000000
41967.716798278263 1.0000000000000000
2123.1407245257160 1.0000000000000000
14911.504606221770 1.0000000000000000
4033.5906156141509 1.0000000000000000
3626.4128501939595 1.0000000000000000
9363.5557819914429 1.0000000000000000
-1147.6319764719285 1.0000000000000000
599.10832699524315 1.0000000000000000
-68591.613808296635 1.0000000000000000
-16523.494366820614 1.0000000000000000
21440.148622343357 1.0000000000000000
10464.249962721457 1.0000000000000000
-29108.333537398521 1.0000000000000000
-97800.545594757859 1.0000000000000000
-6074.0420175813088 1.0000000000000000
-35577.963228842826 1.0000000000000000
479537.21990035509 1.0000000000000000
-35475.567621117938 1.0000000000000000
-39762.402027859775 1.0000000000000000
-219350.00055581713 1.0000000000000000
-75536.314847915768 1.0000000000000000
310806.94903164473 1.0000000000000000
-55888.603677813364 1.0000000000000000
7748.3580415395672 1.0000000000000000
-25148.945107971362 1.0000000000000000
-13318.567968529294 1.0000000000000000
-12623.704927315701 1.0000000000000000
8179.4078782222496 1.0000000000000000
-20998.567239946271 1.0000000000000000
-716.62477481317296 1.0000000000000000
7335.8950907798662 1.0000000000000000
41113.872808225671 1.0000000000000000
-18576.519152221677 1.0000000000000000
14055.030621120692 1.0000000000000000
-13062.860543176257 1.0000000000000000
41983.077492270779 1.0000000000000000
-95010.310471003235 1.0000000000000000
20527.490052250618 1.0000000000000000
1705.2435567361765 1.0000000000000000
419.67281875379433 1.0000000000000000
-11884.263283220331 1.0000000000000000
33173.099957340200 1.0000000000000000
5011.0723572815059 1.0000000000000000
21582.008382557993 1.0000000000000000
-142197.21524233979 1.0000000000000000
60918.253963660485 1.0000000000000000
-57707.150060033120 1.0000000000000000
-30609.546677364127 1.0000000000000000
-26102.095582180933 1.0000000000000000
-104458.82853675999 1.0000000000000000
84273.688131112358 1.0000000000000000
291642.89667636360 1.0000000000000000
-77282.868860996110 1.0000000000000000
22801.236676633966 1.0000000000000000
4817.1884288901028 1.0000000000000000
-12463.680815241989 1.0000000000000000
916.10620629151549 1.0000000000000000
-3148.9709817998246 1.0000000000000000
-37808.662853682195 1.0000000000000000
1245.8663981334746 1.0000000000000000
11386.167415466962 1.0000000000000000
-71583.491671775031 1.0000000000000000
-50965.415964448686 1.0000000000000000
25387.731367039916 1.0000000000000000
-1428.2566150898026 1.0000000000000000
24237.164700815414 1.0000000000000000
-9808.5010419235878 1.0000000000000000
2615.9398465053509 1.0000000000000000
-64.359876979341678 1.0000000000000000
112665.61128779585 1.0000000000000000
-99148.732884632540 1.0000000000000000
-21633.436607903539 1.0000000000000000
41935.142488862846 1.0000000000000000
4486.0149542630670 1.0000000000000000
16894.375927799279 1.0000000000000000
10699.540490467365 1.0000000000000000
-1662.7769060251196 1.0000000000000000
11105.307658083591 1.0000000000000000
349.11072270682831 1.0000000000000000
1844.3851228632122 1.0000000000000000
-55237.002302687179 1.0000000000000000
-103964.12778089561 1.0000000000000000
57512.062502273126 1.0000000000000000
-30739.341709921031 1.0000000000000000
-233.37951645650639 1.0000000000000000
75624.749648639932 1.0000000000000000
-98416.199707667896 1.0000000000000000
49457.476104286921 1.0000000000000000
-117289.25445880428 1.0000000000000000
-2933.0651386448244 1.0000000000000000
265.18394462373664 1.0000000000000000
-517957.34179834236 1.0000000000000000
-72776.576381489882 1.0000000000000000
23389.341001908753 1.0000000000000000
-28635.580568286074 1.0000000000000000
4552.0038173485627 1.0000000000000000
22689.798756365835 1.0000000000000000
-31500.722033234855 1.0000000000000000
562.87030998900946 1.0000000000000000
-16674.552045851025 1.0000000000000000
759.99894915604580 1.0000000000000000
26628.241465054900 1.0000000000000000
-52568.575555339354 1.0000000000000000
733.93715583113328 1.0000000000000000
19551.113396223605 1.0000000000000000
3547.8698333755724 1.0000000000000000
606.80322290224092 1.0000000000000000
-45493.873825223163 1.0000000000000000
269363.92599990108 1.0000000000000000
-65241.402404462497 1.0000000000000000
-18169.984914406599 1.0000000000000000
2904.5193769486082 1.0000000000000000
7222.9050546678827 1.0000000000000000
-7966.5824269585610 1.0000000000000000
-458.67756111486182 1.0000000000000000
-7132.0611986164859 1.0000000000000000
10788.712768109064 1.0000000000000000
1205.4650921925484 1.0000000000000000
-2583.8529113956174 1.0000000000000000
80571.520924370096 1.0000000000000000
113910.56879499256 1.0000000000000000
34320.884227065282 1.0000000000000000
-80766.829695179447 1.0000000000000000
56598.539975111918 1.0000000000000000
50648.432120080382 1.0000000000000000
-346947.41745307558 1.0000000000000000
-105870.64320847108 1.0000000000000000
117721.22091686988 1.0000000000000000
26767.168715343549 1.0000000000000000
-53020.835187644567 1.0000000000000000
145541.05962201580 1.0000000000000000
-18562.138918550783 1.0000000000000000
62782.884216439983 1.0000000000000000
-3024.8212463125633 1.0000000000000000
-31184.660441087737 1.0000000000000000
-25318.448549793673 1.0000000000000000
-455.76971949615711 1.0000000000000000
49253.998587953618 1.0000000000000000
-35168.538498595561 1.0000000000000000
3291.3388380708670 1.0000000000000000
-7019.8599676152789 1.0000000000000000
-61515.949124768551 1.0000000000000000
-11052.377752072292 1.0000000000000000
17334.302727454444 1.0000000000000000
7210.1967399778823 1.0000000000000000
-8679.3585280549742 1.0000000000000000
15995.102041330876 1.0000000000000000
-12796.487876671523 1.0000000000000000
2925.7054982231525 1.0000000000000000
-32693.959147799178 1.0000000000000000
-31304.913002002762 1.0000000000000000
-84119.200854327762 1.0000000000000000
84676.771328827512 1.0000000000000000
-15512.116998393891 1.0000000000000000
61939.663302283661 1.0000000000000000
51280.743282121388 1.0000000000000000
9285.0277593886294 1.0000000000000000
4098.7813086520691 1.0000000000000000
-35826.968967525834 1.0000000000000000
-2169.9964229954107 1.0000000000000000
-20502.297576594989 1.0000000000000000
784.09365517001095 1.0000000000000000
-536.36770105766846 1.0000000000000000
-10743.277412869213 1.0000000000000000
471.65013294168426 1.0000000000000000
143.89587602698720 1.0000000000000000
-33936.646406588443 1.0000000000000000
86146.093590747230 1.0000000000000000
-90368.127636390869 1.0000000000000000
-62187.412636528403 1.0000000000000000
-4722.5914623650960 1.0000000000000000
248246.02066372242 1.0000000000000000
-31022.048365698251 1.0000000000000000
21281.112950538409 1.0000000000000000
-295895.35784391203 1.0000000000000000
-37215.752947465051 1.0000000000000000
202104.33963621844 1.0000000000000000
1606.7101735782455 1.0000000000000000
38589.766772063958 1.0000000000000000
42604.810676346082 1.0000000000000000
6194.3004555958287 1.0000000000000000
74035.469890187363 1.0000000000000000
8938.6121369608427 1.0000000000000000
-82733.823755198711 1.0000000000000000
-5029.1866737683731 1.0000000000000000
4247.3475410007095 1.0000000000000000
-5037.0547478613962 1.0000000000000000
-4929.0414556320284 1.0000000000000000
-5867.2243074386661 1.0000000000000000
89109.380963463103 1.0000000000000000
56386.381669258852 1.0000000000000000
-6699.9605650606536 1.0000000000000000
-2270.0345158063947 1.0000000000000000
3820.1538828516195 1.0000000000000000
71860.966861048204 1.0000000000000000
-82188.534470754283 1.0000000000000000
34612.339956887809 1.0000000000000000
6776.7818803982946 1.0000000000000000
-2348.4480659173087 1.0000000000000000
-19640.689510514698 1.0000000000000000
-8496.5779791013956 1.0000000000000000
6179.8509126823283 1.0000000000000000
-6041.8674740456081 1.0000000000000000
-26215.098264849636 1.0000000000000000
81963.190513646419 1.0000000000000000
57927.824052455391 1.0000000000000000
-3408.5898296787450 1.0000000000000000
-3684.5627838970336 1.0000000000000000
67512.275219709220 1.0000000000000000
-85284.984935312241 1.0000000000000000
-21625.505775802321 1.0000000000000000
-28767.335810103767 1.0000000000000000
154094.90370920833 1.0000000000000000
-97883.889302727621 1.0000000000000000
-9594.3859752364642 1.0000000000000000
-11306.737975245422 1.0000000000000000
72351.321579616619 1.0000000000000000
1055.8639698547120 1.0000000000000000
10097.723448640341 1.0000000000000000
-16831.280942324414 1.0000000000000000
-16057.109354884307 1.0000000000000000
17451.428232382306 1.0000000000000000
12027.856871845959 1.0000000000000000
-12899.223042151913 1.0000000000000000
7020.8756574696863 1.0000000000000000
-32430.233003035984 1.0000000000000000
63319.769921783773 1.0000000000000000
-147547.32582023813 1.0000000000000000
-164086.38483462977 1.0000000000000000
193.97826613440483 1.0000000000000000
-24687.818158842045 1.0000000000000000
-45420.121681113167 1.0000000000000000
529.76838151648633 1.0000000000000000
-14445.693408069481 1.0000000000000000
376387.60194084636 1.0000000000000000
-3477.5469030336876 1.0000000000000000
-65258.911656867167 1.0000000000000000
-87866.119114399044 1.0000000000000000
-8950.1312533668752 1.0000000000000000
18062.056224950389 1.0000000000000000
6119.6073625911413 1.0000000000000000
-9947.3229947494474 1.0000000000000000
-34284.128852855705 1.0000000000000000
-17955.832205453047 1.0000000000000000
228822.06129258292 1.0000000000000000
-42957.565688023620 1.0000000000000000
19841.747649547589 1.0000000000000000
-468394.39346879342 1.0000000000000000
-60408.803767449535 1.0000000000000000
-23470.841161043023 1.0000000000000000
-16651.706107386315 1.0000000000000000
-20683.104848877574 1.0000000000000000
-5194.1639250927637 1.0000000000000000
-5867.5355509973460 1.0000000000000000
6839.6737727222489 1.0000000000000000
-3630.1416942844917 1.0000000000000000
-11392.893640770320 1.0000000000000000
-9082.2806593473397 1.0000000000000000
-9297.0913441515586 1.0000000000000000
-3563.4657001094724 1.0000000000000000
-12085.085047315140 1.0000000000000000
21911.665621467935 1.0000000000000000
-143943.92167338773 1.0000000000000000
37861.498380450306 1.0000000000000000
54172.527979407860 1.0000000000000000
-102476.41865229320 1.0000000000000000
138998.44183791525 1.0000000000000000
-54397.744662338613 1.0000000000000000
-47568.052273586043 1.0000000000000000
106683.41976285435 1.0000000000000000
18198.396137740932 1.0000000000000000
1910.8018733073857 1.0000000000000000
-71024.022137033011 1.0000000000000000
-2858.4640350441186 1.0000000000000000
-2054.2037216573835 1.0000000000000000
-5157.4209631186204 1.0000000000000000
13160.473973986291 1.0000000000000000
-41290.546863764459 1.0000000000000000
42499.715712620877 1.0000000000000000
40324.980508200293 1.0000000000000000
70175.753324081714 1.0000000000000000
-6486.3120500336072 1.0000000000000000
4872.2789345587544 1.0000000000000000
58961.610961586353 1.0000000000000000
71761.997310427803 1.0000000000000000
-12170.258768204705 1.0000000000000000
-62260.581870455295 1.0000000000000000
-141267.67454174138 1.0000000000000000
140777.73744520987 1.0000000000000000
-2681.0747687189378 1.0000000000000000
-2490.0820266576138 1.0000000000000000
-17207.361908183855 1.0000000000000000
-303612.98711660010 1.0000000000000000
-20595.983679326866 1.0000000000000000
-16369.462514042081 1.0000000000000000
86930.415341840824 1.0000000000000000
24607.463241874491 1.0000000000000000
-135293.64856531148 1.0000000000000000
-16783.847407922567 1.0000000000000000
-10475.376047668260 1.0000000000000000
-3732.7117311866400 1.0000000000000000
8505.2825530499740 1.0000000000000000
12205.984199647855 1.0000000000000000
4919.7005368875198 1.0000000000000000
28.930968637002898 1.0000000000000000
-2333.6678357961478 1.0000000000000000
19703.996600512019 1.0000000000000000
-74153.309466783627 1.0000000000000000
5372.5945972297095 1.0000000000000000
-18965.806665563505 1.0000000000000000
1958.3018001807377 1.0000000000000000
12853.046581493558 1.0000000000000000
36916.306216420169 1.0000000000000000
15982.589165233012 1.0000000000000000
38988.162645029137 1.0000000000000000
44433.454294556672 1.0000000000000000
-76698.295760933004 1.0000000000000000
-36888.749303095014 1.0000000000000000
-124586.52451342833 1.0000000000000000
-962.88905104018056 1.0000000000000000
-195932.11445565260 1.0000000000000000
214902.95592777350 1.0000000000000000
-99840.017420711578 1.0000000000000000
-1091.6291420396315 1.0000000000000000
-3440.8897225333039 1.0000000000000000
-30814.383990365637 1.0000000000000000
11459.337479844035 1.0000000000000000
37982.020711555517 1.0000000000000000
7628.4602058791024 1.0000000000000000
83340.161730230713 1.0000000000000000
317485.22696500778 1.0000000000000000
1038.4718962522711 1.0000000000000000
-7891.2601913014314 1.0000000000000000
-25247.456237032216 1.0000000000000000
-373.10323461813130 1.0000000000000000
59713.240003275285 1.0000000000000000
85075.624079714107 1.0000000000000000
14871.592707098822 1.0000000000000000
-19438.883514760742 1.0000000000000000
-31766.952895448441 1.0000000000000000
-10418.830389480723 1.0000000000000000
2810.8403284284136 1.0000000000000000
-24533.562782429035 1.0000000000000000
5308.6356354145082 1.0000000000000000
7751.0373365562227 1.0000000000000000
115055.35321730978 1.0000000000000000
-6627.8542707880451 1.0000000000000000
-79915.565413120843 1.0000000000000000
-66451.785491542352 1.0000000000000000
156542.88835621462 1.0000000000000000
-38912.292124078536 1.0000000000000000
42394.122370130281 1.0000000000000000
-783.05298566543047 1.0000000000000000
-1743.5409689822379 1.0000000000000000
9606.7899494695430 1.0000000000000000
6150.7997992490309 1.0000000000000000
14914.539238067115 1.0000000000000000
-2410.7094224147545 1.0000000000000000
-462.32345792455368 1.0000000000000000
22740.912386033815 1.0000000000000000
296.19086715126861 1.0000000000000000
1496.5601555443493 1.0000000000000000
25799.767134185673 1.0000000000000000
55335.814515762468 1.0000000000000000
5625.0718472739354 1.0000000000000000
37657.352595606935 1.0000000000000000
-9179.1199242095663 1.0000000000000000
118.49604715697758 1.0000000000000000
-2613.6139569348215 1.0000000000000000
-43431.454345694474 1.0000000000000000
81245.872376302301 1.0000000000000000
81079.641656349253 1.0000000000000000
16542.955856079465 1.0000000000000000
38559.795253081240 1.0000000000000000
22990.792942153344 1.0000000000000000
-116123.35560257929 1.0000000000000000
53395.304192192991 1.0000000000000000
10340.328991029792 1.0000000000000000
60.730858572202251 1.0000000000000000
30909.494477737335 1.0000000000000000
98208.864961373532 1.0000000000000000
20547.530410156392 1.0000000000000000
-272221.17525952857 1.0000000000000000
-18366.179007804123 1.0000000000000000
3790.5681779427446 1.0000000000000000
22525.053176910304 1.0000000000000000
-7551.9155487189792 1.0000000000000000
19590.999211977960 1.0000000000000000
14301.636977347374 1.0000000000000000
149364.27214279416 1.0000000000000000
124.17290055882144 1.0000000000000000
-1390.1136716013007 1.0000000000000000
31477.400578254768 1.0000000000000000
40147.635993755270 1.0000000000000000
-95460.607542548736 1.0000000000000000
-16887.826317017902 1.0000000000000000
-1367.9817131547456 1.0000000000000000
-2956.2504790815115 1.0000000000000000
319228.84658330632 1.0000000000000000
-47840.932928624803 1.0000000000000000
-29226.663817175559 1.0000000000000000
-3609.4813318918946 1.0000000000000000
31190.199181459779 1.0000000000000000
-82865.480717400569 1.0000000000000000
122355.32487814281 1.0000000000000000
-131204.94005122935 1.0000000000000000
-69975.473878584904 1.0000000000000000
-87853.780279284372 1.0000000000000000
1192.2723190582515 1.0000000000000000
-59926.345940996915 1.0000000000000000
-14653.431353865517 1.0000000000000000
-18596.574069511244 1.0000000000000000
-25950.964438929772 1.0000000000000000
8686.4225782806825 1.0000000000000000
12361.821230522712 1.0000000000000000
-69665.882058579096 1.0000000000000000
-435933.63986283098 1.0000000000000000
2395.1116008876970 1.0000000000000000
-6499.6966441350705 1.0000000000000000
120128.74676046606 1.0000000000000000
-13906.272495684547 1.0000000000000000
-13345.868742173701 1.0000000000000000
-3637.8199654098789 1.0000000000000000
76202.383745748171 1.0000000000000000
-49428.226698187958 1.0000000000000000
1703.8022577486045 1.0000000000000000
16167.241354919963 1.0000000000000000
-18357.599156864129 1.0000000000000000
-8157.6344430000718 1.0000000000000000
-2988.0724402739602 1.0000000000000000
-10201.140915789991 1.0000000000000000
31479.342013542431 1.0000000000000000
13515.478944269169 1.0000000000000000
-1959.1501420308002 1.0000000000000000
17883.504349150411 1.0000000000000000
76705.912871944296 1.0000000000000000
202.53354812802135 1.0000000000000000
14258.523572713379 1.0000000000000000
26834.102553132274 1.0000000000000000
-15343.564690600975 1.0000000000000000
162051.46584618895 1.0000000000000000
1944.4590470106002 1.0000000000000000
-167769.84721325440 1.0000000000000000
431.79873553647701 1.0000000000000000
2369.5610142824466 1.0000000000000000
94307.282124503356 1.0000000000000000
4912.5491248116132 1.0000000000000000
19289.177291760861 1.0000000000000000
-15385.983867857683 1.0000000000000000
37679.923394415855 1.0000000000000000
54740.315972488548 1.0000000000000000
27743.990195367296 1.0000000000000000
-3690.5763483543587 1.0000000000000000
27067.319496104705 1.0000000000000000
3765.6414710134104 1.0000000000000000
-7010.3734522719415 1.0000000000000000
-3935.1740560877151 1.0000000000000000
-7291.4026098798895 1.0000000000000000
-46647.533289356710 1.0000000000000000
41139.533521212223 1.0000000000000000
-19267.688274582528 1.0000000000000000
6721.3786885509280 1.0000000000000000
-11892.476575648891 1.0000000000000000
-3052.0993412128082 1.0000000000000000
-558760.87148081081 1.0000000000000000
-25650.311215255842 1.0000000000000000
85903.947622849751 1.0000000000000000
-171481.72994542978 1.0000000000000000
-324948.28578931332 1.0000000000000000
-2888.3399352880801 1.0000000000000000
2776.5461679883970 1.0000000000000000
-22650.114608846794 1.0000000000000000
10698.008824523047 1.0000000000000000
143610.58389993961 1.0000000000000000
-62608.249869282765 1.0000000000000000
-9233.6158553656333 1.0000000000000000
-283153.58779093053 1.0000000000000000
-123628.07872747148 1.0000000000000000
177777.13790798016 1.0000000000000000
56022.045490375298 1.0000000000000000
-6260.1545153686611 1.0000000000000000
-13989.901108668972 1.0000000000000000
-6643.8399451946025 1.0000000000000000
-7541.9277017768291 1.0000000000000000
-3079.6848939174188 1.0000000000000000
3615.7590593066307 1.0000000000000000
42851.401334549606 1.0000000000000000
1140.2313056835203 1.0000000000000000
977.04054441303242 1.0000000000000000
57635.512864704120 1.0000000000000000
-60169.318145208847 1.0000000000000000
-19893.527285225384 1.0000000000000000
-2979.3927617495301 1.0000000000000000
-88003.388343333223 1.0000000000000000
62008.763121730219 1.0000000000000000
-22523.550679182386 1.0000000000000000
18213.991480658176 1.0000000000000000
-35523.325637111077 1.0000000000000000
-137267.89470213372 1.0000000000000000
347308.37821651594 1.0000000000000000
-64350.588122551599 1.0000000000000000
-13345.199966510438 1.0000000000000000
12790.131062967099 1.0000000000000000
-259.69508626114344 1.0000000000000000
-5286.8300050692505 1.0000000000000000
10689.335937164480 1.0000000000000000
-34416.721791189520 1.0000000000000000
-22380.843211692481 1.0000000000000000
-10908.832689291361 1.0000000000000000
-2901.1848263855504 1.0000000000000000
-39020.737643251130 1.0000000000000000
-104053.10995549111 1.0000000000000000
-34271.123496206361 1.0000000000000000
16388.004928702132 1.0000000000000000
80436.831162360191 1.0000000000000000
12292.576901249366 1.0000000000000000
21393.118396708538 1.0000000000000000
11482.056889692516 1.0000000000000000
-42371.082291304818 1.0000000000000000
6250.4109716946723 1.0000000000000000
-9467.5126836457366 1.0000000000000000
-152370.24213962513 1.0000000000000000
-159715.02078496423 1.0000000000000000
68181.582257381742 1.0000000000000000
-101759.89720524898 1.0000000000000000
-76405.719970628605 1.0000000000000000
43010.095225672507 1.0000000000000000
19778.031666881754 1.0000000000000000
-20426.117852000069 1.0000000000000000
-809.33856914066837 1.0000000000000000
-667.77283301935347 1.0000000000000000
686.01815143906435 1.0000000000000000
30770.365310985788 1.0000000000000000
-34808.257282862636 1.0000000000000000
-11319.165573102924 1.0000000000000000
63.420236421029792 1.0000000000000000
68554.453982826002 1.0000000000000000
-51587.543411262115 1.0000000000000000
54518.993882393181 1.0000000000000000
14141.701373666792 1.0000000000000000
134512.68799791351 1.0000000000000000
21163.439228402956 1.0000000000000000
-115859.51051836979 1.0000000000000000
-41385.559980778162 1.0000000000000000
-133002.49785227425 1.0000000000000000
-17395.036026718812 1.0000000000000000
26408.985751112679 1.0000000000000000
12066.362267566657 1.0000000000000000
93.510813657225754 1.0000000000000000
-1154.2975260284654 1.0000000000000000
-29452.517736667385 1.0000000000000000
1887.5521249230426 1.0000000000000000
3125.4129183766954 1.0000000000000000
-63961.794012638988 1.0000000000000000
3358.4003417771128 1.0000000000000000
2931.3124842144007 1.0000000000000000
71970.631044925627 1.0000000000000000
-12526.632527137604 1.0000000000000000
-8023.7684721907017 1.0000000000000000
3261.4411207328640 1.0000000000000000
34119.268547819971 1.0000000000000000
-1096.9496633700282 1.0000000000000000
-58623.838809336223 1.0000000000000000
58255.856315504592 1.0000000000000000
-41275.244324894760 1.0000000000000000
4333.4317915304391 1.0000000000000000
262398.85167399654 1.0000000000000000
18332.107308010771 1.0000000000000000
36388.076183795252 1.0000000000000000
-31297.398922009317 1.0000000000000000
4172.7102467193527 1.0000000000000000
-2380.6544752612563 1.0000000000000000
-63857.032668112937 1.0000000000000000
-21630.755255164750 1.0000000000000000
-18848.275888510965 1.0000000000000000
-1091.0847448884490 1.0000000000000000
122821.38042539181 1.0000000000000000
-31050.197634499051 1.0000000000000000
56885.340789447830 1.0000000000000000
-36051.689184582581 1.0000000000000000
-85248.733677636832 1.0000000000000000
2520.6788070888783 1.0000000000000000
-18370.122223052003 1.0000000000000000
-358.39680909355633 1.0000000000000000
326865.82770051307 1.0000000000000000
-2933.1223903678256 1.0000000000000000
-31962.080708188863 1.0000000000000000
10831.430313949861 1.0000000000000000
-10640.901940397487 1.0000000000000000
-7985.9994611337970 1.0000000000000000
24341.633029040691 1.0000000000000000
-3418.1214493220482 1.0000000000000000
-24638.514393882011 1.0000000000000000
13568.535063969019 1.0000000000000000
-2075.1498955313664 1.0000000000000000
78997.598873002062 1.0000000000000000
59470.450619943906 1.0000000000000000
-9129.7941899727502 1.0000000000000000
-13796.186431052385 1.0000000000000000
-187.91966739077924 1.0000000000000000
1143.1660428266771 1.0000000000000000
-676.00930725930800 1.0000000000000000
-1919.6299740293550 1.0000000000000000
2357.4574192467389 1.0000000000000000
9803.5266969949280 1.0000000000000000
2399.1614691717555 1.0000000000000000
50790.323975159721 1.0000000000000000
-2682.3737163226606 1.0000000000000000
36943.220973119955 1.0000000000000000
207367.75545579888 1.0000000000000000
-8659.7770758293045 1.0000000000000000
15054.411863254178 1.0000000000000000
161993.81483758686 1.0000000000000000
15447.653220350552 1.0000000000000000
29860.923355472489 1.0000000000000000
12733.153158527361 1.0000000000000000
-8873.7182173135498 1.0000000000000000
-18407.427417437841 1.0000000000000000
7596.8857113734675 1.0000000000000000
-29447.311924508351 1.0000000000000000
4096.8857083022840 1.0000000000000000
13117.183203235851 1.0000000000000000
3231.6613950405908 1.0000000000000000
-2183.0696397980819 1.0000000000000000
-13478.368357522924 1.0000000000000000
21164.276853209300 1.0000000000000000
-46708.673998983082 1.0000000000000000
2828.7757446561450 1.0000000000000000
-33653.127613410841 1.0000000000000000
24297.289542020117 1.0000000000000000
52030.413411899157 1.0000000000000000
13396.299362145723 1.0000000000000000
-30322.564626063107 1.0000000000000000
-12925.821610644340 1.0000000000000000
-165149.98073932482 1.0000000000000000
110925.76528219847 1.0000000000000000
30023.117591729650 1.0000000000000000
-451.99660456729595 1.0000000000000000
-2621.3982882462560 1.0000000000000000
40754.292811905434 1.0000000000000000
280.76367956873196 1.0000000000000000
3408.6016969239872 1.0000000000000000
-597391.14298861311 1.0000000000000000
-5970.9860238084457 1.0000000000000000
-124803.43197291142 1.0000000000000000
79559.810582739825 1.0000000000000000
34584.079261513878 1.0000000000000000
-11868.736176526616 1.0000000000000000
13360.384028603552 1.0000000000000000
1352.8732357300671 1.0000000000000000
-111290.96756340041 1.0000000000000000
-83145.020512351170 1.0000000000000000
4461.5430821838554 1.0000000000000000
6941.6380018857863 1.0000000000000000
-6659.2478993871837 1.0000000000000000
2790.2721912472375 1.0000000000000000
9371.1000535367402 1.0000000000000000
252804.37701118088 1.0000000000000000
232488.73793912097 1.0000000000000000
197527.83560169168 1.0000000000000000
-97785.492041302408 1.0000000000000000
-162.03392727739924 1.0000000000000000
-7080.0355841620267 1.0000000000000000
15730.510760044819 1.0000000000000000
11266.079102964693 1.0000000000000000
87883.238337598494 1.0000000000000000
6403.5866434707141 1.0000000000000000
-58112.121882725063 1.0000000000000000
7722.1320862328794 1.0000000000000000
-5452.5857299598283 1.0000000000000000
-25077.414079354025 1.0000000000000000
55505.775745379644 1.0000000000000000
9298.9050653307440 1.0000000000000000
-5395.8851909715049 1.0000000000000000
-136222.35614162634 1.0000000000000000
157330.56204839240 1.0000000000000000
-2963.2391123527796 1.0000000000000000
-4824.9770767028194 1.0000000000000000
-13287.087573960809 1.0000000000000000
12836.313312451999 1.0000000000000000
20756.589795874599 1.0000000000000000
-1458.9282807359104 1.0000000000000000
23316.279948478532 1.0000000000000000
5726.1148210472820 1.0000000000000000
-42558.870642986556 1.0000000000000000
-4565.1060555543409 1.0000000000000000
156127.84378203965 1.0000000000000000
153027.72171553498 1.0000000000000000
-3155.0443344644400 1.0000000000000000
-22760.967971096034 1.0000000000000000
31402.100906686152 1.0000000000000000
-29443.888731861087 1.0000000000000000
75426.875642944869 1.0000000000000000
-29123.744163290681 1.0000000000000000
-2318.8873859713804 1.0000000000000000
67182.569620746974 1.0000000000000000
-126005.59002865347 1.0000000000000000
80939.218497103939 1.0000000000000000
-18057.141063215538 1.0000000000000000
-43047.813535126777 1.0000000000000000
316855.96073946526 1.0000000000000000
4871.6372385131699 1.0000000000000000
-1305.0003640065152 1.0000000000000000
2230.3619286340463 1.0000000000000000
101218.43725046338 1.0000000000000000
203508.72541807883 1.0000000000000000
212222.11437265659 1.0000000000000000
40980.701096306650 1.0000000000000000
-25476.711142318607 1.0000000000000000
62572.296194818919 1.0000000000000000
36994.754796181223 1.0000000000000000
-6677.8070061449707 1.0000000000000000
-2377.6646938952586 1.0000000000000000
15328.585309071776 1.0000000000000000
3571.9624761382297 1.0000000000000000
1347.8482088872242 1.0000000000000000
2558.6268215869313 1.0000000000000000
81555.765023773492 1.0000000000000000
8247.8768291457782 1.0000000000000000
152250.64999709048 1.0000000000000000
14477.700072134794 1.0000000000000000
537317.85984296817 1.0000000000000000
-4562.6959779444514 1.0000000000000000
214773.46911318347 1.0000000000000000
-985.81163874137553 1.0000000000000000
133658.62358007542 1.0000000000000000
-152510.31707371384 1.0000000000000000
-381576.82208681008 1.0000000000000000
-144.96225643377176 1.0000000000000000
1257.3878916512915 1.0000000000000000
24138.565387826431 1.0000000000000000
-11630.553196839355 1.0000000000000000
-18133.847129390604 1.0000000000000000
30434.284055488610 1.0000000000000000
48037.738247175090 1.0000000000000000
166303.13946573850 1.0000000000000000
103352.44909269079 1.0000000000000000
12934.115957872478 1.0000000000000000
-24110.151775544153 1.0000000000000000
52419.913573925958 1.0000000000000000
-75627.279022929113 1.0000000000000000
-3547.4264360552070 1.0000000000000000
20581.455202880657 1.0000000000000000
-146300.14567378326 1.0000000000000000
25652.712564211401 1.0000000000000000
21856.130699318412 1.0000000000000000
46820.781299752744 1.0000000000000000
