1223.0699651339996
5861.8895408360013
-41616.171651179007
-8725.3604249775217
-4163.1787992378777
5125.2159831980071
-5243.8117279810476
2866.1396558833289
-4485.9640729943376
-23179.498018662529
-25012.719960823892
-2718.5566690868595
-5131.2614068829880
41404.096231008887
-121727.16858004057
39362.738033227943
-18127.656230369055
51996.521884035130
-24903.243593091618
-6137.3326673559059
-7624.9346008054781
75348.236885648410
18834.289990118432
-20743.800809516386
-104173.07481857861
-60724.727934529808
-31723.592373132411
14093.307965287686
-29230.024385977042
-11850.250441544194
65551.253654703847
-85450.746298469268
-78774.438442444007
38529.610028896612
43532.484579750810
-77414.314787546988
8130.5790278234999
-110986.46852387635
13373.318642958897
-69294.209458648402
15196.906411203996
33088.117098257251
-76725.140503829898
-104210.90064617095
83841.396243838637
49969.137150944407
92057.291642200958
65614.007695465058
67820.235764169556
-6345.9498723740544
67059.452067888022
-48121.661449090490
-50566.908785433618
27127.114721854497
47579.593788358368
22091.870673366284
-41560.518971934987
47162.879820595634
-27634.685414656939
32248.873679406177
-43809.582112752432
-38848.549651651228
-1668.1868351819776
34400.837922683058
72893.672153458392
75421.467418740416
-126659.25698781101
40376.189278464772
-8543.8141307840961
-77524.801102601501
38003.324124077801
14426.000690656458
2398.1719149616879
-9164.7548919796500
-46755.922448918114
-4899.0002475831097
-78553.157191646882
-28032.673501247802
-40107.516587265120
175080.27742622336
-88498.425425823894
-131541.41564093140
-8682.4702213506516
-53503.185284205843
-13302.227379613012
21601.303347266243
8886.3784565828519
165394.88502172491
-17661.095737826476
5247.4960195387466
-45873.951229335064
52779.556471261094
-1591.8434452019071
80631.928850482931
6222.9260477698172
-19930.984217064528
3373.4994393807451
-12415.342911041686
-102822.89284202590
30664.946959283930
22245.536203747881
-155241.51365675119
-23782.163816319611
17727.556318376945
-72742.245945210263
13936.652443062943
17921.020752979373
65573.727892181196
-13655.125034431972
-76410.978596369270
-22682.757509883599
-26979.312060951135
-29492.918019039043
-92314.180542347240
37770.395806620370
12042.002011273309
57821.117683499688
10012.219926198095
8977.3598452512542
21075.599005074790
-9583.0743158527675
-557.88492645487429
98889.269766884187
17731.062797708848
51024.237412116949
23759.730068979396
-2795.4945851042648
-16447.988523324271
-53391.043335797738
-35668.179177759957
-10345.129313616435
-28466.609951994906
-14330.242011513659
-34525.065294056556
-14918.865217326607
-66498.314306309723
39714.048436414792
-87690.541884411374
119774.89151308638
45610.991867289013
12898.068555121710
-4532.4537162148890
-7518.7939809743302
-2351.3772211252312
-5181.1947700127494
-58987.710935694697
-25725.845538425623
-50169.503670160877
-12457.861990685564
-17843.879410253456
186.27665883398808
-8238.8696140244774
-21602.753450206423
-34805.938338748267
23670.477029071950
-10883.668221571979
50259.739721705941
21147.605815298910
4804.9737655626723
-32483.061449412206
1544.9210243888381
80621.394488397578
18800.573814442276
-440.94491960097224
17866.001008158302
62185.538384804058
76643.922498847722
-39801.086609193189
-75737.161307196075
81451.708006527289
67851.535099412024
53205.262907232071
32397.614956031965
18200.897454186834
173285.20353710369
16200.053044600305
67220.648770181375
-137160.72316304030
-30168.640515289946
3194.6735070452314
3648.9130176806020
-30727.016483550364
62726.100837785765
-17135.684438716613
-24979.735849678455
-84817.637011719926
38614.975375723458
-65610.966597560968
-42071.810968754296
-75942.387720346785
16970.067353114926
128401.55660054872
-63256.226902065158
7443.9939146763199
-20670.352199823599
28682.334394081667
-2396.3016971119728
41340.120382598732
-56426.986329875472
-12944.590178788918
-105017.90230536208
-41798.898412472612
-70251.382321586483
17007.620854557652
-10346.495903720663
23662.732600776508
13861.614748715181
17090.492224515703
24969.113653345994
-15682.766420292186
31632.796950623950
131509.87944891810
-24328.248900779479
-41402.580244152457
163200.37225771404
-64393.437976488523
101017.44085154038
-5961.4997400035872
-1522.7098662391679
-129535.04783547476
3177.3502870089328
-65186.842071372033
-171061.28025342300
-55523.768403695358
73556.044123909567
31557.385891353006
-87126.449643062326
5862.8673477843950
-5426.3357501432520
-12830.582535014313
-35.715630430579715
44761.992130973915
-101045.54522270628
13275.529367781630
-56259.881506339247
148319.46015980444
-5228.3512443177651
27273.486144271912
-34026.527967774869
-58998.530487097327
-81824.610055398560
75253.929563406055
-283.84143326588713
-8114.7178398499627
-59457.935279091711
-56216.812748743017
52076.052491142997
11797.881931175043
39752.896976984732
-792.00652275122502
-47454.497324739081
79222.307052621458
-9611.3129771670901
6099.0493905515768
69262.904140339277
61252.696048038408
19831.916571777023
91476.224508485699
16216.435824231661
60003.014891187871
-98990.534880032938
-13115.671419207321
-13672.738342190698
16237.398702650637
-50196.107983209651
-218494.04347952918
16004.952340340325
11940.038990572559
57648.479750514758
37102.568728594517
56610.223554559954
-73074.973484002607
2675.0962019947474
-10315.636731395107
14077.204942978742
18030.760669633844
50727.928660226869
-25353.575176562183
-11270.633240273388
-111936.54874869404
66356.537161048211
-46240.890434221088
-14052.962511688704
-21074.500851450652
7556.2264632041843
16898.421682226504
-24714.480294129196
-42183.188671870674
-1474.1748166858679
-78670.174655988056
-51167.190039132394
-9548.1433688669476
108.70798955516878
-7423.1122310251640
-71404.740226448092
61082.005970364611
-29945.572721873024
-89089.902373708333
-60243.294877130138
-57702.978884896620
-7664.4882427570728
-42936.550410927892
-109269.19457657091
91037.124960228641
21328.303882374832
102739.11197916383
539.13870351884407
-205676.53838054393
-63851.726964290225
-215293.94433626707
-72933.375841100642
-22402.991878594632
21845.147497728281
-21453.683873024431
-49992.295911238376
-26493.310302021855
-133787.63023049236
-58425.183064095196
43237.077845068590
82170.758356058461
41807.914368091355
154130.05937246411
-2624.1395200462716
-55000.053723302983
29818.711086401410
22167.629044385416
131582.07737089650
25177.704755361854
51225.095818957139
-60783.963294659450
-59626.601960987042
47241.707926080162
74601.999581958458
-112645.22116546822
357.03015499362613
41802.480215374293
35668.837067977176
-30742.559749243068
72755.477786733842
38152.384933406065
19840.431399826160
-17353.475400301577
-27311.787908331997
-28972.611876765062
1674.6574364436997
58148.495131196752
-45435.680267371252
-80851.251237845529
-87722.444400736276
2813.9298947297571
-104627.79225147387
7741.8957587361456
5139.4262713910875
33155.728497833836
17337.693935616986
561.92719743354360
55100.963068608427
51833.636751311722
-40.341611267143421
-8498.2933821236402
-51687.972606440591
25814.933621479515
8592.8159107202282
10419.923808858957
-27552.128370935257
-20641.168752208847
-59832.179401063986
2854.6534341640463
-55189.208921586927
593.80157337490914
21362.374811148224
-73790.607105359464
9248.3377149116513
34996.579939272262
16308.679659437028
-55066.224342519607
81070.228912254403
-55572.952618760210
6824.5116815396914
-20730.080540311996
40486.544415077129
-24390.706986536992
-133041.63464251789
-95678.298934351056
4700.7031177424024
-80626.977282276071
69683.285540468758
-78100.777670475552
17933.269367117962
14430.566668736585
9823.9840800605525
-114781.40841120618
-16850.186376523125
6390.6126816118231
-45046.723363734920
20128.410112218437
-7674.7300186613847
35790.068381101395
36642.835158213951
-81911.246304053275
-2279.2362067263298
201679.91087211840
-1645.9224782524379
73034.404515666552
-42121.787528163935
147858.30794257068
70778.469795434808
-35930.919333664839
33591.453949239083
-32600.120955804170
50359.428086043023
-69639.435933021974
-48580.727714301858
-72346.320746003330
-42144.091717855990
67763.810694973232
33581.441090292748
32710.365267863268
61535.949085986438
-38840.005967556201
100894.11797149466
-38923.689618964636
58118.078679338600
138304.03677011636
77146.905710014806
-127189.82243558882
-17539.807798205347
122624.17973663560
-57668.711644154500
4264.5106997900775
-78459.076723299775
-35585.324697251031
-53774.794728032102
145253.48406939875
79726.856846708426
-36985.183696796405
-92446.396494442874
94010.661050334180
30497.190800690831
-45313.054360183669
-8374.5362140714424
-16628.407534829385
-117068.33946484685
37734.641882006130
13153.894077315568
11130.931644596052
-122318.30169247100
-80940.432529003796
25976.271379688729
-32211.647612614332
-114284.52955540273
128992.62843159139
-28309.016053886498
-17444.001872575631
63756.715461036714
10717.787531774346
66648.449256828724
-29779.660702780493
-10329.746644524821
-7374.7991026593299
-97822.999028907827
-103209.19885522185
-62159.684997934113
-92479.025735090341
48787.309311551100
52061.312486649083
-43583.271654680371
-85509.190099401138
42943.596956321846
97708.139893715750
42636.334149274189
-4878.3282129051559
-31716.372009129180
90875.814144088334
16980.879571596957
-10212.481846152699
221989.26037386083
36456.451184038706
-47769.987116458156
43444.512951196310
-118203.67785019132
-50903.130943782679
-44327.438143741761
-10320.009536955537
-63708.324725670449
-34431.409346080814
-8320.6853911828803
-161727.50323834553
13741.661280894161
-140.80159743534949
43895.068528255957
10139.660475985946
-1327.7666689065018
22596.844870628163
-5706.2659174204655
86220.799704722114
-36230.425237789888
60149.724499865348
-6470.8188496245730
-20660.823043727680
25481.244631650148
72396.566336155302
-6777.0735568049231
50767.678244847113
-29212.766609448649
-82869.894967542743
58128.821185590525
-85571.206880232639
13693.646575498355
68488.743641691079
-86609.331916001363
36510.276313312730
141628.56948443918
-29726.583528296658
-2881.1201030087291
14489.895337696053
-116463.81728398683
-28623.832725934819
46540.264016535024
3373.2766063204890
41679.276004938132
17533.216634121465
67045.067822530720
-48844.313532234410
-48196.454243801556
196284.91792874504
27086.261403362922
55173.187566432483
-34735.021712003261
-179709.26436212173
42306.837248952004
-147872.68753527064
75133.132367037659
-9949.4486865240433
-12560.143642644191
110329.85711693614
9551.9107789131922
-13852.988321406696
-180989.10997422415
-147620.74144350825
-47691.752789228092
74946.969841247497
23779.257739980174
-23655.155012061747
66364.910241205449
-75381.471929207357
-140361.06536969307
118237.59261552314
-83729.217692937702
66528.718769921630
135244.84233418998
18477.347573524057
18502.075209403378
59675.040548266938
45381.968463218167
9985.1236608089712
74744.226754226518
-27803.817523841539
15156.511032331357
-52060.295954568726
30613.470442375248
-44259.518836537449
-28384.860879296641
-61977.277049672819
65707.900872243234
-11016.113760294316
-39432.294873780382
3267.0437036266421
70369.305308706011
-4134.0490499779153
4713.2794199414329
-43477.878728205287
-11129.364683058659
113359.40242541033
-62105.298288271537
10367.876006321536
-19236.710903072628
-9583.1749830190911
32721.030610380250
-48961.116141596183
-84218.171948699324
-31219.691504166225
44402.914041885451
12878.602096617853
-22368.893439153926
28139.469295098810
20475.423136516161
-17884.399525414316
-71630.498593947210
-41555.515617073776
10179.087910242966
7419.5426611211960
-9625.2609925725337
35671.082129612078
-109694.48679167029
-28384.516682675912
71575.180597124621
43977.050161704996
-8422.7867196167135
31025.438878751080
62538.296034815365
-136507.16058469500
-81481.095589607023
-14319.386077039329
14041.628915853495
-16623.874165212605
-25991.448793157379
-19330.600130612343
759.95023932397760
-66178.668647186874
46761.654709974529
-170748.48824781337
-7873.5297047530385
137744.40595156723
36240.512747475681
20711.843907727874
-18141.042088970997
-76604.012606909848
-36456.101975560923
97228.618479639714
102835.32525417849
69697.335249969765
-64311.303393835311
123830.74292112117
-128558.75103399772
-85842.372755466116
-101824.22956690253
-109693.12625296311
95980.627472919208
17997.100763843475
59534.962767100369
11980.214240936555
-12621.890916241035
96549.518271632041
18634.178740972708
11281.867774580674
-66743.300656687396
-42164.653083579135
-33543.296519327319
-30736.743838677896
23272.027170573416
-119321.19282584256
15819.141545938890
12777.949876749732
-77124.593356335288
-189327.50673689897
-3101.5898861159503
-138630.15783595914
91534.329382204305
-45254.405149796781
-69493.720829922138
141782.00765727443
36472.479066000495
-1023.7442041335412
-10480.652812242211
-47592.089404827471
70913.835052183567
-1624.2783390967502
55390.751371033402
-25104.821491896899
-21042.636074046495
-75880.466694977775
-95052.467992494450
58117.398587582713
-98878.761495408064
69794.228766772052
-16948.985369828821
19005.954959225015
158370.50067200695
-2542.8495816907271
-103792.85721855459
18417.367024434694
59814.079519351922
-22042.985652592655
6384.8964492208497
-16427.461499791701
-50529.966826834323
32712.513293050772
39697.808105670360
90615.108782396637
37942.208253094257
93226.100326743370
63230.610459122727
-262625.94968645676
-60691.407822958361
-81.311088415850534
4092.7974126428685
42361.087934927957
36173.596377730770
-27055.964976598869
7840.5190666301414
-32254.302244332612
-6959.4737826379705
15920.416137876360
-64382.481779788570
1887.2645272938194
13468.345110608712
6909.5021117003334
-60548.849323867311
11194.868608543398
-11103.341088332085
-61322.122285090656
9250.4592587349343
-37481.807979560406
-18926.842494316297
-27865.918918915562
-5172.1769114031940
-24175.740591243146
-40076.695158918141
692.42011246885716
-67922.100554271921
-93095.183075948429
182397.88306032639
40150.975818028208
45103.093097899036
-12813.433247912651
-4963.9644588098708
-21990.529135664379
-99582.873330290022
17420.825729121658
-13008.836768378615
16701.787435002869
-3148.3351034719699
-14096.472491659018
122972.34894195631
29064.702643674827
584.53062227369401
-2959.7684284292486
36310.252440737029
28667.794551763502
18811.577447091044
-46813.177045997276
-73345.213389037643
-39733.668741113543
-97050.438918678687
-64260.651585256142
25473.379115703799
52860.418567988265
-84597.524722874135
-3014.3043327083024
-154683.95592937060
-68743.890490741789
-67583.211754495744
87827.661193760418
-7055.1183378555052
27989.726572263640
-232558.42852202547
-25992.358006738974
35994.556394146952
-84441.550051277329
21667.860980376667
-102306.48587109293
-16239.088472578707
14839.033708807156
66874.912456216756
52339.325878107622
44611.069966817486
128080.28470836344
91295.018179982697
90428.013836878614
16511.920238566618
105109.29602417344
-84920.860919107537
-66886.772383615826
-126837.20483249563
-358787.65708513564
-24821.583472616283
36649.240305913248
-85194.721917041097
-130047.35494811820
-14527.257213912078
-168581.88771040784
-95760.072736988543
-160224.90325847274
196762.81946993334
-24702.787403719893
41159.748328566748
-46091.276253420307
-132237.24718570913
-103898.31438132739
-159213.23123431453
-115007.32450104112
155342.92128367050
38852.987776426591
59175.592481115578
21136.189810693351
-149694.01490408421
-74492.847916386352
26062.294773382408
41102.475366835744
-2245.4179180736628
-332079.01276495116
-209485.24191170037
75496.539330430212
-199862.98406980516
3595.7334058344377
-89849.672142616313
-55275.518200077284
292.32965701829164
-3533.1937414030203
109798.15144571954
-24438.072746691239
138093.43258871627
137761.28167867742
-202569.71253356975
30647.311795154488
-183545.94666178117
18643.137633504175
-55886.576763463709
156.68530175593870
-21314.649795122452
38623.214552370213
18261.060087189755
-101393.19522253082
329372.35102400027
-73490.217207724607
-88806.432984895830
1002.3098938326235
1966.6260049716109
-73126.912460767941
98999.815319117202
-47401.997929196601
-121026.27725904877
152446.80731194379
-85042.715680645750
133504.65778384882
-77977.260842218253
-140765.85453220652
54851.989708079265
110585.08892657378
51606.455358320141
14835.385595108450
-336072.21830374701
-220707.17638042822
-5345.4277624389561
60528.724022741808
48991.897792553151
-144723.47327327743
-37347.635848903861
63433.293136395601
-98268.824535303327
114337.18311066100
-127384.47562480121
-19520.272502474807
-84331.129750454202
-211512.91944606448
-27876.168820476847
-290957.21508109727
-38486.395736699131
13161.063990287343
-22744.274935581772
59760.160996723840
-99512.775592729682
-31461.783422520013
-21648.513536466082
-55139.806849761677
11203.896470505753
18694.241169233694
-103070.68192561656
-48404.228404782058
63872.541024936058
-89719.124941004469
-82079.889263939680
62752.483872052369
-21767.578342506007
-87181.539108688230
-53593.381288448683
177174.43518437198
61623.650509796091
65162.544915351646
173997.02412715036
-34099.878026310675
-3716.4897975012400
-1005.9524228032016
130849.93901425703
-3002.7030808015638
33534.755283118837
-32055.565201060905
55617.364228235732
-47360.019396373093
-15971.707996189367
-20874.859083783522
-27025.691369087326
-24826.262028532012
69412.587294198442
-1992.5176498809230
-31364.187583114843
119376.35291866602
-27795.860413498052
-10359.777134140713
-14940.203611415222
-22342.867722002276
60338.819025466306
-176823.36321607398
135383.71730116339
-19288.860883442230
13840.126922272346
-6322.9727940408748
21963.135471895403
-333113.06156580988
76605.891828861189
123252.33894745047
225857.80448060721
101280.57500524988
44640.862236749534
301.34590210669325
-8494.7485516210254
41842.150615890831
125831.30701484316
-21268.083818830415
187552.14674934256
-259263.08387700448
13145.912910775702
94883.597110394083
-36311.247511809510
10066.782442399555
-73371.990393025291
-81210.420364851234
71598.171621482761
-145589.75140133273
1845.9714052224119
293260.11843541497
-28191.751125661376
-105449.95053933178
112742.00931405710
-73149.152736492702
-59429.656923972303
20966.969805220069
-117354.49217071201
151682.01927517256
191012.20138640655
-69481.471968942700
29307.464478041697
165518.82183995066
-166462.57186161596
11792.769368534648
-33655.452902497462
114624.93962070017
34898.478311216757
153355.07760103699
-69754.558780010833
107037.32078492416
13669.472498931220
108882.44047807506
35635.290513290274
-143306.99979983794
-169177.18907435192
127336.19270811585
134687.94138777599
-14503.413335886064
13164.057882733014
70147.618712869109
-19633.066773724724
84614.932270487581
151629.79716521769
155499.79287670070
18255.372311862182
15385.851083496502
-165323.61834849638
-29984.724054498238
-22606.658617822999
-126405.96650741131
-54107.401526423419
-137746.41563563654
41176.567484378793
45499.666642844342
25360.284524803745
29648.567707039008
286765.66957937460
77111.166292288719
129126.31759304540
61842.999702759560
88660.562830370996
11928.697804554547
-34224.820603784923
83718.327819494210
63411.991924433780
7284.1901517462238
58154.865073347726
-8976.8566298997939
-109321.27367191087
-19274.757228152786
-9739.4584474360763
-109867.98409174586
17242.863043963011
-62313.755936948233
-30113.913321184467
150147.21907659410
-116152.79346042778
-29758.545243601704
91081.089114611939
86844.813946900540
150648.87581071610
-73491.742998715534
-178056.86817870973
12641.459401293288
-32099.030606486300
86563.198280410434
-126545.81585490856
36107.497352492181
226522.25542879838
47550.852055080570
166644.34755312453
-65822.364197783085
-26872.898439190707
36297.137271172593
69937.821114344508
157147.42117146772
-161176.63447112605
-241639.98636738679
-102841.88500246995
-4036.5568492580551
-90105.113940572424
223641.42257902119
-1531.1395488294495
73954.033150632793
-129068.03493982625
-20974.290697373348
189291.85691396936
-28589.098072562192
-152322.06487501512
-28457.239865528616
-165377.02899911659
103869.20672500134
31696.082981223379
-198387.32601141770
-12122.941287763206
-140906.14775022675
-175581.01037125057
51528.823583703706
8402.9616218888714
-4481.5136379596806
5712.7695500488171
47378.842142403446
56775.248860017389
234016.64897591987
814.72842398369710
-11672.200945661818
-44996.602238996282
49649.446494028802
98004.541174142767
-144514.98486644548
29264.675829515938
2876.6024507561865
-57618.863637108036
41305.187841809347
68055.798796914722
121303.36216234743
84566.590626221048
93495.592534144918
143415.57873066489
-63587.028471982725
84594.455842861702
30848.363078744216
-40303.130520043713
30845.781093798516
111759.25020008093
6123.1223760699932
59288.904393141689
64501.098970495914
-78015.941781703674
-141835.71789334144
-27303.331825579109
-48854.199796964778
77493.042221957468
24208.665980450212
22216.798042230526
5439.7731979122873
213479.85319773242
27751.329213470563
100075.72215203036
-264993.06318437209
-42914.401865867265
12717.693769054495
129912.16727821612
-70737.611973825551
-19938.934154718823
-93836.025159174023
-81774.607645698998
198900.05477235001
-14945.687688753920
278593.91643968632
-25109.759158266952
32870.471097450616
-38939.966006950512
51152.754363056840
72748.918746857453
87431.059776764741
59301.974824555575
189894.65460898782
-46879.720045826427
-141740.00672743830
24960.903825436286
79789.981169342951
20900.826074551082
92356.746432828208
-79324.473919149255
-106168.96804070742
-52093.812900415571
-99560.163921830928
206034.26406791262
133998.64354921383
44823.343813394145
122045.35020799341
319585.06860532070
-13303.798373656076
-19535.867698628706
25418.856630888866
41857.292709338348
14130.107906916423
-22040.434184215283
91862.772660299379
-149488.57733714930
129379.50796495487
33691.324645695015
150056.76185648548
-109180.67581330134
113857.05805528011
-28027.363076867561
-56382.008953542769
-70742.344371694417
-63407.842557752083
181182.70858847958
163927.06543698971
63165.502391523420
-47565.901677838883
29310.513287569884
78147.983737190239
-10121.595293008855
109475.69149722833
54693.825261714948
89148.685106140299
18499.524406540368
-52904.622432872573
-500.06235827739772
-3164.8208292725108
-17345.110696030955
5401.1207298506297
-51678.507960883304
31667.667231339547
36366.810404406286
-44882.207067899144
-9913.0767279202064
-117275.71328604704
-74049.979675986586
90184.526527125752
-26686.037183700893
73218.773733657028
185320.07036693647
-1332.0166960030078
191198.63789391884
-52418.905384529346
148012.61434661111
67134.527849269522
-48594.479707453553
30048.852455461052
95240.094955159497
77577.782218187989
19024.053310796564
65544.562019659614
221455.69412565004
-40745.340700020002
93490.444859964235
120239.78536097116
10104.637027629660
45914.502032219840
-56770.418184126778
-2431.8360754559817
161.34163019160243
96950.888024533488
117090.59370290942
92432.534179595939
12409.901833156411
-59271.472927839488
-112644.79621594412
-84289.927591913394
-89772.942022343850
6194.8413800774033
-91647.749417628031
59788.652687704889
47069.483782831856
-69514.363842314240
-16567.699068878275
91692.377572504600
-12952.196926244796
81434.336685092014
-36958.275935885329
4091.0444654984972
-233937.33696609928
-3931.4022214392721
109600.31730817238
219729.60066353375
-50089.632215157661
20754.715714522554
-15230.787365159824
-67082.703313660386
71983.750998295189
33051.305421383324
28350.024462719171
49037.890286125294
-27395.512410417796
23806.122758961032
66670.276468081909
21.267176787426539
-18569.559190539265
-106559.14498472924
80318.923149154929
221809.54556428571
86249.523860952075
-55232.565288634156
136563.51737821568
-74813.776073400877
-67302.493226874416
-90384.697342916115
23378.028524755326
61326.629114903139
121215.06608992034
115040.54678499655
9627.6023628538715
-121060.33382263288
-17018.259181030851
-57994.881518994865
7982.9577846087723
94514.486075640030
26354.281365484829
-10815.100362169072
-16980.306971360416
82563.518570431843
-116229.99157563371
-29009.300897419322
26435.350161919192
-41115.045862379535
-6222.6414943534883
-81189.808330226180
86430.252699184173
66868.114661136075
-56020.432256368505
-34353.460783588969
4149.9908209127498
-13749.944736913627
-137814.13623836252
-19715.934826384804
-161942.29750503256
-11227.062229682606
-28226.052589574458
-169295.81231121157
-18865.372480521066
-179378.77513851962
134120.76490231277
-5550.6343310712882
-9389.7026452607497
82821.666110393329
-21727.030242255027
-146762.28429156440
25922.646419071145
53113.360437413488
-54200.777166107087
-71314.884896259813
212726.20084324214
29989.345954177177
-118703.49284229979
140248.80716477137
72909.751142699432
-285965.05870815367
209874.01037649543
59015.282830863383
80752.422389379892
48708.789124656476
112271.87980171583
-6195.0413177441815
57062.629224403267
187738.66361349903
28080.593347641985
278423.57866950979
-94193.195196911503
3120.9307029891829
-33026.543804522516
-47069.881592845210
-65984.802330063962
60207.834418100807
-97036.396068997332
-42925.879076489175
44784.086794878298
-4221.0906551696953
71051.741686249836
26978.105498099507
81256.330972254204
79487.348280954888
78467.611845275620
-205454.92995692405
31337.780709241139
-49839.588622709489
178240.89978775842
23899.705481806952
-287959.45262113353
-230791.73610140479
118810.47088180158
135347.59559723077
9408.0409461384806
29929.528703899723
8353.6546825701680
-136514.99635871322
-334.77166353731297
-203771.77190943324
-167179.52558542407
36082.759139920046
-47033.819400155844
52293.795059681019
7677.8615162252163
-21187.596641005166
16864.819089755096
20405.807677130000
-23523.103047430119
63149.537251851856
75.561549994448313
50912.573394674022
46883.811232849155
-26136.376788330606
-16719.464755566878
-43008.783386852643
-32801.876761430300
-17134.542887188531
65773.394347242865
-38639.503278322605
99719.066348176202
5999.5435115213140
61600.060793771401
2249.7936631337357
100143.97310438995
-10670.208470933008
13655.229402439742
-30431.612916647293
130645.00988938384
-115395.56047626332
33334.839456182228
-63186.335822165252
42043.706588349691
90937.657739409333
95302.391157432488
-75800.882912394998
205773.15598209310
-72075.284600740328
-47555.936481925659
1883.3375314813020
-65662.742198485226
80119.262258324161
-54613.537064895660
-196700.07106811681
-110587.05687468436
-48793.934380193554
-77601.933545777341
64429.027841490148
94287.360488028949
18875.975186045136
-35219.408976864695
-61969.408573960005
-47807.996635734140
-103753.96315545880
-65825.231413695947
97682.443015439814
-17784.881327078980
99640.932948973845
-101083.03052206890
75839.732072391722
187180.50561639844
-89728.674876010584
-34203.321045970799
-108247.45206888983
9876.6744587076464
38090.015050704365
-24443.000038129987
-36108.501929037797
34636.602532806239
-192953.39168196748
-47563.639181401952
-212942.36373619281
-126276.27983919797
53141.802628508754
-9720.8269289044310
101329.42652279511
-82217.074653386269
-169344.87889569503
-102829.90271146226
53362.687926754050
106531.64386116060
15239.393706163633
-10845.460896060200
145894.48554395224
-22905.063378492927
46066.494610078305
124193.93336799883
-231951.58096310595
-65966.416084172815
120810.64002192036
97604.269562125744
-16580.215581567471
101480.74739964434
-55353.469417187873
-223270.03731373005
-59955.850033454830
-46859.786533450744
93321.702573929855
1762.7792350739683
60448.990241469604
156795.85317088396
-29496.172159770893
-63729.856146647879
146271.36718589778
88580.632413240557
32723.255485262340
19553.659401988203
20796.594871017009
110154.73165526196
-20633.255337290095
150308.14778710314
-7262.4694922708613
63861.577685810087
3466.9397572944226
-76589.320991376517
-48223.292522839140
-7603.8651120524300
65040.304992859295
35637.426821280707
30276.209725993598
-97819.944460236511
1514.5845256328098
87358.102270596821
-14292.927858215662
17355.400713340277
83232.246939263874
89328.499863512479
-13604.938738549319
-47064.842600422555
-69467.190959151718
-13999.307236981420
-54989.507232111886
-134734.77751565762
-45095.889827049155
21762.264527302064
-36892.198269550528
106309.06332403225
253206.92362108259
6632.6724632168862
-40472.715268196356
-21122.388058763667
6961.3904990695755
-98940.184021217457
-132677.35644623294
167145.54900176052
48737.424133899636
-86631.334603863565
78269.078466907798
171108.25207098247
115000.41998154100
16228.328031981780
16056.355039717893
245553.55575549440
-26828.869628254477
46773.375298970037
13475.487589196860
-12103.944345569607
255.99947958816469
-2736.3835878357231
-44545.962145962549
-94718.460509446100
-4120.6216681319256
204130.32121240697
74750.055886292714
-7636.4741992384543
-186103.72816885068
59810.023830279832
-55322.555976481621
-15444.814158734162
-2509.6847883352061
25940.372998901075
-12007.071671479458
-38831.996261288266
-68625.053070914728
-89552.362109186462
-21326.616067866034
65182.578236881265
128170.41833201484
-137010.58316884396
-82393.785395371742
-83441.955674176133
83734.771689003290
-27252.148861944726
1973.9210911067692
-31405.172819456438
67914.713859425130
-77777.839391007597
-48588.968374292941
-134154.97986341917
269793.21802540869
14763.708632274635
-72558.623218575332
50157.481214698892
-15926.157312136535
4274.9661286729452
-48347.673500021381
-274054.50637196633
19448.343159579777
133020.85531141504
94152.886723805146
-8612.0459767386947
60942.978133021512
104111.75466391163
-11885.328852417606
-96639.778090310137
-41489.423208268810
75312.611430890756
4519.4367492836654
50080.747863960874
119988.64322609727
-16276.777247175241
-23929.519324488560
-43668.751432678204
-21774.725042222508
-17442.171002518655
-141900.68823270526
122380.60536008251
182343.26331041608
-52161.911256319385
9116.6571855769998
-8436.4174375086368
-26929.316414937002
108203.64183845953
-18947.905534205300
-132841.92471286800
-53193.283813433765
-51499.050653697675
93695.354939003300
-133472.13613417192
255903.10078369139
-49142.504511277890
4592.6854342707429
151031.62489458270
160356.12766141043
-117739.05528595558
303600.08643009001
68177.105349229678
154227.57115520682
185516.03056223522
351462.45705246611
-93574.440095769634
5089.8769318010873
-114789.60095792405
69349.096011554822
-42409.057817797169
-100862.34294684751
37360.442848271501
37592.725841412765
-30759.687486973042
-172324.93322757151
-36507.543693850450
250640.54105757386
17603.676401412980
25529.391474370892
42115.470028242467
99358.268635966931
18488.210268457744
76789.166514583834
85110.618128444927
56032.922730790153
-88762.513996819820
-61259.680639756662
-4283.6319820343642
26196.003604148784
41495.373875593308
-245249.32963807668
-47347.471995326094
-19193.482346917674
-123882.44447635887
-207627.08326069510
133820.57245781101
67413.162619943585
64842.992558211881
-122283.80755113185
80003.930917080099
16790.024848767782
-28693.321648201727
123029.47858256605
-27837.802701362296
171160.57021121838
-97218.301738906521
-2357.6923400755950
-27097.968573058373
25623.475182354465
18571.734669350739
-106551.07057486421
-25453.911604578621
81307.329546795474
12275.320968218683
125364.29862425444
-69688.816491582416
176072.12608119994
11062.473819354049
9527.3434055213111
91161.140593226315
329327.94835107209
27153.367855589186
115530.93845040680
183407.11450377959
4850.9301159971201
-105077.60155093875
-8950.5522331960092
-167190.16208776701
-107659.72674578338
181735.06319697844
21044.236664608292
-188976.89618957046
-4301.4212764731337
56882.203854271407
-5501.8724315756426
-42033.411832395133
-259077.85560765152
66794.803138833435
14761.742448957768
-79345.861123720344
74971.963845043210
-92511.318504098177
-97416.985813019521
-27288.422421446987
-95458.504933467295
19489.837395295162
57565.813889973426
51773.654665852948
-56888.007088182363
-27195.442288277794
55073.607357657267
-68571.596526848720
-61188.694499724486
147025.95918970692
5015.5407790168720
-32583.548961993816
128139.69601872579
-143439.33796543113
152236.41296697877
-92438.091748400562
11391.606494573176
405772.45530461526
32696.530042633491
-50463.599960999476
-34323.305448873820
64306.304180308070
-67870.673831337670
-60422.501533211085
-2025.8170219043413
48898.324706093110
14946.365120535800
24727.727081400328
-33977.181307091312
20902.988628083236
159165.66096568637
-5450.8545823369523
196165.78050999812
159020.11236685357
-17559.627226585668
238856.34550509031
62521.147712770202
6047.7684475831747
100425.12229739178
22899.082076834184
19774.770096406683
17711.549302635533
-49272.849782795100
-77395.565448039313
169692.97261544914
-195331.32525617583
16180.462333120669
-236380.07540585467
41970.365218605875
-200592.62130403498
-244546.16453575995
91219.485603560955
-29121.084707711190
-49858.830901859656
-54241.206266831156
14732.197245578040
76241.087518951259
-88805.240305336760
-53730.761724077725
-264347.59898474545
-29648.858910173458
-11849.605677623998
-9483.6093921444335
-166842.91460694076
11211.793197334735
-52341.252320905005
-94990.595791488406
63694.151005260494
-35847.136297780969
10076.420186543128
-52874.259391896136
-80416.582339530476
126588.45365410672
105166.58484251340
-81122.826830141523
26005.783937015243
137447.42663600558
75630.268511425995
99776.872361967442
15109.275293150726
45110.451651408504
-163494.98938521746
-80441.706101480871
-9498.6773928710390
9064.5439903455863
-53055.289946874313
36218.530951341279
-158209.70198668109
65659.526956055473
64061.869162882249
-61924.380870244873
184593.87727650552
11518.055166326731
90595.361117500928
-7704.7580025228444
-94801.776211944525
-109897.92161905815
46846.565985874404
139984.55160225646
73048.952531653122
223086.35931225133
191936.01279862164
-27777.328874617066
-28570.676616379547
80231.820548955977
-137981.76423000899
-158905.03057262822
-72485.048218238517
-71072.868448298410
-10021.910722769819
119999.64938242265
-61043.905458805122
-138786.79862481254
-150758.50946842835
16456.962318650323
51051.304502844709
86343.373152029584
-140661.70618200986
47658.956397966824
42841.898480515461
189174.61625488885
-68850.792799188246
109627.29864162691
38751.487064207227
-116178.07555874494
67820.206531107848
5996.6196870239346
-84492.825536199860
4391.6348963898854
-72603.657047998771
169683.53767933353
-51461.126394407474
-37183.918176172803
231110.66601274989
52602.457932888894
175360.39809401651
18985.361209539013
301453.31853528769
25280.380097618552
-1836.0078828635737
-67015.585380178774
-47899.447868290634
-14574.198492147214
-16632.683383178748
179744.66135712058
-65590.781138455044
-113178.37239834940
-1227.1305292041930
-8176.2787927296122
-41375.161334487522
-66495.880716823274
-72039.362974827716
-128923.59779670859
-73465.814928161824
-38786.558925417929
45063.557251751277
-159163.85218072502
-4345.0335101905575
-71725.709102152730
122759.72193223641
-173010.31606705242
-71929.328276659508
30316.496784587223
110044.88046935224
74981.795901722042
-76437.655970849955
35899.559719546072
-80176.377072350137
53750.795713305306
-10621.876895127165
250567.77617512998
-85703.983621105028
78425.939166747616
47899.624239525416
34316.839242046197
-23027.879113637344
77091.812939839903
-42302.067024061507
30599.375984578342
12113.428631316308
-42951.198471035605
85308.376443231100
5253.9568421261274
243528.47164073345
70737.165676200195
80113.741475409392
-62364.301945465304
-64841.470797965660
11947.772789375031
31327.257489340263
-37473.696614197885
-54265.762221730169
37381.354584923116
-93945.629148853681
32988.907561657055
176128.86394548457
-48633.338446097303
-151740.49393295345
-90211.540917151666
177128.44369641723
50794.163877964871
158818.70440101446
-135556.77706223732
-1384.4848198925451
96366.625486409233
-69005.299893427786
-88958.368600793066
54922.788514014508
60817.916145754876
49178.725613294671
12526.701325440590
-9381.5289034430898
46871.397146959542
75599.883091197989
84873.966729571199
-182674.18799657442
-118954.79559350606
40497.807017562132
94440.440358048334
-126040.24051364540
11765.589056244013
5329.4596032727895
64816.838808057320
76340.307370765106
68166.184950916489
-121743.58401703315
51498.447368454268
-59282.249888590639
-22735.234582248140
-205519.78486109985
114116.03163460841
63833.854675213282
-91890.298735060802
62462.602159860675
-147437.62502978841
157091.69510924970
-91699.608879017076
128752.47121213477
26782.534033283762
-161100.07169508105
63365.263614852862
-70424.768286693667
-60981.546394522382
-97837.197311834185
-62310.070399052558
-162899.67162678382
75687.143118577980
77662.957645822476
-186780.30065341675
29157.601321637561
112864.90826975799
-52823.270600777934
14649.168316198802
-150588.92495105960
-68476.509097303366
-107805.42946155813
202295.57422141623
4787.4689350582794
-123233.62240637318
-11286.987678773246
18870.537959244299
52953.016096813044
-17504.680282642759
-76607.715214727708
8267.4117230420743
87222.319042618328
38262.220264859810
-24162.659443884953
37512.596044986007
-6086.6123327367131
62020.212872374424
-77319.847765368657
14877.637264478977
-19229.333923934711
-49841.117292458825
-44534.233180218565
92071.751804813815
-20249.386489203633
73554.734270592075
-6458.0218176905501
-61518.668127158569
-15109.075640813124
-6966.3670431411565
22710.197844895178
36978.437295114192
16867.678215044180
110422.84803775704
32350.414469287152
93480.548680058753
24056.542143295850
-4016.7003433771370
60122.323419903929
84686.130619070260
54021.862977182755
120307.66224254589
91909.885078228006
-73822.133582681170
4628.2084076802157
120525.69933779853
-7303.3758008560417
71791.185639973177
6731.6568766509117
135692.01043388521
-85855.307583827394
4252.9863957576208
1211.3194607289633
-12662.758402648973
-45438.646271062964
128291.20889218710
-99658.994429150334
-21511.102236362403
-34917.664150966746
-47904.852296083285
69715.131933297700
12910.984793220998
40816.172988179809
-112928.27927768373
-50337.042511942287
-4865.6665290750725
34460.157854318015
62474.550949548611
47820.763536195162
-82766.243550858271
-12271.913085353968
61043.154152899799
1417.1019337539808
-92506.243384989342
110.95562507783502
73819.619926859130
46704.680281455287
-20282.688482597936
1123.0188037295284
6051.5930673679250
80613.978836875787
-26067.294749034740
41368.230640678550
-91878.407927914319
-18184.300477779940
17846.527101795557
19331.455237816463
-5009.2405259233265
27791.735586823288
-58704.581336856907
25206.031908685669
-91941.383357575760
-82000.129240242459
150252.67004614830
-39401.566098090836
-16088.141568082669
65124.588912883068
13160.265670715842
-56465.316075216833
32535.837703029341
-119260.21462438574
55614.308910660075
-64188.192472204842
-6563.8201872352920
-65469.039392799794
-21881.036157394868
149896.59998192810
100608.29499888180
-108124.75875182533
89018.673678968174
-5309.5027455832724
-13715.800862802584
110.75758239179251
34621.467505308086
8505.8358591781489
2470.1294882484344
-14405.274533568574
-6796.6255311120185
35901.506749255779
-22037.878361822593
96710.979316810524
3298.8102163070089
-52019.878504892506
11760.195564862253
21720.644974970332
106423.87146458542
-45251.048428303962
9009.4715609890281
-39375.160505817985
-24997.446868838670
2750.8923687353072
31918.954552825275
73531.669575047315
-44306.499385615884
57935.894950849557
-45820.678170467181
-32735.340933962532
9040.4395431044359
87601.772828314904
31419.755646272199
18494.830605763989
40906.421989643291
-36609.360205003039
-51354.458558916747
-13401.299368586571
131588.43584344711
-56194.959688788840
-118056.13483803313
-62247.918523286033
-11410.045809369445
-50809.164006735860
-39762.533976190134
8421.1120852987297
9936.1716479668248
24855.215311430049
-82394.391742952008
26112.381840614587
-85391.665508391205
-63795.423170217829
-12342.393220996431
34737.222906981064
37254.850064683320
35984.359869463755
-10320.518920348994
81432.969253057236
-105849.49689688442
-86170.686080247338
-1680.6835118985125
-29623.369626209565
74148.396976671502
12837.841479173330
-44629.227021394356
10311.076021509352
-66521.669593017985
11607.484035144967
45795.488981768431
-136078.86652964790
77025.748034115401
43685.263230553443
-12077.196997937148
24429.171100769985
-4275.5633169870525
25744.501771365754
22.087024517029679
-13304.216610348487
23763.670793849611
65353.781487629087
60672.541593566399
51697.887579609036
-58679.833328728440
-16317.677602320198
-198330.13678120010
-12934.786351533336
35449.314359091288
19380.368285609806
-17787.959240425873
75445.669575824257
28136.361613019166
68018.134981816009
-25357.151954042329
23783.016002333330
63629.729090234658
-4035.7082370640587
-24091.296309563684
-126600.29170354283
27534.695648866593
120621.28496951933
18077.129998878230
203558.62651458863
143491.56136399810
1497.0724811624698
-153137.16540099581
31717.460867957321
55034.950777641832
16984.650727280983
142003.66166710979
2020.0197005622106
-59292.685252167488
75209.349649108757
-37407.838208494926
133460.11687165947
-156517.29872523624
70013.655276245147
-180964.62945750685
-177982.61320605455
-80434.944273593850
-7494.1598997031388
23246.172024276981
100020.71081746445
80332.654974167948
-52070.337972023313
-5272.0352835980548
-89552.314320391044
80099.034791337981
-36911.453968457361
1773.9104059491408
88619.017757316949
-99513.801461340219
36832.940668120951
-69563.035643958443
15035.892872253453
65697.307872090183
1682.8737907957063
-48165.808499668841
32900.714335828867
-24733.111468318381
-122412.59719679746
-84142.640388580417
-119156.59504875071
136263.94452356623
-45937.949319109604
35253.330705332810
-214622.36453121353
-109687.17869784161
-76727.330708888680
-181575.68950524932
36788.358902709078
-134279.44270682809
-123485.73029645137
-114315.25727784683
-138991.09256966782
52211.683446453659
-3832.4477194440947
-133673.93575417186
-18249.577283686369
-21785.742870371741
121005.47474694175
-32292.173870353556
-17055.661299557574
-125460.00848060235
25868.311206911476
206171.08258711742
79996.055434586408
-2068.3749471960055
-17646.518795503718
63149.177257146104
239480.53193016673
31582.094521303341
-55920.194158049366
36417.463929091900
152780.53315341071
167953.40863496158
-189731.49776154244
-38539.914996721425
13088.280071736699
-38689.033898115034
-93008.875168944942
142886.71154679838
-11322.756177515748
153848.03673965810
-10251.298987430848
-73130.175004139091
-59095.161085366926
-23691.733951076247
-10112.195475845276
37868.716993101552
-210238.05457907252
-82710.272487345370
73388.061540808092
707.14488064238878
142967.74180578129
7742.4943323086336
-200365.94265687559
-121370.30797544944
2467.9410838800463
18921.431444722017
-66079.355381351721
-19778.441933358525
116253.90746950731
-4710.4640184845239
41249.556198722174
18123.444408067931
-15320.340337117454
63094.972714209267
47115.763034237723
-21477.851165179178
6687.2195587268570
77517.519666753331
-25488.288205906068
48521.881394384262
-43088.516314019398
104133.16644167209
71013.080397283920
189153.33294271413
-18622.378717113545
61206.769676776901
49768.536649067843
-25427.389546287079
-90106.252244757168
106974.59097962698
4896.1157992040617
122908.82586229136
111606.33383743260
67605.412555648887
51573.968120523481
53184.955945709036
90849.981942790429
-23619.318245978862
145940.11331201255
-6276.1232412513627
-70134.677953915394
-60715.823894965310
-22458.402655480058
113778.87227037863
-41257.184695746248
83680.049504038165
35228.133570347149
22225.307295874885
85780.413197490954
-16743.881345496789
-74703.361653120257
26187.184040721917
6500.5204211465280
-65770.190239399904
94236.491517897128
64716.744644815219
-30050.227991451320
-20102.560998252884
-7202.4106439516809
4122.4286456161899
129065.90764992710
34388.795786560302
65005.928030680225
-60413.441465941396
70215.099321695510
56553.623853948149
-137786.21459098867
312776.23872613342
-181901.58600569543
23402.181493859083
188694.78227322528
139915.79356298686
-201992.89650171978
-200884.31510985681
19939.994475048534
57490.546583017727
68389.152293360632
19197.281711039228
-62287.461671522695
136189.94243756498
46866.602599179976
199680.52526111170
-123256.56961758410
207739.89699222011
-90511.955615253159
-42270.847418666490
-203915.15162486050
20828.313596663149
168006.53308766065
40228.098011522205
172138.48620380394
58789.679889585699
121331.25743957752
43706.250231219696
-82028.461324582284
-51916.954012272319
-29806.116838287398
-192271.35118860865
86143.645140128108
215798.61299735913
104379.21884291673
-30369.234835849249
19613.358270314340
-11851.761528782368
-72611.412709417011
52827.779032459977
31634.177945090458
-4854.5999675576495
-58730.939645190716
87511.234077049696
93.639134301401739
57460.988883439946
-50947.319024196120
-35390.756090945833
-72794.327933359949
-40340.216460658892
-16961.844613039772
-86433.312810838717
119292.45857983064
255698.57565694168
-15853.427352995708
-57093.061417888719
60243.552061286631
70603.155370217384
180352.57247830124
132855.07964983810
-69174.866093518256
-55666.960137464703
4557.2010090655776
58874.521812855863
62066.680832273523
133468.05684070650
-9609.1102436307410
81965.364320708497
-25595.001507933837
12694.918509271774
-69271.508548026264
-166646.62436516071
33704.434200639582
-7573.3948698877093
12978.036954865924
-14045.386195420360
-210607.24962298365
3830.6226558706794
-82838.926996019291
-137269.27782244282
88001.261565550682
99426.517930985487
-48792.488850236186
69261.183263701838
-65236.958905222040
23104.115002693165
11727.490680340790
-182780.11348086077
-58764.399879343619
57978.148894932368
115282.41616042475
66533.138912277791
-113464.03484309748
102287.31275324896
-47632.278398574330
-36520.954761455876
-7160.2910796319820
10613.542252146155
-7664.8427496162085
172349.47701500022
104284.76886132019
468.68115120637611
-24365.066518915668
54462.230493859191
102656.91476131287
173291.83877437748
140137.77504254787
-9558.4834053475461
109466.53516925745
-54771.007574361647
-206121.40216487524
116669.40168127533
81282.668252527015
77882.920054657894
-23702.320525165182
49211.762114512312
27246.187478446252
-91837.091600505330
-106169.27329083107
-142630.14505501458
-140724.30338101293
70329.009606523832
-32976.655856976402
32996.758429405098
88666.327975438078
44871.221738934197
-43769.337127066945
22519.031675506485
74384.982130731558
-69314.753650390237
42002.477080147117
-75866.666248835667
101969.66340224954
-140801.19637060768
69361.395620379568
36540.052641715192
14494.566081943303
-36455.495377117528
-29590.610719906999
158999.75103588554
7155.6063410295728
-37643.960632044895
-48918.489840331415
102714.51662059184
-17440.967186762668
-171539.84563271829
29903.738676231464
18438.822326580219
-50897.199787138474
-2302.2703790533674
115197.45762939664
29504.474784983726
23835.497519063942
-149847.94466005731
-101838.79666063857
-5691.3125378894747
-24751.624716745137
-68673.147194274003
8087.7252877089722
104514.43679929209
-123313.42742269105
108183.65355060897
-25645.498394300022
7114.8780578003880
-8747.1693313212363
-45605.579515505618
71196.566883826818
-264912.60351252754
-24780.391317046669
71300.375383006947
-6031.5875263419821
-64321.498622187697
-68795.450143402646
43461.974624890601
277498.90719616314
49627.915277204018
34091.525360331223
23662.331906219279
20077.755830538765
-4025.6498194706010
70125.778480777983
31601.082752587201
-21100.675748002646
-7421.7289677528588
-124186.21634304259
60802.532982294972
-29375.402577239114
125431.31747286722
47170.937440116431
110534.62027050871
48546.235394467636
80791.078810451916
80925.364162907572
-277554.15795198508
-140644.62913952096
59082.139164539272
53702.361072522559
-110580.23567308846
-125074.92673784246
113189.73820474559
-69877.811115002172
-10743.952010134270
-16778.479134735069
28611.247351351092
209639.77036984873
-50850.487295475359
-123434.48372712237
-23823.715518972516
-265240.45405819942
16851.087966480383
-114921.50230936443
-45859.013951981331
-27604.751989934313
193.47734794669648
9154.0950556557764
129247.65892444419
130976.86108484563
117414.76737710417
-127149.52503860478
343222.70101636130
17704.864981208204
3923.0715451733322
-190273.13747748968
232031.86975150302
14411.524639885884
65044.127486651909
-81237.002111248541
-10049.162768987149
-77126.037023713463
-269869.21229748934
16805.895109429068
83038.396716430507
-47442.544167432716
100297.30149018187
-44405.649716424850
12719.864635455757
-37863.039616313989
-67787.079038804586
-130701.23883420831
48388.023116422235
-36176.951506641191
76926.082864194439
53493.753598699077
50147.777906147923
86867.472240550211
-27921.680091321978
141472.95166080171
55406.375237777625
131168.83028822980
-67303.018307182807
143904.52142505132
-31757.626137049505
48864.844208871415
137326.37675052957
-206371.43253790896
-85246.105277946961
148016.00941615840
165773.01039785377
-36961.113735415813
-52146.498254255486
53594.982044681128
-74743.684936603735
-83055.282358220342
41708.041283191757
37141.272910320542
-249015.25482910144
-41713.048006615303
90984.817267527280
130851.45188094208
17212.497476204037
26314.024712196569
-149220.06828592552
-173655.15280589039
-5818.6174330676267
-60874.589763383461
-214264.98483106965
124828.81698573442
-67542.497172609699
49674.543818345053
19402.460171053790
69931.049621088008
-66704.960189286445
-51868.843323074703
55636.258167164131
-53506.870927344098
-38458.742686843521
2961.2564215935645
22452.506452051461
-91867.816084238671
-24141.442413815577
-42614.165536833112
-96535.341811204256
-51353.239362741435
-164404.82725913657
4690.7019971111022
46789.223490306962
-15444.090830279189
90842.135897516200
-416474.33050365740
-116753.64368128295
-223208.39472630588
-21641.887977175145
-123426.91121482771
-817.11081608616678
29821.497767517314
-108667.56536160546
94304.641039056500
-63185.992524363945
-36910.073739925618
-64697.050922908806
65486.696879103656
-171693.01362019789
-74970.987435067145
-59741.273267043340
-136011.35391565744
-35949.409955465562
-88581.056454852063
42128.167950358256
3622.6990359005949
-81176.340600473428
97491.640878676844
-13470.840559092107
-12336.943530139997
59312.205811671440
-44256.024762766079
-102166.37681736462
-17561.453696961049
59170.178795677115
22136.363338834239
-130669.89502570742
-163368.19757376885
-22413.489678132617
-85080.341359128666
-42342.617358845258
-21581.534170877472
-78605.485582400695
242402.69754752982
-75865.335433388740
-103855.46456268964
-107804.98856399140
-205120.93130219987
103241.97917640230
79003.169434464871
136406.20796078266
-77869.606273275975
-127352.30883188012
150753.41237570959
25483.076275160798
43800.034973341979
-4143.7520019300282
12694.397697376471
-60725.871355970092
-40958.151196822764
108511.54099411120
-113886.66113122844
168238.83717470418
22604.984654450695
-98715.679341636525
159140.88899038453
189985.88756800955
-156163.18890455042
95261.682858334112
-39881.413868469230
-82077.651519063744
-240995.71876410546
22120.134868604659
-163131.32036838209
-17379.417531337040
194987.79048109803
-50149.813900034504
-53160.183299713717
213098.78728506880
-196247.96549073685
-13551.377682772754
-153793.89026444987
70308.331869239773
-130010.70101276126
-40348.417865134135
162597.37550892448
-135717.01535971847
-140273.53710233432
106939.51679085454
-2952.7167376184602
-6242.6649638707404
44574.225490521210
74202.384822109030
-15309.365706452285
62063.866219274190
6614.5978602905616
12203.114762487068
25640.720021336710
88295.026180195055
6534.8787483790829
74424.163189910236
10789.991224519446
-51410.806260090321
-40891.506553493229
-38823.014258060532
-18404.248346191955
-60842.297521146342
-39007.175090635814
-86346.736510789808
-10292.687367928384
-46250.827110335267
91659.853217704353
-65563.497480965278
-24199.797839298997
18258.537144534417
102865.76745872271
56188.706277791578
-69891.792938043218
-78621.859587178653
-150494.06245518132
-75175.318168810292
246241.87729570852
24931.919020588910
-114294.10863882297
6331.2234801406521
-10055.307501335312
316929.06841879623
-58367.449230203820
-47026.163854598897
73826.941876395111
-162894.29278130893
-69968.841732812158
81358.369419511320
72113.593535794294
-33906.168775043479
171773.81417338198
-37292.891317730209
-76185.020345539204
-197930.84013483537
-13348.723130656179
33133.143844965969
114182.72021282140
-175729.81459404968
-62916.540894789541
-239112.64732543827
3103.1249527228033
-44536.690901065995
-67283.096138427572
2988.1320014300422
-120710.45733757246
-126339.63647499905
-62899.446388965662
-95758.054364709082
32013.606505471966
-110457.79831609598
-83137.635145344466
-31719.445711599776
-42263.992161031143
-28991.427716566664
21723.344815374738
113683.42220123723
37425.582685660003
24789.890105679704
49714.551703543060
-35831.846497061495
-117229.40078723666
-84862.338089176919
-16057.013409390458
-83033.282121697193
-17515.810743493308
-10792.056591128649
-168397.39111990901
-58495.751822755163
5796.7070700895010
91965.654911419522
146446.73724725776
-210121.26839856111
-158769.66428772497
-77170.079651474865
127187.94029017887
27915.296320789683
-23880.979992046879
-24894.400633175235
-86821.671511164925
1425.7858764654600
-252.55877327590321
-126448.26217570041
-206008.13170073091
-32489.057168815951
66412.164311080618
-25207.639421358610
-4199.2497654853041
-40706.505753790931
-3180.1145904527252
150340.06630719185
-107380.90539330455
57390.965520790473
161057.11345320963
92684.678283424742
-49091.395001936056
126438.57939434197
-36457.457084124188
-34265.878936292320
-75959.751148723823
-44881.738297183285
-95925.306764133289
107467.33101157863
28957.291083972450
-139988.39357091291
-72891.666563730483
-46684.284511670667
117982.30257678109
83626.584534061738
7583.2157231164401
-23666.110266667325
-62866.621272468175
7773.7557333738041
33270.374991242461
-58556.336075778978
98299.665459232550
-93466.727663859318
10754.674094070926
-106390.71766787044
66928.141786031440
44973.558968737227
-10332.938023587010
18203.913709160617
-4500.0364836704630
-40346.487953454744
-60611.053243479400
58372.391738212180
-29664.667116181547
-94632.853069967139
22301.425249119566
-3299.8052421260440
49630.489465482999
16844.109891234970
-248746.38737752679
-25137.702817182086
-15721.672347647491
28373.248709694708
-118967.32376695107
30210.457269967610
65277.467029835680
67105.738124577023
47678.767435504087
-51374.690508892643
135438.58149507717
-42306.732347862147
16129.523489782325
-163688.31149378532
-33006.937205934984
-53467.858829484969
-111801.65670186335
16464.663756634236
64179.640193499916
32913.583080336968
-57632.892399127290
88867.146843042690
35128.009118684575
12996.817305799268
3936.6744387599433
103141.45929500170
-104924.42286870512
46312.717757913415
223412.15989984557
23772.165505732690
98340.183626459257
-68576.445329764130
2754.9550767394239
8349.4649527434922
-13600.566398873059
140611.97356795540
-13641.922156665976
-60858.804791398827
-49511.105186716930
23634.062337074873
15533.093364025395
-28285.422450190010
59636.988007222186
52684.980779589161
-36932.491311816739
-188551.43516183752
90859.150472461988
48194.711220524703
91692.177149515119
-46347.472580996131
-65581.398588258540
-3818.8602723091626
3073.1376554442536
61079.278446703836
94824.796844463999
2995.9523388840094
-9849.6085522400881
-75564.638197053835
-76495.349162878425
-23831.438798813058
4460.5433286620419
-51000.264607237172
44955.906379181397
-69348.459218901276
-218036.71556785583
2191.2972411194687
-267831.96121006564
-41077.575382496048
108395.58751159554
-65980.233555196290
44006.899917086863
-159239.74805890903
-231435.88613746990
-13847.715805154203
101870.93073035951
-39732.401056140821
76818.852998380535
-59875.261522753244
48673.548592573214
-9049.0145418480843
143518.11921396706
-15642.018149254007
14885.565868403430
-156891.72050858708
83125.165417034543
-15516.998229856521
-44604.205363166380
6531.0351476412789
85637.346865883723
-12638.864516115849
25491.626454356308
-130343.21909959339
19191.976978418872
-66671.270078518646
-9835.3270695276515
-19354.717308128016
-14100.174326926963
-85274.536290940450
-77600.177266067811
-32844.072811533428
2762.8450718332506
-30503.297115617148
-80379.760039370260
48042.023200519463
-32605.998468734673
-103051.24138809519
-14800.663778624563
5122.7233485096222
1444.3580501065653
-12524.386053851593
56080.462022507985
99862.974046549745
20381.456333051166
18459.776258850452
58398.623639977726
-16225.023703360675
-4513.0832168840034
-93387.899274386349
96947.415877644715
85124.541628589592
-12489.944002146793
127186.46526715888
-62622.644722042372
38844.569634610933
10820.123780576452
62237.510358974047
60093.409905157670
64328.498358520636
25781.155740627502
-4530.5572672051148
-7019.9006292698614
26588.622943058093
-27576.563264670975
-16142.416806270909
24817.138304244952
-47318.684895805105
-45252.459731773175
16200.272793511042
256968.73021598640
-130480.01567038795
-8551.6287215603952
-4141.2315017069495
84816.425072059254
-159653.45911529314
-49218.561468571672
28663.924563553388
-60801.191401742799
-37885.260619651126
-52442.212131671477
21880.364802346670
-87247.632914505084
-5794.0543274869269
-11962.511386060209
-11332.689499170910
61914.459175751326
80590.066252935227
119774.48136270054
102299.90204275530
-58342.185971636347
-25887.076466625989
45051.096076948896
-13930.248726254946
48264.232784186468
235466.18260560170
-23941.333097420338
-115138.67201616611
-27801.128612771241
-46297.408509060799
-89910.830397600221
72247.020379682406
34437.738398891408
-110409.51659672122
110966.25347434729
-89610.837396012852
91330.002946700653
116803.80529991920
128905.39753077245
-23791.350977386392
-77469.725499264881
-20749.972442521866
67152.322952711664
-12856.220721743641
114741.90999804896
-42298.408464263281
151849.42744225834
-11167.750393285482
-53880.625104085317
-2994.9548407922275
26777.491698026821
121535.35773944648
-12306.136757840382
-171502.24208117323
5297.1702116795359
-3859.2044503085353
-59489.287428234878
14269.851217030848
31983.735821642153
-111545.73551466002
-84014.649403928328
193357.06982422847
127345.06239706177
6896.2974636564741
89651.405904560073
-121660.95981342037
154448.60402896450
56147.912633205662
76286.463422080240
17374.774984683263
-180995.34485566703
-35290.914509121438
-9594.4323489323342
132782.81481747326
256063.94211417693
-44416.574916714555
163004.02872595569
-299908.41881259094
-196105.69236488943
-52431.571058656111
29334.354610451232
9610.8583970914515
130777.26221746458
-18371.558442828351
14311.145100772181
-63733.683471934353
-183215.80840147968
102334.65637647237
57754.481544471499
-108979.18275998192
120489.47485705286
-135341.52882983210
-2855.8459481899117
57341.420056004943
93259.126769615337
214738.99531252999
234333.73184770870
-63009.184347095834
-124088.74053889788
-73821.630073894761
64763.780978234681
112532.77340306147
29200.264288689854
140758.24420543492
43764.887250839354
6159.2646924476294
45435.249438059916
-89855.128807102956
-74575.390669839195
-54558.061320148496
72824.283541943267
-40729.802431533419
-182453.62783172933
168602.42620666389
-97878.362502837321
106423.60716237873
-79997.468301773508
-161580.16438690753
-144807.62644729359
-92258.429663414689
135713.61593382174
50212.195622575826
59744.721193972495
191355.78729439434
-105551.35754131069
31729.300790737456
50411.227859012113
36870.913982172380
-80668.665392340146
-64273.670662592085
-25232.158732501055
38188.234819051315
-884.73036224625457
-99634.806535940530
-25558.886285493889
68795.691987088969
-19949.111616584760
-6086.3324460018403
182832.22622230340
29555.644156864462
-19206.388260345120
21967.123175247627
9148.5103814091490
84817.844039815187
154272.82104070514
-170636.75565906896
68281.857400749097
43142.093285907758
-2304.2173201616279
55567.038619725776
-155645.60658282947
68238.566832618904
6852.5834510050136
5303.4685074036297
183271.99185978691
18073.302018364971
132441.14967577194
62255.655157647008
29866.007095178211
-66196.300100755601
-91818.056079681846
25113.499008733743
-143360.17126899067
52004.819514543189
-38949.321800389858
295791.90599335299
-27365.862671742711
-142153.62982389759
70993.846983548181
39114.413523619638
-75904.922179786197
48213.251527782384
-64490.157991616754
-5242.2139529284123
-24261.359265129166
135840.43880137042
13684.556953133895
-177141.51373369200
-17351.929081400780
160295.13309270618
111588.45391921449
151352.00429498267
-186976.83289687839
-70108.403035173294
103193.58526578997
-104939.78628425812
128240.62700972000
-44601.371364326711
166652.06605109418
-26666.872461303075
-139381.71956247446
-17228.939022102815
-95823.138983541430
-8936.6420067492363
86075.311609146811
159439.43077394331
37194.900599677552
42174.544414718664
39191.812360303520
62638.142588106479
-123494.18231741148
36923.867990556064
-245665.46784265497
15607.496903438803
100246.41475472185
-175826.28766770143
-23087.444874798119
152532.07287076724
-98469.038465532081
15900.025341441864
-140235.22202656593
-58204.271717475465
-61249.115749841323
-93320.233774717199
15656.661088943065
-45497.007605870524
21328.576581413872
-153563.64886459158
-91821.886055935858
-83511.487698370547
31801.478671785939
-144593.00224769439
-51918.994825388647
28609.420257318412
112750.35844814275
197965.31493201852
117568.79245893576
-82149.763335377254
102754.82691931850
-138730.99751525960
-110134.45478844880
-62861.507700978975
1838.9686777661909
-69709.916078213122
44934.214002838366
-29351.358780976054
61212.027862753239
-22946.660517010518
3451.4380827727282
-218613.81986842753
88607.773229696380
92897.783504130843
29667.942606681678
-44708.402347964751
60768.772013936163
124865.50196257771
174790.17536931875
59052.814290779250
-147630.37040116498
2216.8793675203160
-83827.405004018190
-3713.5509432206927
54402.488176909210
37077.135840378927
66546.501855662442
-82106.554004880672
-14567.426615943607
-37187.880855018579
-46379.324933713651
139966.77385014086
84901.112048655472
21580.623183143642
26895.090667545534
56576.227192013394
-71098.324804636650
53045.518977657368
-266933.81254023011
-47463.277084754845
-39889.667559887763
-218665.95828557396
60124.713002315046
-188878.96312723900
-80629.565652498117
103025.61964780213
-58393.953034786551
13565.499095866695
-158675.12325225616
-58499.986059550742
-128260.83337820224
105986.41482039589
-63506.908481084974
7792.5512382220759
292129.52422328520
107261.66009581348
99581.329714792562
-137451.27211115416
-49001.910228029570
-5252.2585701691569
167900.48850283338
6463.0060550945109
-68558.456160252041
26909.503627311580
-25960.350778021188
38607.488370711173
63553.862406945191
-16478.576187512626
-10644.949387134136
-28276.880732916936
-34138.354586885194
26949.131601221539
81867.387134186079
-90994.882946532642
-136346.92372928860
160533.99045505517
-151453.75951437472
-70263.634328461587
-55729.218880248423
-94422.332903639312
17939.115592630031
-36230.076204049583
16637.368489321620
-20322.609619144539
-267712.90846325899
-54565.657907046341
47534.932225600176
325461.54713255278
29718.928651174159
-156525.00159579539
-28002.464816919815
-8114.2992427022173
-2076.0260162252930
96754.241191434965
-135817.05185676107
-41161.360750600157
18130.694943361086
70998.239800739393
-47959.555758566174
-69468.377067463996
-178053.14226265339
23029.656875137523
-22478.319723767043
139343.02058228271
24017.917993381085
50191.436621380002
-160291.33047205364
143973.47557283580
101364.30118591308
3150.9763294200725
43800.564117819296
-15398.880904691143
127739.64443869528
-108685.07045150688
86750.705121631370
58457.529529171210
1793.5871958064906
39439.535786624940
81847.617926956838
-9028.1594901382705
33225.223526593982
103740.51880607300
-99542.571517360338
-45965.747980853797
-143235.70720247627
-112864.64856142164
54304.330037111198
-97320.129142475664
179065.06328354811
48093.165196141599
-66681.107549706227
143479.97637991235
110046.21944161317
18717.644456589140
-50984.038014422214
-99098.080430352988
98893.190559870985
7799.1373104619233
-132783.28704590790
16251.860148435531
12583.687760316921
-19780.023868017037
16760.945176700545
18006.024186092498
-59274.917534523105
110728.03901959087
-95818.359621916607
-35664.316903890816
3859.6501548398560
-7660.8719697689221
-35101.426803589224
-229297.41611918819
124423.30110230357
-69754.411695489311
214508.22207847604
19147.629249636193
-274714.97352826566
-21028.644773197648
-177149.92933563949
91319.684747972380
64394.913574381921
143911.17048061267
-86466.752306328824
149818.61274656688
-139486.90584372659
8.9035729403808812
-20424.158626343666
-61813.910604541590
-57883.483355826706
26255.562626410170
-119096.94581276790
104566.09537554068
225846.24747779599
-100082.71596171589
10962.699493266951
1360.6116360833378
-33809.814312441340
-70435.481125662322
-2368.6234969282214
33786.892329063565
111470.76352840039
771.92388522630642
-96898.068736684028
-134524.69818100554
-68798.423786093510
26795.101995689874
82825.768338553738
78243.028164775591
65375.216532406455
37379.970504414370
67219.531667741161
177497.45908730081
-10310.035803379098
4130.4162913900245
13291.181814921822
-13294.633403677115
257220.90911379026
52158.930590349264
-64897.933532478586
67413.827729356257
-91887.565618459048
46152.550725983187
114238.92017722868
52451.649580753146
-24023.732349965379
98550.057095434662
-77571.880723205613
22261.279180789043
78011.910998080333
-85888.113485052629
54952.489183872443
-201938.68228058008
-115617.62676290901
85322.665500992836
-79607.103160698258
-1229.4115626641990
8795.9602296815447
-25701.781661758927
-94321.482048040009
-34563.745918141729
-225803.91091943433
80403.085561444328
-96038.080132454299
-47189.241238452130
-52077.434216174195
73469.646554367428
-19200.732167154016
182773.58673305850
56246.442517734293
-208976.59626007735
14336.162771633974
-98106.134604615567
-32722.939680589072
27926.352169233909
24953.842218870574
-16578.112327260362
159536.76517892058
-133201.85929440122
168717.48295684595
-207034.76943147235
-103350.01611182475
34589.519126943407
81496.801577018938
39302.773638312130
-14467.716970697287
2848.1609200759162
3899.8063047993937
10396.819070346255
-191094.26142884535
-49282.191566916772
-55761.967370787628
-26118.926310962899
199170.72899987528
148565.29490557924
-143214.93979543180
37634.631907190669
167567.28823316039
-17263.301903929863
-47504.252485526507
37035.802417777471
91766.015466334531
78110.548291539017
175437.02293578692
-87884.622146732523
-172292.39304454223
191729.30913874440
-74378.976817059825
-90778.063233272551
-81799.164274560040
137461.48518169203
11864.000795807597
-102918.25722985563
-107862.32148371481
63423.049771324513
-42906.252084104293
119055.09275475406
-68831.917652057644
51472.678344735854
-6791.9219851246298
38009.314015585551
65025.729090953711
-47628.615702416166
91333.083371543369
-230951.96431540750
-178807.75644435154
23972.377741814104
22552.203168431846
78186.184854150706
31174.599728795980
3896.8174413081697
-78.024052550501310
-5868.5142959094446
96196.121699888085
1438.9110839721427
61611.029133954020
-40050.970649336021
183075.86706313828
13954.134202135840
77412.303893889795
11120.737940527446
-39378.026519003470
192352.13866195193
80918.351260894182
-224297.26173076211
141186.84049196387
81963.850036228832
60978.332270678897
62076.271725287530
4005.3654170157006
75566.109968211720
-15161.234030974694
-69692.299382858371
93758.579416681197
-31664.477939536482
36664.150676165977
-177045.65030359811
44526.598004560175
24158.714303206791
-45903.383367821814
-459.34766740343991
133345.45359549051
-110050.28055002027
-142127.69451168372
-88011.876638015063
-49879.029444610220
-9593.1805264676841
-6467.1412874121597
103531.65153090525
41470.588472838012
-129300.72804785050
17642.851029701578
-56241.028895725314
-17867.491793202440
10304.188596012051
-52836.426135624963
-257757.53661988035
153002.01368335926
24315.011760150846
-42315.141652038816
-6094.1233885596048
-91145.115375992464
17384.584551008022
-189803.68567829955
36700.779577585410
48958.797636496842
-20657.008823153330
-134068.27900263478
188401.15220393523
-145.56946510222082
181102.44950012490
-2128.1927945459156
37197.476847114442
-62251.944195289740
62760.596750751829
102296.65465411091
-49703.784174545945
4631.7320427116920
-984.88005749496733
68040.373123286408
75504.499918202870
-34418.465527794375
-29592.406745396220
2551.7491630694776
-18218.910525766980
67933.117755291023
62385.711348807214
22147.896313038877
24453.947412531816
7697.0041783094130
-8719.4664303302507
-8716.7345135064916
-8709.1388998578550
-8711.5348051367764
-8719.2600003182069
-8715.3240849947560
-8714.4682311320084
12246.951443891192
-41298.750848657590
-69112.956758742832
7614.8694842758459
17586.141439824762
-642.45070952514482
-43824.936539781418
-10562.515112976756
14669.996826430714
-25401.304706125298
-25391.304679450164
-25386.050218503999
-10072.577943834300
-10055.538437670510
-16986.346210954925
-19347.207772217069
-3855.3156514884336
-25207.933689707865
-27692.938854725140
-6649.0431216579036
17215.327894339953
18748.939005958866
80207.741164423671
82580.570529351739
31103.873696068520
-46361.722908750635
27085.979871314274
27081.227517449504
-2208.5063565125315
-2179.9538507377570
-2213.3623570818372
-18042.239428887748
-21304.932730690900
46645.257285633357
22221.202530403945
-38838.289233514195
-26481.296261126288
-19557.584508101638
-14749.550855241292
681.82127224417354
683.30055840356351
-17709.294523408404
1498.3341285211848
-21309.734392003094
11762.657010584724
-8327.0852518941119
-499.29143036388939
-526.90501062659837
-503.51428742111347
54570.214344071101
57998.960346932079
6160.9461266972276
-22869.677276958639
-46917.400629281212
-7702.7333433524782
-12186.953316726869
-412.20678950793848
-5869.3140556409871
-42005.430199456569
58944.761536320919
36935.675482182873
-15626.411177127182
-14763.326738607881
-1480.0663449057640
-5265.1486291728743
10955.969616435970
10954.219241973628
10943.603626180735
10961.819326555626
10960.092076624298
10966.794379526456
-11977.818524082490
-11986.677361317852
-5589.2081754887940
-13490.988176786266
14706.352946417152
-19378.669088058607
-26621.538934568973
6996.0735519687614
-11943.157997207341
-6898.7294951963313
-31626.947800496157
-10229.278565249440
-4455.7865714106365
24135.902633338250
-92612.645598185991
-41426.487231739062
29628.462701681987
-3924.6325746126477
-23656.379461488566
-15938.879667708348
15198.446613654311
56829.266665420611
8823.4227127654503
-52128.590024186087
28490.411356433411
-83406.145105066302
-51399.379402812679
-22845.280812641235
11247.143452280394
8137.3934687550027
23938.577684430344
23932.542516097295
23931.643817056607
23945.119845728146
23918.159046470770
-12766.625218642284
-20081.340925425560
-16584.298258861756
-15812.973635934428
7693.4352745220922
30843.717010205772
20468.092779852166
28123.677916417848
70197.274826319190
26703.431527904875
40229.074386321932
-44919.573154558318
-92629.501356265071
-1848.1905237462111
-2306.6491758980601
24644.366247179219
-1474.1475961068647
-38260.781044830735
9881.8485628801100
21338.608419855103
37798.242731821723
-18002.558340627747
50713.528050914480
-32790.844881864527
1365.3644816390959
18173.957872543564
16024.773255007192
31525.764643137147
-25342.367769866727
15573.073378372532
-43162.174650579160
8696.3830065314560
28664.569286740487
11362.857719151931
11368.286464515184
17088.403762402180
-21423.806135543440
16434.676515589952
-18506.342415821990
8803.9182175901151
49825.950120720438
49829.936787126207
5604.0058449828884
-10775.899554341446
5674.6468164884955
-40319.052413853242
-38626.694393782040
-70779.138401821154
-50462.069806318439
-3098.2359985886633
17407.355633691273
-20489.078724992589
-15615.516802133609
44471.732125854658
44471.626759300569
78769.359992811776
2886.5705022021975
3406.2320311831213
-41428.598570763643
-49845.415812225081
32725.377707956995
32716.756874890005
-18182.988441674446
-47039.073341486095
-25655.719892361987
4001.7579102136442
-10449.560765529217
59712.230877242771
6355.8486934449620
2884.6659121271473
23719.036138098440
17888.442322698553
23983.697601271648
23984.799537247505
17994.300716859947
8437.1468095902401
12686.877012059254
-38670.726335029751
-38677.813434007105
5382.3854581658070
5382.4496651828085
5385.5080968630828
-29788.851435708213
-29794.147274307183
-7983.3467810061484
-7973.5358760016125
-48284.282899447273
-52293.511258730621
-53151.108461695272
-71499.473355413793
34451.991999268714
34454.519465245517
-45328.808779471707
-47053.772031516994
-53381.063589806166
17041.763839330706
17035.099456825250
-52625.642145384241
-30027.539581254641
-53965.666172989972
-56835.714640581005
9934.3535257911717
9938.6839686988333
9938.7669171799607
9938.3402891683309
9927.2237828123052
-27107.855120002987
10244.712513014218
-2718.8629407763979
-2714.4638792734495
10103.237805141702
10094.455897505775
10104.117292910654
20077.837638824003
20081.200023296245
20083.525444981929
12132.720242799616
12131.841682520058
31842.608490485240
-39335.552017914386
-32096.888304891501
54360.166118840847
37362.781695506732
-17715.749396000607
-45603.381172324487
52976.495386244824
55079.371079549695
2508.5894583020136
6363.5806779440263
-11343.471012366459
1631.2357092076427
21320.639842118191
-32554.484580333075
34757.331009993504
34870.418403821634
8224.7041219693692
25535.242243035653
-33884.309388518581
-546.72308066468190
10653.294984254839
-8822.5942829217693
-16480.186937373004
29345.854857458202
12475.272006527155
-7754.9113148306515
-44866.806307722130
-69253.645999008440
15061.672918393608
7147.4033600166558
7154.2695477864681
-35532.566759358589
14879.757793311464
14883.433133530880
14883.147317810604
14880.122990853575
14883.462581487231
14883.252064913833
31036.299340917627
28097.576858876149
1177.4950847253112
69120.880806368339
4635.3280490355428
21224.230880683932
-51314.281422532993
49626.003723263071
25034.419805859328
40723.590158447747
-41800.903470071396
-8165.5042030237300
42211.204245546083
70058.103822346835
70058.628259974299
70059.561273422616
-35240.259769095319
-35235.680912738819
-35233.676773627201
13323.494542934415
-17930.320367784087
178.29503685526399
6629.3916704497933
-13780.066282648308
-11537.990772770032
-47845.572969321503
4288.4147065659399
20252.783922546339
18117.661882363765
-94065.418728939636
-107731.99826289523
-13673.319498341636
-9728.4544346147486
-18384.384892546303
-1538.5817452588428
33926.690315786473
33926.091095170297
22643.418945191970
22642.543386641373
17327.198946583463
22941.942896001801
32984.684563985422
40659.196272394736
42148.121570699041
42147.152999983395
63384.383816465008
2696.6895194982576
18206.504851480757
55957.536642568164
-50609.928011185781
-55410.327691381361
-62263.127369407455
-65093.683886602754
37697.929029681305
47105.190952940902
-45958.355236143463
-46000.424308597387
-61483.397200642619
-62872.029659819091
5718.0737850547275
6795.9136206449803
613.89375077647333
22245.557969693898
15262.940145685188
6155.0227758365581
14550.218713680038
20977.290943143762
-38045.398055428035
-38037.755552391813
-25215.955449536243
11715.143920981753
-26955.347988094123
-26955.744274895282
59134.809071006654
-62642.815268185637
-62644.381941889100
-52481.554246940541
-52483.053203964962
14583.284944073175
29352.896287307045
-54281.574854714148
-40643.903589890979
-26829.383947337345
16459.107005783480
26982.606666632935
26443.964459017479
31534.099345254337
33553.015520278270
6750.3738470796288
-69576.783752386982
-65913.880553563751
-91505.885532487970
-84285.059531575287
-51627.866882026356
2656.8959293976700
-56771.810007253567
34700.163446456478
-12429.029068453212
-57064.775118297926
-31439.722822596257
3438.4607900082046
13382.206981726993
47996.818691825800
-11428.488400217522
10525.823451316563
-72548.997113586171
30086.839530112171
12584.468843398652
19931.565887075260
21197.370906264303
22215.904688400795
21212.837516543685
37180.094505610541
-24755.473078213228
34.818280373840587
-10242.090718363981
21540.542156943975
38250.912278537151
58018.248202934752
-4282.2094092711823
-54793.026726651056
-63488.982956525026
4369.1854881561321
19285.040081011059
29086.015718733368
-62733.555636260186
-37162.943583280670
-37163.339253548947
4727.2853795915380
11457.854207751270
36318.744263156848
3593.7279332394955
-23108.503263332714
157.27926921311899
-28223.233401324527
47037.121785915762
51784.022347145044
-33786.905227771087
46105.543245120847
8926.3756980339185
489.16317611024357
-4184.7532754447302
-12997.681392532539
-41365.201725263214
32922.035626525379
-21449.771374509899
-21447.456088972103
6893.1013328392673
87866.409986122482
9596.9164335207624
2659.5966918684767
13943.256116258552
41223.164524518841
-33106.511999816066
13406.744832260152
28837.190947218372
23468.107661582653
24954.975751011858
5685.8109404408360
30232.754246657074
39007.029611146441
69684.353553217836
299.79930847984338
-4829.4426110568229
-17798.679000879743
-41072.976469429297
-10336.828154456072
-10343.814465955327
-35058.687189394164
-35056.052873280802
-29499.258424901636
21570.656114545895
-20530.592099122507
-1318.5599355089435
-40282.176711746804
-40284.067494493385
-41672.756325224102
-31269.144556542822
35058.791838066878
32120.911897965769
115461.86505199196
12120.555353918358
12116.828931471016
-13713.250642645273
-13717.372488307796
-32575.535050093004
-26389.943352204860
22945.214788525464
11227.201604282500
10195.655919945091
-78701.269216240529
-80419.060444681978
-41056.881953746088
-32845.675719568171
-24782.447517582645
-8760.1762776527885
-29659.616519317238
-60268.715735563906
21177.122863588236
-68245.915319923850
-28914.497808847878
-31708.319427295686
-31712.766955543073
35631.195116423769
-30604.764857807364
44819.431558597862
-29662.406159865681
13781.489179539643
4034.6509993782124
47985.727781176960
44439.101068582670
-36974.081890549154
-40528.043219623818
27432.904081841123
-28530.903706323035
25188.681553590362
27362.400515424368
129053.87614631726
-3390.5552385603473
32520.836931839611
32520.652020244037
-90698.457172384689
-90698.639971122480
-54215.315113800702
115173.16097719462
-55904.235441066347
-57069.626129794735
96479.880312503417
68913.533179809616
-33435.456823893226
-9588.1247049115700
48493.336523243044
30973.584953884252
-9922.0176431833443
-12920.501925375414
9528.2193768236939
22357.694263754638
11482.068237282718
-10522.037958649711
-20019.502812586798
-7435.4901408710502
12925.137557821618
19766.132617447180
6767.2718460290998
-14410.943273131616
-28066.006978136855
-27393.764289658797
-16060.541977381938
-1909.5529803599954
9183.1653452000664
15373.315564761859
17699.957276966557
18096.646303652808
73188.182247287536
-35792.024567325680
-3646.1111154574073
-6472.9987392209496
35476.537085973134
35478.833398661838
42430.852693187757
9236.5901021462887
-23686.183599136151
-38418.664615898131
51923.905293737807
10198.484072230473
-14303.676109796543
23120.966562455626
-36077.249675646519
-64660.049227764968
-64662.837179510294
2891.7247083365787
-35485.051899739279
811.40362941967521
53666.005426600030
47334.618560281240
-25449.939461152218
-13141.803001897353
-22166.991910995377
-34275.508940162013
-27943.271706940206
-30810.393455366502
-38383.369415033318
-31445.142126268438
9571.7032749453610
-3059.3278083217970
-31343.326390980466
-8313.6617019113382
-8314.9695409337201
-12309.647561900243
-37956.588190419105
7507.0387615620493
-476.19141652586126
36457.938380337568
-16782.406845537855
-38511.251301655822
20862.862809085440
340.35600470827416
13118.566069648670
-19395.036945075353
20641.959818120456
-35901.072279725973
920.55701373407726
-26904.753959789581
26266.701964472522
-12551.221776641712
-34648.443320113824
32667.185871954880
-2625.9316131553824
-15012.415126956712
77858.314113669869
98354.897482575048
5858.9553265039813
-28670.729253969741
-29187.819893727530
1441.9420531108281
45204.492754763189
-21639.185735976283
59865.902856148161
27906.100765429030
6668.7521458649981
-38519.581458023218
24888.218679366157
41883.497272453504
-38449.659069168883
8631.6378243698309
5400.7301433018838
10468.018078464975
12072.234881913530
20856.633059254924
-21503.692257859333
-33546.682347707749
-75033.711956617408
29136.584248359282
17729.436879179197
29145.387992841235
-61008.799796333136
21951.582294988955
24694.618166942182
12339.892223526755
12333.292964266066
-872.85004133050097
-55665.366176069037
10462.410456931317
-44773.347786899518
-88899.214527207805
-12575.849764742412
-1363.5694755079837
-13307.975228091784
22472.500873914556
10645.035110154940
-52994.259212287856
-102438.93883637780
-1799.7193775336066
23043.538509718419
-98921.620611555845
-55810.031762233310
-118790.92488974222
-85491.614234844310
18405.177562947163
780.22661587865116
-60000.339679590026
-54371.322789564947
-54367.955083561821
-55580.878739276006
1965.5168725558976
-28598.286055400582
-27834.103543714005
24565.508160137710
18811.511423230699
10056.534465810295
12130.955116526713
4216.8074500226157
81223.906281921474
4082.0546690807419
-34327.374643649440
39078.148327004710
5118.9768151908356
-7992.1191091690125
-1704.5037863028485
-8187.1723907318255
-70446.978235424394
-52117.312037050324
-48852.853403587593
23679.283084513521
-24041.854637012355
-81459.314503165573
-87318.308977098714
76572.739632280980
-9425.8111328583491
-103482.41312286614
11728.816880362616
8240.6758521190404
39086.644890751886
31561.530880732920
23598.378176804072
69875.856051309747
23607.767337326113
10363.579611689423
43129.212096342482
10366.951861089305
12859.320914446083
33878.127132902693
32270.803747782131
33878.213429176161
32270.013545615198
86944.874844788501
-750.78393987804941
-13624.744397551896
93165.556978238441
14672.123397168867
99236.742020931430
-18918.743109175226
54539.165888965319
44989.478151323747
32485.648026052346
95706.631724442559
87096.189494894264
34245.485789001978
34245.149243344335
62160.684926641894
32235.992509351621
77726.936047532727
77726.531062292896
134600.39756031233
-38620.320038027436
-38435.062030721681
28061.758491093264
63193.125958017641
76954.497491564078
-34193.640576441918
-23201.727922009017
-23200.382236499565
10528.397231571576
14504.113503573581
82824.808865075116
100474.95503963696
86861.631784291050
44285.327652858636
6189.3738841654867
829.78372611737677
38703.022403823292
-14413.953844154606
97492.966423850943
74245.660743695335
47291.933440680608
42528.162351768144
10893.703336353146
-24117.097583938863
105445.26099751069
90070.942059695008
14800.728656504694
-4752.4428729773499
60117.942738461992
60124.522164672511
-4395.8243262301730
23551.434073028351
-65450.781145488538
23553.124713231191
-65451.290903540052
88479.293036554329
27685.981316697525
144918.24746273854
59908.728007032325
-184054.02989233210
-81087.895885173159
-81087.849170538670
-19579.934317744966
-15522.831697263355
-19580.193164116838
-15521.107167919099
-42620.444767737084
-54685.226183493607
-19294.742677359587
-19816.952107421061
-13360.919384744928
20483.983245286763
-19718.567266228343
20480.049868562815
-19718.293580700538
73486.728754676660
46184.945394627357
73506.316550148229
46195.262486546599
-7174.5974105629148
-69961.166027156039
39155.038261159207
34352.151837114012
39151.753948404752
34352.451641168031
14932.292354661027
-65457.441939911609
34701.866417702004
9115.6692078715078
34705.292531849300
9123.3473884188406
5802.6383476019691
24653.332796197185
58442.091455524256
57660.991976398480
-61965.644755003617
-61963.724894746294
-16154.031591385654
-16157.466177024960
35329.099439507758
-14019.050678881487
32760.374684128095
-19491.277430903483
-25692.904791357352
-68311.165776919035
38747.776534157376
-45077.502668935318
-18435.300488219389
57520.729378030512
-100900.91230113103
-100888.67946115430
-30129.297001246083
-30121.889141635114
33299.104033300362
19698.918055381226
-15296.103940488119
-17383.107828052063
-17383.333459356832
-19886.941153016360
63920.000917472265
55466.891547604486
55467.387577282243
-60659.676206550073
36248.156669056363
33578.031196296011
36248.564021292528
33577.878840392819
-40853.954113802909
-141856.13767408117
-3416.4018982726752
-3403.0085374298474
-2621.5875292784499
130991.91171854902
144302.94949433126
-53444.640963125166
-9078.9328411771658
-53442.721007247324
-9086.0109882015313
-80377.957256913971
57816.988041565521
78264.190352499398
78262.758183138198
-89113.550556853676
-89126.061542928262
16342.210600450386
32892.414653787833
16342.858019513758
32896.834275969748
77656.565813079142
77645.843516973284
-15352.124455817591
14467.248433910449
-100299.27351877697
-16676.581026729127
21923.280375149170
47849.782022310566
13146.917350859609
4128.9837649636474
-67197.009324946732
-67186.797504466202
-27105.079438753222
-23092.556287304764
37493.211996284263
-26402.889548345120
-26399.594962198727
-68335.738958899266
-23981.832615596253
-96849.527748610315
21911.638894716576
-96853.708334010618
21903.565041511054
68227.519094928168
47478.923783980928
-7774.1195536887399
12859.201575040459
30074.795999858990
12864.817945455239
30078.007614832684
-92353.075345243924
-36089.081988102895
-92352.099865854223
-36093.367207991338
-49536.393471022253
-49548.088195408316
-60586.600172242826
-16495.906712225937
-22052.834538259242
-16492.057508507409
-22039.532776324366
10180.953876661113
53173.033030749350
-24374.377841567039
-21549.472225493253
-16293.880718517927
-16321.457792865214
90188.278291361959
26160.952218494862
90199.098342189871
5149.0207652235476
88282.940036925836
130939.45580002891
88290.250466520985
130944.26375321584
-1551.4206423407149
-1563.9095369542463
-60610.947860452317
-60627.279419504863
-5414.8401033426999
38291.898735481132
-61291.044060854168
23295.990077593044
-24145.544333736838
20343.179386668162
70585.347742089332
-69896.731667732747
-138461.35307182107
128558.91924092037
107270.36419183001
107269.37069764543
82129.363017542273
4858.9302987733690
82132.923881273498
4862.2001014936295
132429.18107257798
-123731.47383266117
-50772.014097700114
-50775.544479310316
64017.225446221404
-39189.744452425650
-59896.535425209127
-18185.486543759933
-12107.548712254966
35466.421099542233
-5444.0569205721667
35466.495959006155
-5444.3917257209469
-13465.561619179589
-33068.549739711510
-55438.404386463662
-51795.097828287864
-72220.510760929144
-98434.735970931753
187474.99287194686
187471.19150150786
-45413.919555112312
-16577.028423431118
35137.857497760808
35138.449434104034
19105.533211061964
38729.699277801476
-110956.57022761874
-110957.86152144837
-75602.775721913116
-77669.432992336515
-177560.37729849722
-177545.21234450879
-55598.911977882904
-55603.125097628210
17939.051926910801
32151.583580816216
-35465.518514786090
20621.924941394907
13355.827053626745
-61467.631789304476
53228.749671318721
53227.927449459617
-79293.580817641181
50949.019781964256
-37060.339574295715
-140445.16732964493
50985.153750527359
139125.09806357481
148912.60144919643
-165142.50854183562
-173245.36543796392
38128.022280810532
-7874.5265839817539
7188.0140561486369
-30253.577730369889
12794.868458483563
-30248.974922952861
12799.125285241858
716.31917871886264
-108974.03012148799
711.80516178072185
-108977.80191083849
164653.35395523795
-20702.220727855085
53350.451351616146
19987.659300179585
6877.3146584303868
-25968.807117886830
-32378.564490185523
3360.6287347897560
51191.700880551354
51192.415706520413
108803.23042875523
-13502.534502593890
-87118.561846598648
-27850.704763273159
-62110.795784390430
-13635.116291063116
24031.755087403537
-13634.089371132204
24033.371931477930
-36308.176498936264
-63278.825028903440
61174.158316102046
33472.895815829659
33471.948473561693
102094.20386141070
64064.790629126532
3203.1122291049442
-94288.506432093913
-40175.630615533948
-74818.847849625890
-52727.194116100029
-52727.491105932168
-61095.640327729910
78980.053218699904
-14443.823235539225
78991.799967532119
-14433.677653387082
-26234.335728798203
11989.772821469738
78260.403732721141
11994.694853785726
7633.3831188445156
14977.067781496255
7627.9030515225186
-48833.312559084341
-45340.923913023544
-69184.923173811374
-35370.950977260662
44685.643001921148
-35369.004737731331
98200.331591106180
-6627.4781883950918
98196.630624462807
36405.710323343250
-67230.086609296966
-134688.07846345232
-19851.973251380805
97901.476287648795
91785.516908890291
-46085.206500494882
19071.729805139701
7637.6556342242939
22597.159680038578
