523.49644207638539 1.0000000000000000
3508.1720118130115 1.0000000000000000
236.90874055156169 1.0000000000000000
13581.543343090239 1.0000000000000000
-6049.0993923334509 .15869943555217464
16492.513290037023 .15869943555217464
27222.204752611706 .13461805527355239
8116.2623296976953 1.0000000000000000
-9233.9618233507972 1.0000000000000000
-3322.4689397347943 .54952419890736404E-002
-23055.870930272573 .54952419890736404E-002
-21167.240648371204 .60255001778240997E-003
-5685.5889047433839 1.0000000000000000
-19830.489948350711 .97104388833721589
5026.1752578547694 .59662359954797661
-28494.419668204693 1.0000000000000000
-2198.1476569893775 .37575922716528820E-001
-62.301726820468197 .98806222860001158
-3841.8060533733683 .98806222860001158
29791.131710772097 .14713888518680068
-40110.201996463802 .14713888518680068
21211.993138905673 .13929458024072700
-98579.449126739870 .20327999249998119E-001
101705.11517594568 .18545300804286480
17956.318978401669 .97104388833721589
-5262.3361353487162 .87882632178996993E-002
-19458.013897286088 .40467799657021519E-001
-151954.45697259813 .24321213651686564E-001
9203.0693510468391 .55841382699397266E-002
38147.999349152524 1.0000000000000000
-4175.3396753423121 .85197506174541693
8703.6027661612407 .55843435319191448E-001
35338.486702478935 .81021023830171734E-001
-18835.992260594667 .36894422835090768
35082.726269315863 .27192891668376407
-23300.897723972215 1.0000000000000000
1113.0749206720538 .21870211684617467E-002
18327.509030483412 .29857712897993105E-001
4535.8772204104134 .43856494531613321
1271.4442737679494 .11218810642220078E-002
-979.13211381398787 .86852619851856550
-10178.669554020718 .85539143039972121
8950.8953669102921 .85173350825309924
-24.572619761830030 .87899957772549116E-004
27351.717401061895 .19208729914965178
9642.4445304798883 1.0000000000000000
-3244.5167152427589 .95518195017853302
-5311.8145528627565 1.0000000000000000
48.289413789877806 .14358090747248847E-004
-12649.582822187136 .28731916246308203
2699.1597723528012 .14840345594134863
2565.3093293069428 .35662474669765143
-31617.601246467246 .36565942120436734E-002
17793.132907414241 .52921445849396453E-001
2652.0090651203022 1.0000000000000000
3256.9889291457807 1.0000000000000000
19581.889667902302 .58508811830795268E-002
-26150.493356756917 .80234168330933879E-002
47475.399266253866 .24693656246898504
-40787.393631258812 .33169029242827663E-001
5011.6207602329687 .74982898002744114
16112.302903733260 .10882387361473466E-001
4949.6807194903231 1.0000000000000000
6937.2965535698022 1.0000000000000000
-5663.6454529729681 .73715133623366558
-88500.944908785634 .17849124327844135E-001
-35189.740224039757 .24301455654428240E-001
-8758.2419117854988 .96734770025003958
4160.9187645073689 .44905817257169488E-002
-7015.2710018844027 .54259188180436424
63176.641624064308 .40350617859877008E-001
71.272020770799628 1.0000000000000000
-5952.2546378722072 1.0000000000000000
3727.2264106995794 .64582296543632434
3333.0517782299144 1.0000000000000000
-157146.42450890926 .71998390707146531E-001
-676.78703598530240 1.0000000000000000
8515.7522739618908 .63700653846162801E-002
3051.0275095341167 .16719428022171079E-002
7082.8307660560386 .96048748575996878E-001
11448.773355628904 .96204359846460474
-19500.852150163235 1.0000000000000000
802.24300291615998 .90031065691760781E-002
-13732.657684825834 1.0000000000000000
7972.0962630380018 1.0000000000000000
-13252.749015065030 1.0000000000000000
-6297.0090321735624 .40284748440851184E-002
3579.4058066615580 1.0000000000000000
-2886.9831091965175 .82620982642864027
14761.684729603507 .98804168566833939
-1788.8911883105920 .15954989125657182E-002
34264.973911796536 .77097030945902272E-002
-40600.276238866878 .33820453875285633
8416.5293742302347 1.0000000000000000
3051.7665756965953 .80499642099059532
2328.0475570406825 .65641629228607001
51923.497322035670 .85328748265293630E-001
1874.0835481345362 .19594624710287637E-002
-5005.6914189135432 1.0000000000000000
10698.170801488206 .34187445790229015
-11001.864890686526 .99235396778595897
-4875.5767032779813 1.0000000000000000
2125.3814619847171 1.0000000000000000
-3002.9677382819218 1.0000000000000000
2112.9148464898749 .29334182772516315E-002
14749.427405406239 .99040293079723363
-22335.057173271529 .98118963082852673E-001
-14033.877317243745 .36975433846745542E-003
4119.9283108137806 .85819637248387060
-11495.189036177397 .21291185623228293E-001
-14529.404211217759 .31731622813245597
1022.1306083731153 .98402537621291042
-1957.5606452473260 .35446467867708735E-002
-107063.39200528331 .13187750432023482
-14274.559601818024 .31848231580019482E-002
98.121325696704986 .56035549972133225E-003
799.61106460449002 .85541194686986877
-19931.690817459956 .16222087010271807
-4376.3389271158039 .51275348285461619
2327.4185293943733 1.0000000000000000
-15831.103630116671 .48406777772281862E-002
-4176.4423376437862 .77681412865904642
27287.672741546190 .83378748609302111E-001
-5761.3169630215825 .15284140005327795E-001
-5137.9776901844980 1.0000000000000000
-16594.827762875582 .40828081953806550E-001
-4714.8208158495236 .90179469720418282
-102163.88490905306 .36120445539227740E-001
4070.5444352500976 1.0000000000000000
23554.299277148824 .32935517220032062
-48165.664428098076 .21565452482013279E-001
-189.14010064764574 .33149368022289405E-004
-4324.2959599904052 .33748190681425205E-002
5222.5212604531143 .61867370729092430
5299.5368319465897 .35041528614230988
1759.0111330493310 1.0000000000000000
6921.2441809256998 .77918751673722264
31341.681919619870 .26022816191888998
-25383.332498657994 .95977497493080799
6339.5328056638073 1.0000000000000000
-18254.416077469730 1.0000000000000000
4831.6146955287286 .92518098454224884
-7051.5557623379309 .20415478833851366E-002
368.69064134081708 .80100265133986603E-003
-67417.169442522194 .55823588989473601E-001
-2161.8464724167011 .57318267938652112
19243.648254780295 .86249306502783529
-7808.0211437112848 .75550801350487973E-003
-10812.575272780678 1.0000000000000000
9477.3507713555700 .60242037224025213E-001
31896.461333484782 1.0000000000000000
6319.0532028680809 1.0000000000000000
11654.581329478044 1.0000000000000000
23852.003879062355 .12441449239023529E-001
43962.348142957002 1.0000000000000000
-6338.7277899327137 .68638107586780173
11140.489932942704 .62509790682119482
-3385.0746900606632 1.0000000000000000
-10472.765865226276 1.0000000000000000
-18.055911407103689 .53466257415313301E-005
18186.390805405990 .77987295840763737
-2.0443269866256837 .43472109870690652E-005
-122.67882445083893 .27467484718434187E-002
56599.528926064333 .12659645657068919
13952.389431633923 .56889233183223931
5977.8101718779226 .72069973127783993
47250.170446219861 .23093332081625222E-001
5837.4003022780216 1.0000000000000000
-9285.9276835790643 .52504567637659705
63862.225815474616 .46539434745103470E-001
4813.3060244797107 .32584629603835691
54542.473378793329 .37473745849651074E-001
-8364.7851659054741 .11676506782020957
1339.1748527938619 .96578489575782511
36869.981626892542 .62048859499771042E-001
-6442.2252565825211 .97513200524988730
-9916.2386657597363 1.0000000000000000
1664.2047530440839 .70601728933094576
-31598.725235651669 .91691007003837574E-002
-1404.9222215289694 .93745776295372896
-63688.929331723237 .86738921446015416E-001
-20909.454576150507 .68482999279067203
-13197.577209884776 .42594544971224035
-20161.519513090858 .59176197434624223
-5039.6304340495726 .56562348780850400E-002
8830.5624447100181 .68650296406938338E-002
1776.9677280624753 .98260058517552673
85.808287674398571 1.0000000000000000
992.03555720173233 .60073171725345842
-71661.452567204455 .13030898686301917E-001
-23909.808009937886 .12122739868554777E-001
-1105.5085378178387 .42430487498429292
-6877.8886994167551 1.0000000000000000
-44532.936445389743 1.0000000000000000
281.46735406922960 .93094204960980509
-36513.672518738662 .24462417798135155
10076.045563714611 .19098782013434784
-94.617979734833014 .91679237381581125E-003
10991.001977576339 .72919983875033789E-001
-674.90917835262678 .72919983875033789E-001
