30457.728806364761 1.0000000000000000
-1447.6018558305998 1.0000000000000000
-87120.521809216370 1.0000000000000000
39233.604117176335 1.0000000000000000
-41106.004951254530 1.0000000000000000
6073.7105557820414 1.0000000000000000
25466.920804363301 1.0000000000000000
33863.020903146462 1.0000000000000000
-6428.2409345320939 1.0000000000000000
4418.6536062229361 1.0000000000000000
-90038.623045773827 1.0000000000000000
1513.9047908227317 1.0000000000000000
-41705.925838935640 1.0000000000000000
-30408.519545523075 1.0000000000000000
34027.002746464772 1.0000000000000000
32304.568186602493 1.0000000000000000
-2532.8543748329889 1.0000000000000000
-5462.8609742391136 1.0000000000000000
-5180.1007372446747 1.0000000000000000
16155.914665760669 1.0000000000000000
11923.635746935961 1.0000000000000000
-5196.7087051721674 1.0000000000000000
-56380.085495616164 1.0000000000000000
-42427.428656101845 1.0000000000000000
43085.999424844755 1.0000000000000000
6545.7602149345557 1.0000000000000000
40267.485712233691 1.0000000000000000
-2465.0801929921304 1.0000000000000000
-5727.8352016797344 1.0000000000000000
-36819.370838691793 1.0000000000000000
930.79501311121464 1.0000000000000000
-10605.991336708898 1.0000000000000000
-15688.405171043705 1.0000000000000000
-10412.320345234401 1.0000000000000000
-87823.058483492758 1.0000000000000000
70699.157978646850 1.0000000000000000
60447.334705488094 1.0000000000000000
84582.665518464753 1.0000000000000000
29039.783185753407 1.0000000000000000
9944.2470094683467 1.0000000000000000
22482.413553594593 1.0000000000000000
52316.798545968959 1.0000000000000000
2893.3153107010680 1.0000000000000000
37430.058987109631 1.0000000000000000
-336.21988927023853 1.0000000000000000
343.46864904234434 1.0000000000000000
-24041.843039136384 1.0000000000000000
-503246.48743480357 1.0000000000000000
2335.0340631831782 1.0000000000000000
58971.408129916330 1.0000000000000000
21367.543246396817 1.0000000000000000
-1648.8664089081180 1.0000000000000000
-9454.9404199425007 1.0000000000000000
-17602.483727965398 1.0000000000000000
-2406.1591319228346 1.0000000000000000
17689.683751080836 1.0000000000000000
-24611.867501547487 1.0000000000000000
-17239.483084412481 1.0000000000000000
-72799.265351972877 1.0000000000000000
2801.8566000132960 1.0000000000000000
1019.1456884526784 1.0000000000000000
-32657.940948224525 1.0000000000000000
-13737.940856285433 1.0000000000000000
-20676.056197523700 1.0000000000000000
-13741.364857020819 1.0000000000000000
-7454.7450269953042 1.0000000000000000
19303.763699774168 1.0000000000000000
-1885.8889100237807 1.0000000000000000
21795.970875609528 1.0000000000000000
-8.5036020780913120 1.0000000000000000
63508.009844614491 1.0000000000000000
-36476.293743799113 1.0000000000000000
14764.681567081936 1.0000000000000000
-71362.761617294134 1.0000000000000000
26750.260081562355 1.0000000000000000
-7337.6310547221728 1.0000000000000000
-4503.7671330850289 1.0000000000000000
-8488.1911425343387 1.0000000000000000
6683.2607485433118 1.0000000000000000
296333.24173689046 1.0000000000000000
65220.811988993490 1.0000000000000000
-1553.1017522531522 1.0000000000000000
-27224.105616335914 1.0000000000000000
54781.005051979570 1.0000000000000000
3962.6594764938404 1.0000000000000000
-7692.8206793120589 1.0000000000000000
9797.3221928529638 1.0000000000000000
15761.133455612291 1.0000000000000000
10914.708599633688 1.0000000000000000
-20163.291416278247 1.0000000000000000
18233.654613789517 1.0000000000000000
8783.3902539841310 1.0000000000000000
7861.1834764864952 1.0000000000000000
13307.909904009601 1.0000000000000000
-12310.058675282038 1.0000000000000000
-5969.6928466831087 1.0000000000000000
5991.9040575412773 1.0000000000000000
-40365.749273151465 1.0000000000000000
-6272.3802808651826 1.0000000000000000
32765.553863025179 1.0000000000000000
2353.8269217370216 1.0000000000000000
-9585.6275184823553 1.0000000000000000
-5773.4919133267795 1.0000000000000000
-19992.411000720746 1.0000000000000000
-1726.7017181381341 1.0000000000000000
-998.41013997066761 1.0000000000000000
-51548.373424782352 1.0000000000000000
-44244.998626179789 1.0000000000000000
-5985.5953708553443 1.0000000000000000
2594.0194249348447 1.0000000000000000
-9689.4362869373435 1.0000000000000000
2994.3805247531163 1.0000000000000000
-4679.0010647335375 1.0000000000000000
-15918.142013398974 1.0000000000000000
-6816.8471853766132 1.0000000000000000
8151.8542146877444 1.0000000000000000
19525.918069892501 1.0000000000000000
2611.1766043840962 1.0000000000000000
-87274.560202567794 1.0000000000000000
-2286.6708835599466 1.0000000000000000
7278.8573717446598 1.0000000000000000
824.42232552357359 1.0000000000000000
-600.30880385937394 1.0000000000000000
49803.776462816983 1.0000000000000000
-4387.9189894699766 1.0000000000000000
24830.177952184513 1.0000000000000000
-11589.675932730815 1.0000000000000000
29840.305590895940 1.0000000000000000
16106.557285553868 1.0000000000000000
-8122.4223151797360 1.0000000000000000
-62071.223831177849 1.0000000000000000
18063.798198435888 1.0000000000000000
17590.415362152246 1.0000000000000000
-18788.807742356967 1.0000000000000000
28602.620521509860 1.0000000000000000
195458.50699253078 1.0000000000000000
12472.463601753860 1.0000000000000000
-9279.5903791898581 1.0000000000000000
40991.154029308833 1.0000000000000000
-7057.6767237185159 1.0000000000000000
-70186.797847982263 1.0000000000000000
5102.7388373012100 1.0000000000000000
11239.445834362887 1.0000000000000000
11901.346404144122 1.0000000000000000
-28850.528477937638 1.0000000000000000
20736.075845297022 1.0000000000000000
12038.083609506350 1.0000000000000000
-1201.0261089030621 1.0000000000000000
-138140.89113141780 1.0000000000000000
6043.6059330425878 1.0000000000000000
-21258.290493979592 1.0000000000000000
90715.399176402629 1.0000000000000000
34900.576277960201 1.0000000000000000
30731.770856617899 1.0000000000000000
-188596.57223084776 1.0000000000000000
-132587.79561304837 1.0000000000000000
378474.30641739973 1.0000000000000000
-2372.7921102651549 1.0000000000000000
-22564.908903268519 1.0000000000000000
-3282.4895023893496 1.0000000000000000
39144.058801444720 1.0000000000000000
8177.3068374858876 1.0000000000000000
48964.839402137608 1.0000000000000000
68983.818815438106 1.0000000000000000
737.95672251946939 1.0000000000000000
-40861.559358197359 1.0000000000000000
-32051.062901992147 1.0000000000000000
-55373.050300837313 1.0000000000000000
-2639.9532214754836 1.0000000000000000
4323.8298081763332 1.0000000000000000
17471.667033729005 1.0000000000000000
4645.3580510726197 1.0000000000000000
-23259.040311255660 1.0000000000000000
-55637.755981018228 1.0000000000000000
1160.5352183627035 1.0000000000000000
148428.20403654591 1.0000000000000000
11033.215351517902 1.0000000000000000
-50312.800210740010 1.0000000000000000
6761.9502971419715 1.0000000000000000
1308.9122715940528 1.0000000000000000
-16718.020094590560 1.0000000000000000
4122.1581845259916 1.0000000000000000
-331.91355015644041 1.0000000000000000
3644.6021968087048 1.0000000000000000
19698.884129299462 1.0000000000000000
-1680.7452435554915 1.0000000000000000
14806.169443869761 1.0000000000000000
27081.564592063016 1.0000000000000000
136.30665110291221 1.0000000000000000
1280.0978545317696 1.0000000000000000
-11046.950361859221 1.0000000000000000
-18211.807373469564 1.0000000000000000
32643.931714806327 1.0000000000000000
3172.2018999018183 1.0000000000000000
-9352.5249964030118 1.0000000000000000
-5156.9386274531462 1.0000000000000000
10449.790314492959 1.0000000000000000
-17174.795071476397 1.0000000000000000
-33679.207522959681 1.0000000000000000
12105.811128998341 1.0000000000000000
1956.8845480877162 1.0000000000000000
15954.854246925206 1.0000000000000000
6988.6998298282942 1.0000000000000000
-32609.987829896654 1.0000000000000000
-6124.5308442938413 1.0000000000000000
5507.4586233172968 1.0000000000000000
-19661.921118923623 1.0000000000000000
10122.045354442058 1.0000000000000000
-28064.230373421309 1.0000000000000000
-14617.030253010238 1.0000000000000000
-9472.8756238180467 1.0000000000000000
11486.821051299145 1.0000000000000000
37347.526362799137 1.0000000000000000
4107.8048352968581 1.0000000000000000
-50035.581317657561 1.0000000000000000
-12193.128417230566 1.0000000000000000
-11447.396306821933 1.0000000000000000
18824.679516169952 1.0000000000000000
-98814.046286005454 1.0000000000000000
-5173.8900701988696 1.0000000000000000
4220.0617409584102 1.0000000000000000
17387.179305805650 1.0000000000000000
-12833.021427666166 1.0000000000000000
15885.386336161602 1.0000000000000000
-8132.3339125865978 1.0000000000000000
2371.1161907867490 1.0000000000000000
-14720.669400060724 1.0000000000000000
-29303.807802865678 1.0000000000000000
-10910.116426155435 1.0000000000000000
55385.377885373739 1.0000000000000000
-31295.063502001212 1.0000000000000000
70592.076047957002 1.0000000000000000
22094.805459111030 1.0000000000000000
82334.929242936356 1.0000000000000000
-18568.754036083395 1.0000000000000000
2535.3017091979809 1.0000000000000000
13884.122269550384 1.0000000000000000
-11990.359181225813 1.0000000000000000
-6389.4995881817067 1.0000000000000000
378095.93785966560 1.0000000000000000
5654.5741056430206 1.0000000000000000
-1418.3488366704253 1.0000000000000000
473.14497731995232 1.0000000000000000
9807.5018475244724 1.0000000000000000
187682.21505036324 1.0000000000000000
1818.1732755531132 1.0000000000000000
-331.09440273783906 1.0000000000000000
-50578.413118038872 1.0000000000000000
-2525.3646481609421 1.0000000000000000
4239.0352902520926 1.0000000000000000
-19942.821099544210 1.0000000000000000
64266.128591703229 1.0000000000000000
-28309.848391623254 1.0000000000000000
46164.853168952788 1.0000000000000000
666.36711981761175 1.0000000000000000
168.78254829677911 1.0000000000000000
2511.2791027473077 1.0000000000000000
1134.9321594031389 1.0000000000000000
-47605.822991404413 1.0000000000000000
9184.8632930614767 1.0000000000000000
28108.441385165755 1.0000000000000000
-2472.4242411317514 1.0000000000000000
-890.19499304331976 1.0000000000000000
16856.859948910791 1.0000000000000000
9375.5583432565818 1.0000000000000000
6223.8454738625878 1.0000000000000000
60943.216846445466 1.0000000000000000
-48476.751713455604 1.0000000000000000
-3048.6857457941314 1.0000000000000000
30789.323589906307 1.0000000000000000
-16605.118185475152 1.0000000000000000
-6161.8570878244636 1.0000000000000000
15047.784542728266 1.0000000000000000
3462.5686554214176 1.0000000000000000
43416.877725660765 1.0000000000000000
-36961.752523486583 1.0000000000000000
-11702.626115347015 1.0000000000000000
2922.0402127035077 1.0000000000000000
45863.323460965090 1.0000000000000000
1889.9733288349100 1.0000000000000000
25217.924994747260 1.0000000000000000
42099.222085830348 1.0000000000000000
90884.709759341276 1.0000000000000000
303.91600577750006 1.0000000000000000
1733.4595003545514 1.0000000000000000
5491.3614496053624 1.0000000000000000
-4641.4229883209182 1.0000000000000000
-1093.9383346576715 1.0000000000000000
45752.345141470905 1.0000000000000000
-30725.196262380268 1.0000000000000000
-96021.856394969451 1.0000000000000000
-2011.0030829150685 1.0000000000000000
-37489.220792026528 1.0000000000000000
-21336.576997430762 1.0000000000000000
-18539.757298863933 1.0000000000000000
14568.977136399173 1.0000000000000000
4375.6149185070653 1.0000000000000000
2697.2973300958952 1.0000000000000000
-11786.698989936147 1.0000000000000000
44251.641360966663 1.0000000000000000
-13383.248454803786 1.0000000000000000
-22887.880676855646 1.0000000000000000
-77239.766559159994 1.0000000000000000
-11582.869384662212 1.0000000000000000
-62958.549487692748 1.0000000000000000
10584.226757841678 1.0000000000000000
15697.161714074458 1.0000000000000000
-15292.675464843212 1.0000000000000000
25656.042524374505 1.0000000000000000
76044.321117758853 1.0000000000000000
-6374.3139621387854 1.0000000000000000
15969.611518446527 1.0000000000000000
46150.393648319347 1.0000000000000000
-49063.660336041066 1.0000000000000000
-2950.5562952778059 1.0000000000000000
-19040.358752478031 1.0000000000000000
-3221.1528375360394 1.0000000000000000
-7234.1908859685882 1.0000000000000000
-10906.040930458905 1.0000000000000000
-1749.5797355384470 1.0000000000000000
-44647.690191749141 1.0000000000000000
46917.466815790322 1.0000000000000000
-15156.682638956967 1.0000000000000000
1762.0339357968251 1.0000000000000000
7505.6227783563863 1.0000000000000000
-120530.88116200361 1.0000000000000000
-185712.43460521151 1.0000000000000000
-1471.6887055718912 1.0000000000000000
13557.996201977041 1.0000000000000000
-15256.859075788376 1.0000000000000000
30172.562284499887 1.0000000000000000
4358.3483585088015 1.0000000000000000
-9421.0476483964139 1.0000000000000000
18981.024906279563 1.0000000000000000
15150.417695506636 1.0000000000000000
34446.511463105104 1.0000000000000000
-347.22223507971802 1.0000000000000000
98358.016474788543 1.0000000000000000
-16389.143196854795 1.0000000000000000
-15821.588175946450 1.0000000000000000
-7973.0469737474459 1.0000000000000000
-4605.0237834489071 1.0000000000000000
27609.941842412369 1.0000000000000000
-899.91173102337382 1.0000000000000000
7494.5146025523409 1.0000000000000000
1477.5275603530797 1.0000000000000000
1570.2603690710334 1.0000000000000000
82021.000515918073 1.0000000000000000
4502.2479379391534 1.0000000000000000
-13993.356714659571 1.0000000000000000
4775.5599822600470 1.0000000000000000
-13982.334029365678 1.0000000000000000
63142.967352325373 1.0000000000000000
-4149.3826744043581 1.0000000000000000
-34862.171393384640 1.0000000000000000
11126.816501167164 1.0000000000000000
8771.3715956246269 1.0000000000000000
9264.1560969465754 1.0000000000000000
1586.7293961816749 1.0000000000000000
-11054.843208505825 1.0000000000000000
-22978.079263059630 1.0000000000000000
11057.328357131013 1.0000000000000000
3361.0572247134282 1.0000000000000000
-23608.944761239323 1.0000000000000000
-6702.3480055209529 1.0000000000000000
3784.0587695544114 1.0000000000000000
80178.286877871622 1.0000000000000000
-29654.584852989814 1.0000000000000000
-4324.9207762002752 1.0000000000000000
-667.47400057179721 1.0000000000000000
3160.3230223781470 1.0000000000000000
-16013.412556802277 1.0000000000000000
41705.418868458415 1.0000000000000000
-11.373997097159355 1.0000000000000000
102923.26570943902 1.0000000000000000
1007.1137594828679 1.0000000000000000
-75297.366776208641 1.0000000000000000
11176.938522253400 1.0000000000000000
43802.853278148905 1.0000000000000000
-53545.617672769695 1.0000000000000000
42620.811525734323 1.0000000000000000
29675.874322578944 1.0000000000000000
-75956.179669487101 1.0000000000000000
-7768.2968029099920 1.0000000000000000
13498.810966803076 1.0000000000000000
-3496.5096817294839 1.0000000000000000
12328.778975474444 1.0000000000000000
110897.25951391409 1.0000000000000000
13082.410753878072 1.0000000000000000
-3040.3588990297553 1.0000000000000000
6605.6396712653705 1.0000000000000000
7787.0325504225248 1.0000000000000000
-21245.555105014126 1.0000000000000000
-2956.2976761633549 1.0000000000000000
8958.2837036688888 1.0000000000000000
1213.1463035243748 1.0000000000000000
-16640.724025295058 1.0000000000000000
-5477.8623176689998 1.0000000000000000
-26021.708437003130 1.0000000000000000
12397.594099898439 1.0000000000000000
60516.113585988365 1.0000000000000000
77503.148963652726 1.0000000000000000
1599.1848034717909 1.0000000000000000
-21612.472905096802 1.0000000000000000
26280.049428519920 1.0000000000000000
4866.8688040048701 1.0000000000000000
3356.0784860976114 1.0000000000000000
-3549.4168742579013 1.0000000000000000
4254.0407485818723 1.0000000000000000
-1105.7393290536245 1.0000000000000000
-36280.648623352499 1.0000000000000000
-2967.9359247937350 1.0000000000000000
-5610.9522481980521 1.0000000000000000
-336129.02592320665 1.0000000000000000
-746.35655227377583 1.0000000000000000
-.50895128265022349 1.0000000000000000
4565.2169962442085 1.0000000000000000
-100422.03956524959 1.0000000000000000
16520.265976210183 1.0000000000000000
-36120.960267852621 1.0000000000000000
901.99087161316550 1.0000000000000000
8908.7266807552642 1.0000000000000000
5962.6953327016654 1.0000000000000000
856.42395346489036 1.0000000000000000
939.99544308037582 1.0000000000000000
-66752.412230328468 1.0000000000000000
-60461.949909651907 1.0000000000000000
40359.191201452108 1.0000000000000000
-3314.4633818846614 1.0000000000000000
-12409.279740068456 1.0000000000000000
16205.224165628488 1.0000000000000000
62778.548199008997 1.0000000000000000
-4063.5233613164992 1.0000000000000000
-31921.727817240735 1.0000000000000000
2685.5511351969039 1.0000000000000000
-44411.769334437478 1.0000000000000000
-19655.952966358647 1.0000000000000000
-41571.838319333816 1.0000000000000000
1249.8368123148821 1.0000000000000000
25194.542614818431 1.0000000000000000
-106.15130106858493 1.0000000000000000
3664.7856406825049 1.0000000000000000
-679.42307682436535 1.0000000000000000
1067.5350855457809 1.0000000000000000
3943.8309828723400 1.0000000000000000
-5845.1072613701199 1.0000000000000000
-8277.0990375887031 1.0000000000000000
-5312.6361854364732 1.0000000000000000
18667.171822808417 1.0000000000000000
-36117.458811993332 1.0000000000000000
-4317.5791717507755 1.0000000000000000
-5528.9429329172272 1.0000000000000000
4669.2967590900389 1.0000000000000000
-34059.778268087750 1.0000000000000000
10993.856710010314 1.0000000000000000
1173.8396970474921 1.0000000000000000
176009.91548702214 1.0000000000000000
3099.5041763576587 1.0000000000000000
19653.570986271203 1.0000000000000000
19919.305509895123 1.0000000000000000
-25246.305833040402 1.0000000000000000
49712.944873511100 1.0000000000000000
17729.474716176650 1.0000000000000000
-4223.6479368525479 1.0000000000000000
7437.8895232043669 1.0000000000000000
1588.6545399751974 1.0000000000000000
2700.6711809418821 1.0000000000000000
14657.759263914875 1.0000000000000000
-21224.812831917701 1.0000000000000000
-4129.8650732410142 1.0000000000000000
9053.3099771903107 1.0000000000000000
-4079.5651506525878 1.0000000000000000
14129.554696888817 1.0000000000000000
28483.427059104131 1.0000000000000000
-5771.2739747818923 1.0000000000000000
-25558.156652525806 1.0000000000000000
-20529.464287378119 1.0000000000000000
-27564.473057506100 1.0000000000000000
-22951.913531189930 1.0000000000000000
-11370.750609250441 1.0000000000000000
-2130.0833860697348 1.0000000000000000
8715.1902416021039 1.0000000000000000
21786.068618334160 1.0000000000000000
-3733.6352437840292 1.0000000000000000
3124.0461811392720 1.0000000000000000
507.55302540603168 1.0000000000000000
52279.286228046782 1.0000000000000000
-8915.5854499074776 1.0000000000000000
16404.031127397058 1.0000000000000000
13455.222272198014 1.0000000000000000
58062.458238309293 1.0000000000000000
28538.066577734036 1.0000000000000000
-5507.0769894108435 1.0000000000000000
-668.54021776664331 1.0000000000000000
-7463.2981576738439 1.0000000000000000
-25322.926748579092 1.0000000000000000
76837.205310704230 1.0000000000000000
28993.139592563843 1.0000000000000000
8097.8204530377552 1.0000000000000000
163930.04632137105 1.0000000000000000
-607.51611971008833 1.0000000000000000
24300.808748141630 1.0000000000000000
12856.601032735192 1.0000000000000000
17450.947617548984 1.0000000000000000
72165.197354493459 1.0000000000000000
-7805.5092890188726 1.0000000000000000
31027.526661528402 1.0000000000000000
11346.327121641587 1.0000000000000000
13438.588655357133 1.0000000000000000
8227.6909953132927 1.0000000000000000
-6318.6679703605478 1.0000000000000000
2061.8797979037304 1.0000000000000000
109904.40515523797 1.0000000000000000
-35969.482783111183 1.0000000000000000
-21589.338872114135 1.0000000000000000
8608.4161257120286 1.0000000000000000
-8877.1113241574585 1.0000000000000000
1821.8648823224814 1.0000000000000000
10976.862686433609 1.0000000000000000
-374.99471183212285 1.0000000000000000
-2237.5596014346543 1.0000000000000000
2324.8860028334143 1.0000000000000000
-36531.940612675004 1.0000000000000000
-19605.937107614493 1.0000000000000000
-25463.399758306441 1.0000000000000000
-41660.196075617678 1.0000000000000000
993.12910938142409 1.0000000000000000
3461.2099700709687 1.0000000000000000
-1855.3477763722824 1.0000000000000000
-7569.7436407575615 1.0000000000000000
50838.639377766252 1.0000000000000000
49274.842296425457 1.0000000000000000
2440.8311196831551 1.0000000000000000
8634.0338322397583 1.0000000000000000
-15460.357894018398 1.0000000000000000
-45339.426376899748 1.0000000000000000
64366.323142335816 1.0000000000000000
24908.842853793514 1.0000000000000000
-20094.000189724597 1.0000000000000000
18530.464137561110 1.0000000000000000
-15224.481282177228 1.0000000000000000
27624.221694937027 1.0000000000000000
-4329.9254769754407 1.0000000000000000
-19100.983902967313 1.0000000000000000
-1335.4104445856760 1.0000000000000000
-3913.8474924348202 1.0000000000000000
19992.267891433607 1.0000000000000000
9309.4420706433484 1.0000000000000000
18608.192107528779 1.0000000000000000
48675.218520205235 1.0000000000000000
-19682.582895578227 1.0000000000000000
719.99615742990932 1.0000000000000000
21435.553111399211 1.0000000000000000
-5717.7411478326994 1.0000000000000000
-139.67418211695119 1.0000000000000000
14202.868718947489 1.0000000000000000
-8010.6954216329259 1.0000000000000000
-118951.97533398266 1.0000000000000000
-3913.1024113312719 1.0000000000000000
2967.9189037961528 1.0000000000000000
-904.86191464763817 1.0000000000000000
-21344.712725064124 1.0000000000000000
21455.232464255281 1.0000000000000000
-28920.605882216081 1.0000000000000000
9757.6559214941808 1.0000000000000000
-2446.8587675505082 1.0000000000000000
-61441.634778257052 1.0000000000000000
-5748.7008992413512 1.0000000000000000
-27650.467759413186 1.0000000000000000
-40216.125126716404 1.0000000000000000
3234.1709381005676 1.0000000000000000
-4367.0238575925132 1.0000000000000000
27572.752205191209 1.0000000000000000
80768.971591372319 1.0000000000000000
19708.549121581291 1.0000000000000000
3569.4353284271847 1.0000000000000000
-1484.7914896240934 1.0000000000000000
2974.0401323070428 1.0000000000000000
-1944.5299445043916 1.0000000000000000
22180.765879953720 1.0000000000000000
11540.895309391855 1.0000000000000000
-74317.226238060597 1.0000000000000000
-115576.60302914221 1.0000000000000000
-75764.062843030071 1.0000000000000000
52746.638200662121 1.0000000000000000
-70074.977146149147 1.0000000000000000
299763.21081764088 1.0000000000000000
-9696.3371222753376 1.0000000000000000
-8472.1862479404263 1.0000000000000000
-2041.6341581279939 1.0000000000000000
-74739.975038054181 1.0000000000000000
170732.01138114688 1.0000000000000000
19852.530423621505 1.0000000000000000
38508.361136834232 1.0000000000000000
-19952.803903212607 1.0000000000000000
-11634.440557239508 1.0000000000000000
-2278.9154823766048 1.0000000000000000
5147.9960637262038 1.0000000000000000
59837.007363142482 1.0000000000000000
15874.154365292587 1.0000000000000000
11451.124299865831 1.0000000000000000
-4708.1230565090018 1.0000000000000000
-8280.7606376310923 1.0000000000000000
-9591.1079806563284 1.0000000000000000
-8037.6570023018867 1.0000000000000000
-20405.328840837134 1.0000000000000000
-5981.8094835582488 1.0000000000000000
-1832.3742311535941 1.0000000000000000
-15554.185989004895 1.0000000000000000
9043.8409914968433 1.0000000000000000
-20109.925618768048 1.0000000000000000
2193.2919541157612 1.0000000000000000
6934.2736998346536 1.0000000000000000
13370.410074629803 1.0000000000000000
1319.9828967576361 1.0000000000000000
-2032.5140425399582 1.0000000000000000
912.57120590602710 1.0000000000000000
20851.154682249100 1.0000000000000000
3080.3175804155235 1.0000000000000000
15397.565147625983 1.0000000000000000
-42283.158739038481 1.0000000000000000
3649.2706176337324 1.0000000000000000
-74618.053243880277 1.0000000000000000
-224723.72201400841 1.0000000000000000
-767.66614761825804 1.0000000000000000
-24342.026674955938 1.0000000000000000
-3249.5650022352720 1.0000000000000000
1187.1516681905148 1.0000000000000000
-66155.480880641713 1.0000000000000000
-31268.086282775857 1.0000000000000000
54670.669800737422 1.0000000000000000
-13830.465577527004 1.0000000000000000
-2399.3380419252503 1.0000000000000000
7191.5300959846581 1.0000000000000000
-5346.5329179170603 1.0000000000000000
14864.472620730668 1.0000000000000000
-68884.547802672314 1.0000000000000000
23236.438281806244 1.0000000000000000
-72673.960931982918 1.0000000000000000
9733.3083192378035 1.0000000000000000
14208.015821129999 1.0000000000000000
-7157.5245743940577 1.0000000000000000
-21192.277494601829 1.0000000000000000
-1106.7150968428293 1.0000000000000000
-8142.1508775577831 1.0000000000000000
-71869.056898183073 1.0000000000000000
-20985.733038094528 1.0000000000000000
173411.04536462613 1.0000000000000000
-30185.065253555884 1.0000000000000000
-14983.747472841667 1.0000000000000000
33955.161079257407 1.0000000000000000
-104122.36216701640 1.0000000000000000
-4067.7509871395478 1.0000000000000000
21883.721198641080 1.0000000000000000
-8886.8730683511712 1.0000000000000000
-14247.922330979640 1.0000000000000000
13919.068609963280 1.0000000000000000
-5064.3202072014274 1.0000000000000000
-61929.553366231230 1.0000000000000000
-25151.618641989331 1.0000000000000000
-3814.9986096673570 1.0000000000000000
-34054.705679305771 1.0000000000000000
-6157.2975428898408 1.0000000000000000
4517.3447362541119 1.0000000000000000
20136.097907167110 1.0000000000000000
168.14840848648879 1.0000000000000000
-73801.113981395611 1.0000000000000000
512.50876435220482 1.0000000000000000
-1430.0173255068171 1.0000000000000000
41175.285007552309 1.0000000000000000
3782.9636364910930 1.0000000000000000
-21541.564656458828 1.0000000000000000
-148902.73317297240 1.0000000000000000
1018.4642251947429 1.0000000000000000
-11466.051698660474 1.0000000000000000
-22075.995168459373 1.0000000000000000
-2340.0867169906705 1.0000000000000000
-498.18861823598962 1.0000000000000000
13713.082724610829 1.0000000000000000
-3999.3523375428899 1.0000000000000000
5711.4615117097146 1.0000000000000000
-29745.782210665711 1.0000000000000000
-51051.262672091085 1.0000000000000000
-5440.5779718644453 1.0000000000000000
-38219.893488463502 1.0000000000000000
-18709.172774243136 1.0000000000000000
-4319.8093418113731 1.0000000000000000
-4057.8575878043675 1.0000000000000000
10148.499597173692 1.0000000000000000
35482.437487163137 1.0000000000000000
-43500.594201107720 1.0000000000000000
7329.9781753061661 1.0000000000000000
37381.197482335403 1.0000000000000000
-20874.673815951861 1.0000000000000000
11581.440545644286 1.0000000000000000
-5282.4490919288619 1.0000000000000000
-54425.073407294498 1.0000000000000000
313210.44490982499 1.0000000000000000
6331.8740774003527 1.0000000000000000
80178.749218584126 1.0000000000000000
41699.493497494368 1.0000000000000000
-180866.75365137539 1.0000000000000000
54963.877141213758 1.0000000000000000
1479.7261019421155 1.0000000000000000
-20070.436187810235 1.0000000000000000
-22640.716450234384 1.0000000000000000
21703.485488587699 1.0000000000000000
-31961.915038805953 1.0000000000000000
-39542.755314377559 1.0000000000000000
27007.452222993801 1.0000000000000000
32681.103712271542 1.0000000000000000
18666.697840498211 1.0000000000000000
139905.28781710588 1.0000000000000000
8088.0996189382686 1.0000000000000000
-21423.784794878691 1.0000000000000000
-40682.847993732117 1.0000000000000000
34940.626747818133 1.0000000000000000
-223346.57285178156 1.0000000000000000
-5310.9055999477141 1.0000000000000000
4708.9669247691891 1.0000000000000000
-4368.4922715474140 1.0000000000000000
-1405.9411456782202 1.0000000000000000
-2171.4958036696853 1.0000000000000000
17762.584864948254 1.0000000000000000
-5082.5706742883349 1.0000000000000000
15090.981602560452 1.0000000000000000
75995.630143959148 1.0000000000000000
24799.609590682390 1.0000000000000000
-68967.209555588706 1.0000000000000000
1828.6426829319698 1.0000000000000000
22677.177451903197 1.0000000000000000
-6084.5990767171224 1.0000000000000000
51014.572282902911 1.0000000000000000
17717.798135666493 1.0000000000000000
-21407.684027890322 1.0000000000000000
11115.837927131171 1.0000000000000000
-58555.549058343589 1.0000000000000000
19782.536386314623 1.0000000000000000
-16073.122889559050 1.0000000000000000
17345.261007354587 1.0000000000000000
9766.7891393227474 1.0000000000000000
-18768.715743608966 1.0000000000000000
30112.213674734954 1.0000000000000000
23533.773069907635 1.0000000000000000
-25599.176144188918 1.0000000000000000
8300.6732664474694 1.0000000000000000
-14703.640418928100 1.0000000000000000
-28584.448844045623 1.0000000000000000
81702.682587036557 1.0000000000000000
20269.175357864817 1.0000000000000000
-3913.0346394300045 1.0000000000000000
-50375.438808268773 1.0000000000000000
-21049.655200546680 1.0000000000000000
-10288.562682532327 1.0000000000000000
62536.897788400798 1.0000000000000000
9455.9329124991255 1.0000000000000000
-17223.931982369271 1.0000000000000000
-6252.9222983831642 1.0000000000000000
6332.3431015136239 1.0000000000000000
778.74459427908437 1.0000000000000000
-11032.102734393067 1.0000000000000000
29609.314795051461 1.0000000000000000
-13951.888164173764 1.0000000000000000
66095.135469654662 1.0000000000000000
735.26675778030005 1.0000000000000000
-47489.909231112397 1.0000000000000000
-202628.92334309753 1.0000000000000000
32806.701268027122 1.0000000000000000
3993.2984245885359 1.0000000000000000
12213.430350312556 1.0000000000000000
2237.7641904662642 1.0000000000000000
-5908.9770280535304 1.0000000000000000
45691.036604717883 1.0000000000000000
-3354.5942288384022 1.0000000000000000
-9875.8446199773480 1.0000000000000000
39599.158906837991 1.0000000000000000
-30372.974070499204 1.0000000000000000
-4518.8392210021138 1.0000000000000000
47595.565680002735 1.0000000000000000
39264.435720534930 1.0000000000000000
-61136.073183055873 1.0000000000000000
-11624.583136933159 1.0000000000000000
78514.258206399492 1.0000000000000000
-8240.7563391166514 1.0000000000000000
-317169.62287638313 1.0000000000000000
-5808.8134996487979 1.0000000000000000
31966.309788778162 1.0000000000000000
43886.161005258698 1.0000000000000000
-76.662674172878070 1.0000000000000000
4252.9107365109021 1.0000000000000000
4823.1500355479156 1.0000000000000000
16787.884193743837 1.0000000000000000
-24187.865174673971 1.0000000000000000
-15106.823003118368 1.0000000000000000
9472.1863004992501 1.0000000000000000
35472.246517752697 1.0000000000000000
-10578.010062895402 1.0000000000000000
17092.718945481363 1.0000000000000000
477.14415152840820 1.0000000000000000
6302.0441861226245 1.0000000000000000
1696.6951991291025 1.0000000000000000
-25269.454474142742 1.0000000000000000
4416.5996815824265 1.0000000000000000
4662.4532715736013 1.0000000000000000
-10819.968258848687 1.0000000000000000
76927.670538069462 1.0000000000000000
4332.4095921861908 1.0000000000000000
9051.4134177121141 1.0000000000000000
-6916.7634113189770 1.0000000000000000
-5671.1198169602285 1.0000000000000000
-10459.292830694836 1.0000000000000000
96866.016376690459 1.0000000000000000
52998.913276005893 1.0000000000000000
-140928.62914407591 1.0000000000000000
-17219.778369276908 1.0000000000000000
-125390.60527634826 1.0000000000000000
71669.895812485280 1.0000000000000000
-10896.127879621559 1.0000000000000000
-47599.233354974480 1.0000000000000000
60639.211374334169 1.0000000000000000
5092.4853530204109 1.0000000000000000
-3894.9181681639961 1.0000000000000000
19619.879405452535 1.0000000000000000
80291.028016255630 1.0000000000000000
23224.148583574959 1.0000000000000000
16910.432890775919 1.0000000000000000
6447.5956327833228 1.0000000000000000
-4154.1770022933933 1.0000000000000000
46660.406633761879 1.0000000000000000
-359.97610448559470 1.0000000000000000
-6573.8663725458910 1.0000000000000000
-99039.863574420160 1.0000000000000000
4933.0018010282074 1.0000000000000000
17428.143163381494 1.0000000000000000
7787.2056239244912 1.0000000000000000
12972.618225812666 1.0000000000000000
-24624.866503159341 1.0000000000000000
9417.7027374642748 1.0000000000000000
-17679.605114430757 1.0000000000000000
6516.2211305744522 1.0000000000000000
41357.651138404988 1.0000000000000000
-10439.899902638545 1.0000000000000000
7936.9118213243228 1.0000000000000000
-19379.449347974281 1.0000000000000000
8465.7895520140082 1.0000000000000000
-26919.321532994887 1.0000000000000000
-13176.139581792650 1.0000000000000000
-66.916352948232444 1.0000000000000000
-3163.8885699484213 1.0000000000000000
5959.0046701778438 1.0000000000000000
-15102.732380881132 1.0000000000000000
-2540.8284189718875 1.0000000000000000
-85.360809893928263 1.0000000000000000
56085.493716000456 1.0000000000000000
33055.183562079677 1.0000000000000000
-42521.645066602337 1.0000000000000000
-2363.4694339187222 1.0000000000000000
1783.7834484783234 1.0000000000000000
-1289.8328273157765 1.0000000000000000
42037.328356058322 1.0000000000000000
21116.668428713037 1.0000000000000000
-11388.104626225109 1.0000000000000000
1982.8260327862706 1.0000000000000000
19951.836473589152 1.0000000000000000
-20607.122234618495 1.0000000000000000
-16682.805965882017 1.0000000000000000
-3864.8346592883786 1.0000000000000000
-140.99588609648558 1.0000000000000000
-15122.196476795742 1.0000000000000000
-12186.619671443174 1.0000000000000000
-12536.605935998665 1.0000000000000000
24079.015032394520 1.0000000000000000
-38761.608312391720 1.0000000000000000
147.57595925219366 1.0000000000000000
-8251.9052585732024 1.0000000000000000
-1816.1308460692724 1.0000000000000000
-59616.039908510938 1.0000000000000000
-12189.655364808612 1.0000000000000000
16574.464263748716 1.0000000000000000
-28219.671836314730 1.0000000000000000
3342.8437146749693 1.0000000000000000
1881.1602181170247 1.0000000000000000
-24223.258030015571 1.0000000000000000
22631.366707819143 1.0000000000000000
40020.606874250858 1.0000000000000000
6665.0515052369938 1.0000000000000000
-7208.7641488328527 1.0000000000000000
17951.155845264751 1.0000000000000000
-18550.974778019219 1.0000000000000000
-847.37942244921021 1.0000000000000000
6026.1795197310648 1.0000000000000000
20796.070684891783 1.0000000000000000
-25607.159493162246 1.0000000000000000
16413.928362386338 1.0000000000000000
-47519.735384546380 1.0000000000000000
9393.2204559763686 1.0000000000000000
-32979.757692966334 1.0000000000000000
-37.847044243547757 1.0000000000000000
-66917.438894425941 1.0000000000000000
15569.027792954834 1.0000000000000000
-105773.02246586522 1.0000000000000000
18030.449473161254 1.0000000000000000
3294.5411684879787 1.0000000000000000
-1234.7886226697567 1.0000000000000000
42391.683205014742 1.0000000000000000
5762.2771828680752 1.0000000000000000
23461.500976305120 1.0000000000000000
22218.640173823002 1.0000000000000000
-26186.802224679155 1.0000000000000000
-213027.41430800958 1.0000000000000000
54039.511919941979 1.0000000000000000
92209.306406891163 1.0000000000000000
34971.747012169260 1.0000000000000000
11646.813417893265 1.0000000000000000
6180.2886711387173 1.0000000000000000
15177.807240242506 1.0000000000000000
139226.32257626549 1.0000000000000000
27601.567940265046 1.0000000000000000
1946.2821455874869 1.0000000000000000
3860.3298203469481 1.0000000000000000
-42258.517752720203 1.0000000000000000
-119457.61984448714 1.0000000000000000
-6802.8202463656717 1.0000000000000000
-21331.509466780419 1.0000000000000000
-42385.370774309245 1.0000000000000000
-2959.6191139011194 1.0000000000000000
-3461.2246303353691 1.0000000000000000
23214.567246243980 1.0000000000000000
-27571.346970514624 1.0000000000000000
4704.6367075967137 1.0000000000000000
-7548.9906540968022 1.0000000000000000
-10980.508186825537 1.0000000000000000
15029.682156605613 1.0000000000000000
-711.29943451564122 1.0000000000000000
11753.351927296560 1.0000000000000000
-64068.217094677399 1.0000000000000000
18255.896003682315 1.0000000000000000
-13466.213104301780 1.0000000000000000
105079.43710529893 1.0000000000000000
210.10297787549248 1.0000000000000000
-23871.453008878772 1.0000000000000000
-16013.039619938112 1.0000000000000000
-3258.2220317668143 1.0000000000000000
-21353.710439505310 1.0000000000000000
-33990.771797759779 1.0000000000000000
53478.169623993694 1.0000000000000000
-35600.476774493058 1.0000000000000000
-19859.881010275316 1.0000000000000000
6144.4440673948311 1.0000000000000000
9352.3204981074177 1.0000000000000000
-35388.404551337233 1.0000000000000000
8128.8547287827978 1.0000000000000000
-2779.5242640739998 1.0000000000000000
5764.0528108846747 1.0000000000000000
-8662.5072840661214 1.0000000000000000
42173.585421543692 1.0000000000000000
-5179.7891831082152 1.0000000000000000
-100173.36579935956 1.0000000000000000
4002.5805498787568 1.0000000000000000
-67877.145436016144 1.0000000000000000
-121565.74221886502 1.0000000000000000
21104.460852138778 1.0000000000000000
-53206.573937466528 1.0000000000000000
3926.5104800684549 1.0000000000000000
-9013.3469202699598 1.0000000000000000
17297.092428963952 1.0000000000000000
-910.67114218083668 1.0000000000000000
23035.105432790591 1.0000000000000000
-58521.421834818830 1.0000000000000000
-11843.594839546246 1.0000000000000000
-44311.914965218828 1.0000000000000000
37385.917822223710 1.0000000000000000
3688.5111150232465 1.0000000000000000
4872.9070367687054 1.0000000000000000
-3844.9398439600263 1.0000000000000000
-72293.762605710552 1.0000000000000000
59720.238936374531 1.0000000000000000
-15688.202656502861 1.0000000000000000
7897.6401220025373 1.0000000000000000
-43398.633749453125 1.0000000000000000
15437.010163127436 1.0000000000000000
24365.947764037126 1.0000000000000000
-21927.348974784407 1.0000000000000000
-20795.300064617182 1.0000000000000000
183.77870792871394 1.0000000000000000
66859.529340549285 1.0000000000000000
-12970.944566863018 1.0000000000000000
23481.190139517232 1.0000000000000000
45576.507755606632 1.0000000000000000
70586.349135329539 1.0000000000000000
4293.2473871593884 1.0000000000000000
-6390.4383790595466 1.0000000000000000
-10429.014187134768 1.0000000000000000
2278.8693312667601 1.0000000000000000
67725.379251113962 1.0000000000000000
-16402.771053485227 1.0000000000000000
518.65278480562142 1.0000000000000000
-21050.023908934792 1.0000000000000000
52961.740213822210 1.0000000000000000
-68755.082436354016 1.0000000000000000
