367874.70452411065 1.0000000000000000
-12964.696272469833 1.0000000000000000
50118.172929952256 1.0000000000000000
40742.543843176383 1.0000000000000000
-40553.325063494907 1.0000000000000000
-6631.2533608172116 1.0000000000000000
-1752.3297253675084 1.0000000000000000
22410.729206533659 1.0000000000000000
-1457.7898799275133 1.0000000000000000
-11850.833397680135 1.0000000000000000
36331.687174291590 1.0000000000000000
51576.681506128429 1.0000000000000000
-17809.808885602666 1.0000000000000000
-5000.6255587411961 1.0000000000000000
-24857.628680769583 1.0000000000000000
-1241.1717493488329 1.0000000000000000
41864.866313998980 1.0000000000000000
-16716.289556226475 1.0000000000000000
-227423.87665941531 1.0000000000000000
-31526.843583447193 1.0000000000000000
-8866.1353648421136 1.0000000000000000
-14292.617408890063 1.0000000000000000
174.20665111439342 1.0000000000000000
-7169.5539456538108 1.0000000000000000
-33028.353924491792 1.0000000000000000
-4550.4858575486296 1.0000000000000000
3496.0477290062004 1.0000000000000000
-8634.4385583393178 1.0000000000000000
-25253.610707791169 1.0000000000000000
68520.166732325772 1.0000000000000000
17300.947950073587 1.0000000000000000
-2266.3727036229707 1.0000000000000000
-12032.603924407929 1.0000000000000000
-18230.727289372309 1.0000000000000000
-21751.386773497707 1.0000000000000000
307.87272491317231 1.0000000000000000
-4978.7073620456295 1.0000000000000000
-3461.7942617732620 1.0000000000000000
28789.713137358973 1.0000000000000000
3236.8042717849630 1.0000000000000000
2670.3261564392424 1.0000000000000000
4648.7675051351662 1.0000000000000000
-1834.1159430581513 1.0000000000000000
7199.6988341977794 1.0000000000000000
5863.7548470898828 1.0000000000000000
-11864.905311656308 1.0000000000000000
-70030.122234636408 1.0000000000000000
-72892.896037308470 1.0000000000000000
-1146.7157261890673 1.0000000000000000
-5586.9808164774140 1.0000000000000000
-159950.95310581761 1.0000000000000000
-10026.733497291863 1.0000000000000000
-6532.9697769686627 1.0000000000000000
56371.408370365541 1.0000000000000000
-15514.113389183603 1.0000000000000000
-8228.7730030762614 1.0000000000000000
968.77023687557255 1.0000000000000000
-21869.543310408113 1.0000000000000000
3350.8269284723960 1.0000000000000000
6307.5272119382926 1.0000000000000000
56495.880849605244 1.0000000000000000
-9492.1664478526563 1.0000000000000000
79322.367791524928 1.0000000000000000
-7801.0469524604077 1.0000000000000000
28079.632967102370 1.0000000000000000
3972.8363709490882 1.0000000000000000
-30620.522365827688 1.0000000000000000
34007.139306033270 1.0000000000000000
12951.044266361074 1.0000000000000000
-13982.978392063333 1.0000000000000000
15408.814439710628 1.0000000000000000
767.83433439246505 1.0000000000000000
28684.416465320708 1.0000000000000000
-3012.7073586977658 1.0000000000000000
-3.9507939054496846 1.0000000000000000
-7520.6657415834843 1.0000000000000000
-9003.7896489616414 1.0000000000000000
338.28720073662186 1.0000000000000000
-7706.0030149627773 1.0000000000000000
-4477.0514661559000 1.0000000000000000
3402.9467950207227 1.0000000000000000
41692.831299135469 1.0000000000000000
-19938.122806491607 1.0000000000000000
-15233.320800433154 1.0000000000000000
-8486.5974634941995 1.0000000000000000
-8062.8981968702028 1.0000000000000000
8346.2404768428278 1.0000000000000000
-53266.258751017216 1.0000000000000000
-16839.771128806187 1.0000000000000000
-118257.08015838744 1.0000000000000000
-18991.978752248557 1.0000000000000000
13935.317150632780 1.0000000000000000
-15486.893264292754 1.0000000000000000
7696.3245469241201 1.0000000000000000
8997.4648506442863 1.0000000000000000
26995.785417856699 1.0000000000000000
-2355.4910935428402 1.0000000000000000
-1509.4717551551200 1.0000000000000000
25673.067133340395 1.0000000000000000
-11938.569822375102 1.0000000000000000
-36749.136128061509 1.0000000000000000
-5560.6931110720834 1.0000000000000000
39433.157523327456 1.0000000000000000
13188.483418637752 1.0000000000000000
-6466.8188553149630 1.0000000000000000
17354.345125414035 1.0000000000000000
3905.8044999224398 1.0000000000000000
-44015.305621272826 1.0000000000000000
260.97820134143166 1.0000000000000000
15816.737566485817 1.0000000000000000
-53095.348808221730 1.0000000000000000
7082.7842752344695 1.0000000000000000
921.39303345791450 1.0000000000000000
-10068.889811626310 1.0000000000000000
3805.4987750893511 1.0000000000000000
-15855.327261421380 1.0000000000000000
9908.2114515549511 1.0000000000000000
9850.8399240969702 1.0000000000000000
3055.5695729285367 1.0000000000000000
380.52037331776171 1.0000000000000000
-5351.1021123289929 1.0000000000000000
-148081.35120068726 1.0000000000000000
7468.0093781091327 1.0000000000000000
148807.55357895466 1.0000000000000000
-5719.7135377187979 1.0000000000000000
-1485.6622113588298 1.0000000000000000
3452.3475974585713 1.0000000000000000
8789.2849983060187 1.0000000000000000
-29.819083275542376 1.0000000000000000
6319.3914195035004 1.0000000000000000
64329.909963543396 1.0000000000000000
-47833.641903691620 1.0000000000000000
4682.2003411792366 1.0000000000000000
-18387.834258659339 1.0000000000000000
-17873.332303740477 1.0000000000000000
24055.677923071311 1.0000000000000000
-15942.830903669706 1.0000000000000000
29892.271155648032 1.0000000000000000
-10197.963889370061 1.0000000000000000
-22544.723633272046 1.0000000000000000
6336.8054986640300 1.0000000000000000
-11480.813202458785 1.0000000000000000
6134.9908262036906 1.0000000000000000
20811.973840277500 1.0000000000000000
-6242.0614094968114 1.0000000000000000
-6722.9672907427030 1.0000000000000000
-701.30177964871825 1.0000000000000000
20588.372818406464 1.0000000000000000
-11449.613380723924 1.0000000000000000
-1075.5752033946851 1.0000000000000000
-16499.446632633146 1.0000000000000000
1977.9545406652674 1.0000000000000000
-3302.4162009643524 1.0000000000000000
2951.7342801794630 1.0000000000000000
-17805.593090173017 1.0000000000000000
933.55398602166804 1.0000000000000000
7067.9288736997532 1.0000000000000000
1012.4001221548059 1.0000000000000000
-8846.5166601412511 1.0000000000000000
-726.84888285645002 1.0000000000000000
-8644.7260030251837 1.0000000000000000
-111963.59549152519 1.0000000000000000
-39753.141922898030 1.0000000000000000
-29231.144095605981 1.0000000000000000
102.75697785894907 1.0000000000000000
176952.09961107722 1.0000000000000000
-11694.415164516033 1.0000000000000000
-40575.691369395965 1.0000000000000000
-2230.7484805877766 1.0000000000000000
-2522.0488674701869 1.0000000000000000
-17392.028729730308 1.0000000000000000
-3607.7469923337612 1.0000000000000000
34652.452359851246 1.0000000000000000
1180.3605039579693 1.0000000000000000
7840.5427522288392 1.0000000000000000
-2959.1133737334908 1.0000000000000000
-5568.1629858658898 1.0000000000000000
-2327.2958694796444 1.0000000000000000
122103.25399517367 1.0000000000000000
-30749.717972895825 1.0000000000000000
1279.3039640179948 1.0000000000000000
-13156.196673652677 1.0000000000000000
7515.6948734053494 1.0000000000000000
14036.129147503572 1.0000000000000000
35.142311225943402 1.0000000000000000
-887.42097179739039 1.0000000000000000
11188.385570059520 1.0000000000000000
1477.9429835932976 1.0000000000000000
-6496.6068050497042 1.0000000000000000
5237.6113956152421 1.0000000000000000
2333.7935214105164 1.0000000000000000
-40054.540719352626 1.0000000000000000
3414.0095735580326 1.0000000000000000
-1622.2177022374594 1.0000000000000000
2714.3621206971275 1.0000000000000000
-439.11213775744437 1.0000000000000000
88227.129911778873 1.0000000000000000
-21338.723671533524 1.0000000000000000
-1036.0124673221935 1.0000000000000000
-38023.414473871992 1.0000000000000000
-3055.9771074258629 1.0000000000000000
274760.08639633213 1.0000000000000000
-7200.5195263425630 1.0000000000000000
-7933.1100136361447 1.0000000000000000
113642.30536639081 1.0000000000000000
13184.625869881373 1.0000000000000000
80625.021661087536 1.0000000000000000
4330.9837110145281 1.0000000000000000
22995.580793387839 1.0000000000000000
72174.579053929832 1.0000000000000000
-75067.131202054850 1.0000000000000000
10821.707576676989 1.0000000000000000
88.085427125426364 1.0000000000000000
-353.73403934726309 1.0000000000000000
5578.4767912164098 1.0000000000000000
-99845.269370680326 1.0000000000000000
17070.088962679107 1.0000000000000000
4456.4605690070675 1.0000000000000000
272.30234987123185 1.0000000000000000
19451.682653491756 1.0000000000000000
4250.8455974485414 1.0000000000000000
812.72182001966189 1.0000000000000000
-449.68639294580407 1.0000000000000000
233.30533606309015 1.0000000000000000
1208.4589778010029 1.0000000000000000
-101740.60643169458 1.0000000000000000
12137.269100590780 1.0000000000000000
-55476.491068767667 1.0000000000000000
-2240.9717632614461 1.0000000000000000
3715.1967037906520 1.0000000000000000
-4838.5719216249754 1.0000000000000000
1274.3324884961480 1.0000000000000000
509.69958847803468 1.0000000000000000
-5007.3653740250575 1.0000000000000000
6574.0662087835881 1.0000000000000000
-218782.66666870489 1.0000000000000000
73138.083470187790 1.0000000000000000
-94497.676043864732 1.0000000000000000
101295.02466921412 1.0000000000000000
10673.625500205231 1.0000000000000000
-5565.7105009000798 1.0000000000000000
20145.758964866851 1.0000000000000000
26516.662314497855 1.0000000000000000
50546.226307515361 1.0000000000000000
-1862.9119555327895 1.0000000000000000
2919.0506966444786 1.0000000000000000
53626.360457539042 1.0000000000000000
-36593.320629189649 1.0000000000000000
10439.612090309496 1.0000000000000000
2078.8865945459315 1.0000000000000000
73677.329057479132 1.0000000000000000
-83167.436750302004 1.0000000000000000
6781.4341955676109 1.0000000000000000
-8723.8935716687793 1.0000000000000000
43994.444364617135 1.0000000000000000
19722.456176220570 1.0000000000000000
-36075.216292945435 1.0000000000000000
16087.763235989358 1.0000000000000000
-4768.1319471323768 1.0000000000000000
9056.4742624925057 1.0000000000000000
-7916.5689914504392 1.0000000000000000
-3490.0898933612475 1.0000000000000000
-5959.1499215618187 1.0000000000000000
-3446.9030686576366 1.0000000000000000
1946.5596599768132 1.0000000000000000
-6685.2093238074594 1.0000000000000000
-5833.0674168656778 1.0000000000000000
-9328.5635116366666 1.0000000000000000
-4701.3934843935567 1.0000000000000000
3175.8815499560883 1.0000000000000000
-5893.3212236301661 1.0000000000000000
2589.7775131508561 1.0000000000000000
-11223.690625544115 1.0000000000000000
-19368.858064051979 1.0000000000000000
50597.726740214435 1.0000000000000000
-20598.182777427854 1.0000000000000000
-115666.64854603975 1.0000000000000000
-199389.44551492220 1.0000000000000000
169741.35209464119 1.0000000000000000
-79033.146887422598 1.0000000000000000
131946.24801699366 1.0000000000000000
4674.6075088639700 1.0000000000000000
-51019.933963322241 1.0000000000000000
52644.958534965488 1.0000000000000000
-11409.071483771599 1.0000000000000000
87425.476307945384 1.0000000000000000
-71799.171407331887 1.0000000000000000
919.65178276587312 1.0000000000000000
-26369.241323427166 1.0000000000000000
2546.1832810200335 1.0000000000000000
8247.9771633705241 1.0000000000000000
-36167.743626275005 1.0000000000000000
29132.472097917729 1.0000000000000000
-1068.2162483936725 1.0000000000000000
20780.657262274926 1.0000000000000000
22523.029000998420 1.0000000000000000
29747.557443530633 1.0000000000000000
26874.200537951245 1.0000000000000000
26.285626932640181 1.0000000000000000
353.10301839274325 1.0000000000000000
27890.795079362946 1.0000000000000000
-2106.0809515997712 1.0000000000000000
-18522.131689004702 1.0000000000000000
20212.896496882408 1.0000000000000000
-4115.5125077813973 1.0000000000000000
-6795.7617580664255 1.0000000000000000
21767.718054655852 1.0000000000000000
4055.7279464018366 1.0000000000000000
14727.974398981072 1.0000000000000000
383.30167788885603 1.0000000000000000
-14935.928352472685 1.0000000000000000
-928.87328097285888 1.0000000000000000
3540.4498968127459 1.0000000000000000
-7903.6759665264863 1.0000000000000000
-348.86782891225721 1.0000000000000000
8188.0244401062146 1.0000000000000000
673.61787843513071 1.0000000000000000
59802.859100026297 1.0000000000000000
8969.4619890066861 1.0000000000000000
105668.77956440227 1.0000000000000000
-12905.038614074680 1.0000000000000000
-111625.77709189562 1.0000000000000000
-49000.605272023939 1.0000000000000000
-212612.19572204101 1.0000000000000000
135581.77951788215 1.0000000000000000
32406.493897518601 1.0000000000000000
10601.186694976792 1.0000000000000000
-83838.748024182787 1.0000000000000000
-67916.206904748120 1.0000000000000000
23074.044611815189 1.0000000000000000
-25501.711844571269 1.0000000000000000
-199678.53313026633 1.0000000000000000
-3267.6820070830076 1.0000000000000000
-21442.499026781956 1.0000000000000000
-20738.540500664436 1.0000000000000000
9199.2071144556321 1.0000000000000000
-6130.2167930259375 1.0000000000000000
-2051.6987017696961 1.0000000000000000
2783.1998406917246 1.0000000000000000
11886.906749755644 1.0000000000000000
-14224.946838385687 1.0000000000000000
50578.741642932277 1.0000000000000000
-10921.466962712724 1.0000000000000000
-19265.806235060016 1.0000000000000000
-37005.359930108803 1.0000000000000000
-3133.5184868724582 1.0000000000000000
-379886.58192777052 1.0000000000000000
3471.7002161322639 1.0000000000000000
3254.3023634625088 1.0000000000000000
-8554.8294946192145 1.0000000000000000
9046.6592134936182 1.0000000000000000
10478.941774507250 1.0000000000000000
10290.380308610012 1.0000000000000000
-552.20032427008630 1.0000000000000000
3575.9981518292452 1.0000000000000000
-4314.9120321538257 1.0000000000000000
4141.3381507488557 1.0000000000000000
-28564.102966465965 1.0000000000000000
4183.6423456997709 1.0000000000000000
-5428.9133234203109 1.0000000000000000
-15458.993812327886 1.0000000000000000
19907.573184133369 1.0000000000000000
-7861.1896766042128 1.0000000000000000
6507.3694226242633 1.0000000000000000
4233.0393706488558 1.0000000000000000
24631.939508597556 1.0000000000000000
-3401.4239172117036 1.0000000000000000
94.879539849401141 1.0000000000000000
-17337.969068266033 1.0000000000000000
-9304.7896685679243 1.0000000000000000
7015.1735337997816 1.0000000000000000
6419.9949445311122 1.0000000000000000
-21504.386492111389 1.0000000000000000
18111.627355359924 1.0000000000000000
30337.425374269733 1.0000000000000000
143751.11720018249 1.0000000000000000
172038.78239699345 1.0000000000000000
86273.955355773986 1.0000000000000000
-30226.653167995581 1.0000000000000000
107105.69275477462 1.0000000000000000
-45489.130406598430 1.0000000000000000
25242.128934098582 1.0000000000000000
1872.1011937388455 1.0000000000000000
103.53831940729299 1.0000000000000000
1848.1855526965819 1.0000000000000000
29873.821299561601 1.0000000000000000
-8579.9555544187442 1.0000000000000000
5398.6951726087627 1.0000000000000000
-23954.953034196198 1.0000000000000000
69144.453591249709 1.0000000000000000
26945.987906003909 1.0000000000000000
-2223.2346104568951 1.0000000000000000
-23802.641240475630 1.0000000000000000
81379.177196553559 1.0000000000000000
-2749.9603440216051 1.0000000000000000
-6655.6669741745118 1.0000000000000000
-6884.4949410464706 1.0000000000000000
-17708.149481113047 1.0000000000000000
-2725.1126676780973 1.0000000000000000
5898.4995684694986 1.0000000000000000
-5883.7768434053933 1.0000000000000000
3313.1608362760326 1.0000000000000000
-2547.8395111681621 1.0000000000000000
-1755.2856814731210 1.0000000000000000
15260.340985614575 1.0000000000000000
12531.744515828679 1.0000000000000000
959.06256119144211 1.0000000000000000
5825.7022271495089 1.0000000000000000
-66907.883237989765 1.0000000000000000
8368.0684757803756 1.0000000000000000
17249.078597327094 1.0000000000000000
-73064.870206788444 1.0000000000000000
75730.795107433063 1.0000000000000000
106610.14461028534 1.0000000000000000
4412.7409609077495 1.0000000000000000
1609.2259416472682 1.0000000000000000
-2819.9918377820291 1.0000000000000000
-71.623472533281685 1.0000000000000000
-87220.876930790255 1.0000000000000000
-3919.5942405212904 1.0000000000000000
85105.921390256961 1.0000000000000000
116464.78691413495 1.0000000000000000
-44983.439209974189 1.0000000000000000
58718.351750921451 1.0000000000000000
-28031.604356084987 1.0000000000000000
-34312.664880572323 1.0000000000000000
-5437.8852891253409 1.0000000000000000
-28750.794569930786 1.0000000000000000
-11177.693601280558 1.0000000000000000
-14624.281335489417 1.0000000000000000
84122.570649654997 1.0000000000000000
-18606.254129060497 1.0000000000000000
22914.127024808105 1.0000000000000000
-54754.757088825405 1.0000000000000000
15708.909476024048 1.0000000000000000
-46967.826125792359 1.0000000000000000
-33766.432232265921 1.0000000000000000
-1977.8572106268216 1.0000000000000000
-5720.8948813558745 1.0000000000000000
9532.3692731576230 1.0000000000000000
-6137.2089063844587 1.0000000000000000
9953.3816226391355 1.0000000000000000
13864.157822541554 1.0000000000000000
3564.0699777915456 1.0000000000000000
737.41389030948721 1.0000000000000000
-11698.339164647992 1.0000000000000000
-6703.0327679037546 1.0000000000000000
-4068.0865322028021 1.0000000000000000
6907.0232398163653 1.0000000000000000
-9446.5352130542615 1.0000000000000000
-9214.8531364312585 1.0000000000000000
2510.8752830221833 1.0000000000000000
16369.568096485929 1.0000000000000000
789.29752930048483 1.0000000000000000
70.102754580835395 1.0000000000000000
4268.9782531843657 1.0000000000000000
-32718.921116826772 1.0000000000000000
30800.032040643735 1.0000000000000000
106434.40812176943 1.0000000000000000
-104689.25721840464 1.0000000000000000
-100062.67180083031 1.0000000000000000
-82473.422065897990 1.0000000000000000
-8110.4082476083231 1.0000000000000000
-1542.7264938198473 1.0000000000000000
-1866.1460471616217 1.0000000000000000
7563.9355438879156 1.0000000000000000
9666.5309119415342 1.0000000000000000
-2505.0672833516355 1.0000000000000000
-83769.085448878657 1.0000000000000000
-44976.506644458903 1.0000000000000000
7397.1508804710993 1.0000000000000000
20030.028062954676 1.0000000000000000
27346.925779041841 1.0000000000000000
-10185.519066415854 1.0000000000000000
60033.278470021382 1.0000000000000000
7870.5700452288356 1.0000000000000000
-24649.121687613988 1.0000000000000000
-41713.930638203128 1.0000000000000000
-15169.994773888357 1.0000000000000000
781.88287645345417 1.0000000000000000
23236.547436754459 1.0000000000000000
31911.991564598880 1.0000000000000000
-9275.0863131638325 1.0000000000000000
36388.596251099792 1.0000000000000000
20271.014445709166 1.0000000000000000
1761.4943055692488 1.0000000000000000
16204.853913960407 1.0000000000000000
-3338.9557522263681 1.0000000000000000
2265.6645789057961 1.0000000000000000
3236.0105520989537 1.0000000000000000
-5936.3168141231572 1.0000000000000000
-31670.056375430733 1.0000000000000000
12354.542304474962 1.0000000000000000
-5835.6679392423575 1.0000000000000000
-766.01473574364240 1.0000000000000000
5621.0935952098489 1.0000000000000000
2623.9762278627218 1.0000000000000000
13246.659462216210 1.0000000000000000
1661.6274284242152 1.0000000000000000
2507.7321630335773 1.0000000000000000
5062.0877969774401 1.0000000000000000
2773.4935696271664 1.0000000000000000
98038.381834238564 1.0000000000000000
-18400.529763703147 1.0000000000000000
13626.646361782887 1.0000000000000000
28922.666340148575 1.0000000000000000
96702.885928651041 1.0000000000000000
175126.75454280453 1.0000000000000000
-16647.788280113607 1.0000000000000000
-54311.790316990009 1.0000000000000000
30296.748064508163 1.0000000000000000
-3814.8780929764735 1.0000000000000000
4754.1543098949969 1.0000000000000000
-67078.097150894449 1.0000000000000000
118809.41129094225 1.0000000000000000
7435.6966383638974 1.0000000000000000
-13977.505596217788 1.0000000000000000
-3810.2418859477652 1.0000000000000000
25734.642049273978 1.0000000000000000
20692.303172412467 1.0000000000000000
69641.737290559075 1.0000000000000000
-36493.909901608997 1.0000000000000000
-3722.6081077455597 1.0000000000000000
5809.2509793186755 1.0000000000000000
-201439.00998280672 1.0000000000000000
-4489.2493856974097 1.0000000000000000
189.58593726529901 1.0000000000000000
-492.80668316405774 1.0000000000000000
-1804.6657239658921 1.0000000000000000
-932.16595539193611 1.0000000000000000
16774.099866664663 1.0000000000000000
470.09594579401983 1.0000000000000000
-609.24291831440530 1.0000000000000000
3734.5299554603694 1.0000000000000000
-4490.1622173452251 1.0000000000000000
-4658.6439008626403 1.0000000000000000
36270.846128432335 1.0000000000000000
477.41226225511974 1.0000000000000000
3977.1811668498563 1.0000000000000000
-8219.7459137883561 1.0000000000000000
-7857.8102966712604 1.0000000000000000
-4623.2763209062678 1.0000000000000000
4045.3775717145841 1.0000000000000000
-9774.1755207072583 1.0000000000000000
-10861.478243640042 1.0000000000000000
64962.291311169567 1.0000000000000000
26760.076714903666 1.0000000000000000
6429.0407458955751 1.0000000000000000
-24146.285401161018 1.0000000000000000
-67643.793309732617 1.0000000000000000
-95996.885249132916 1.0000000000000000
6576.3426163085687 1.0000000000000000
19586.198698760181 1.0000000000000000
31626.212129371932 1.0000000000000000
-13030.684807535479 1.0000000000000000
-12945.366150842559 1.0000000000000000
-15318.648960166303 1.0000000000000000
87463.373933861731 1.0000000000000000
-2912.9853348965166 1.0000000000000000
-25467.659245314808 1.0000000000000000
-72709.979260812921 1.0000000000000000
-72361.942789720546 1.0000000000000000
-22577.460073765429 1.0000000000000000
7200.5515679481814 1.0000000000000000
-48292.757677373156 1.0000000000000000
80148.476519864780 1.0000000000000000
76726.241601863338 1.0000000000000000
-14530.033200880760 1.0000000000000000
7759.7021903788636 1.0000000000000000
-3137.2863186368372 1.0000000000000000
21141.153413808926 1.0000000000000000
-48401.812847325120 1.0000000000000000
-27385.776344861450 1.0000000000000000
-9359.6907071833739 1.0000000000000000
-4307.5144813956877 1.0000000000000000
263.90468195784985 1.0000000000000000
-7850.7455298462119 1.0000000000000000
-8664.5102547151637 1.0000000000000000
13556.074380717531 1.0000000000000000
-5699.8529633924845 1.0000000000000000
-41474.852034904347 1.0000000000000000
12268.454771548193 1.0000000000000000
3800.5794846792319 1.0000000000000000
5734.2624033386764 1.0000000000000000
-1049.8556984850770 1.0000000000000000
7379.1137745099431 1.0000000000000000
17091.258479730215 1.0000000000000000
20126.813929796423 1.0000000000000000
612.04751717988779 1.0000000000000000
-3542.0202747007252 1.0000000000000000
13735.584773777484 1.0000000000000000
12535.339188259006 1.0000000000000000
-4045.2151593334283 1.0000000000000000
85978.934609094780 1.0000000000000000
39095.023787132872 1.0000000000000000
-229379.65234601172 1.0000000000000000
-70591.732168767616 1.0000000000000000
16235.972985179365 1.0000000000000000
185613.67881516661 1.0000000000000000
115.37939063292058 1.0000000000000000
10202.975851982745 1.0000000000000000
21410.971005892679 1.0000000000000000
-88587.147165779927 1.0000000000000000
-18653.187268425416 1.0000000000000000
23550.076156553303 1.0000000000000000
-69167.037465874353 1.0000000000000000
113560.34300760849 1.0000000000000000
-25810.765221950132 1.0000000000000000
91378.303267150128 1.0000000000000000
-48629.804250987443 1.0000000000000000
-9226.9394296546652 1.0000000000000000
-24691.737062624870 1.0000000000000000
1843.6805216805672 1.0000000000000000
-9840.7004902578701 1.0000000000000000
-36412.102198945926 1.0000000000000000
-22549.091616835249 1.0000000000000000
-33603.215296331495 1.0000000000000000
-391.57863568178271 1.0000000000000000
23541.068413226934 1.0000000000000000
-6468.6260684605822 1.0000000000000000
12294.173971364655 1.0000000000000000
-544.64336267953684 1.0000000000000000
1602.4118436369852 1.0000000000000000
1064.9579676019314 1.0000000000000000
-4852.4335055147012 1.0000000000000000
-16192.450455221806 1.0000000000000000
20972.413882602195 1.0000000000000000
-32270.155351103280 1.0000000000000000
-63905.257954233450 1.0000000000000000
19814.487723950886 1.0000000000000000
-277751.16086874512 1.0000000000000000
-383218.97215701302 1.0000000000000000
57687.855539851342 1.0000000000000000
-792.16837771098074 1.0000000000000000
-498.37078578581037 1.0000000000000000
-7196.2529238198449 1.0000000000000000
-4464.1576510759724 1.0000000000000000
6771.6185183837943 1.0000000000000000
-45491.356998258045 1.0000000000000000
-13669.590403825821 1.0000000000000000
168625.16696269476 1.0000000000000000
15110.777942758768 1.0000000000000000
6546.0863612860003 1.0000000000000000
-859.55266730431401 1.0000000000000000
-468.49024131727555 1.0000000000000000
-88698.442813993170 1.0000000000000000
27771.202419196132 1.0000000000000000
41447.420936230759 1.0000000000000000
-10333.504162937905 1.0000000000000000
-36332.384982833726 1.0000000000000000
-103179.52796199833 1.0000000000000000
-2682.5871507676820 1.0000000000000000
4038.2894459426825 1.0000000000000000
-29451.587357120719 1.0000000000000000
-23402.549872377476 1.0000000000000000
-144262.34765469542 1.0000000000000000
1812.3789168592716 1.0000000000000000
-2332.1051801803455 1.0000000000000000
-12059.918123096861 1.0000000000000000
7902.8094145193400 1.0000000000000000
-15588.277643536858 1.0000000000000000
-3119.9812831975992 1.0000000000000000
42566.624086743985 1.0000000000000000
4185.1546708652641 1.0000000000000000
92475.033049353879 1.0000000000000000
12268.371215187979 1.0000000000000000
67101.160382586531 1.0000000000000000
-30623.827183953199 1.0000000000000000
-65161.289838332246 1.0000000000000000
-111395.12522978611 1.0000000000000000
-330686.12183071207 1.0000000000000000
288.43895246753902 1.0000000000000000
-12762.705609330907 1.0000000000000000
33395.931892246183 1.0000000000000000
-140748.15960516283 1.0000000000000000
-4897.7196475073843 1.0000000000000000
-20059.022621328982 1.0000000000000000
102485.82685401551 1.0000000000000000
-1053.7614170442453 1.0000000000000000
17222.395752012657 1.0000000000000000
12264.158329512866 1.0000000000000000
5899.9485631610396 1.0000000000000000
564.05238697000607 1.0000000000000000
-3915.3357550268497 1.0000000000000000
8766.5250653337862 1.0000000000000000
9877.1521073346830 1.0000000000000000
6616.6022502464157 1.0000000000000000
10677.137698659517 1.0000000000000000
18300.073042514596 1.0000000000000000
32790.090627386126 1.0000000000000000
8498.5854318801794 1.0000000000000000
-20417.415387254783 1.0000000000000000
7628.9473758833483 1.0000000000000000
-2421.8734544715853 1.0000000000000000
2342.9102199395988 1.0000000000000000
-3735.0890993280968 1.0000000000000000
-6429.6332516050807 1.0000000000000000
1496.9187705696788 1.0000000000000000
-674.42546039596562 1.0000000000000000
19346.088169756109 1.0000000000000000
-7768.2273900130840 1.0000000000000000
-22134.582801018987 1.0000000000000000
35226.673130320276 1.0000000000000000
22823.360792828084 1.0000000000000000
59161.639424112873 1.0000000000000000
68874.594079247385 1.0000000000000000
-4377.9874569775820 1.0000000000000000
-12441.681968419833 1.0000000000000000
62882.259864588101 1.0000000000000000
-161457.36911982720 1.0000000000000000
-1999.9148577646606 1.0000000000000000
-41511.353193636176 1.0000000000000000
210120.81556504179 1.0000000000000000
87745.459644207032 1.0000000000000000
8299.7180070934664 1.0000000000000000
-95560.599844413038 1.0000000000000000
1198.5659126679489 1.0000000000000000
-18821.560797539889 1.0000000000000000
36527.888869331124 1.0000000000000000
23575.050065673797 1.0000000000000000
-27913.869116068028 1.0000000000000000
-35814.948332045598 1.0000000000000000
21877.038330232488 1.0000000000000000
-15553.214651463628 1.0000000000000000
14350.198359977718 1.0000000000000000
5370.6127110227062 1.0000000000000000
-7129.5993293788697 1.0000000000000000
-2372.8859127368205 1.0000000000000000
-7991.0992084302143 1.0000000000000000
1053.8772609956875 1.0000000000000000
-25141.770333925739 1.0000000000000000
15835.225893873276 1.0000000000000000
-26711.257093452830 1.0000000000000000
-40906.974904669070 1.0000000000000000
13994.876486995141 1.0000000000000000
-1152.0827695660776 1.0000000000000000
-139800.16956226219 1.0000000000000000
-271363.34788517089 1.0000000000000000
-113124.84502519411 1.0000000000000000
-301828.01274894801 1.0000000000000000
-2702.0598552699853 1.0000000000000000
30902.613046283335 1.0000000000000000
24933.984693163373 1.0000000000000000
14279.489547704439 1.0000000000000000
-3524.0322203538026 1.0000000000000000
-52563.874037351256 1.0000000000000000
11105.261640405110 1.0000000000000000
-69997.017831488716 1.0000000000000000
2717.7557936015414 1.0000000000000000
-23743.876866608531 1.0000000000000000
-201471.30523566305 1.0000000000000000
18133.350776869556 1.0000000000000000
1990.4236564489370 1.0000000000000000
37334.025950654017 1.0000000000000000
23496.546968491217 1.0000000000000000
-13067.484628881350 1.0000000000000000
-10635.590481351514 1.0000000000000000
-9911.1282515025869 1.0000000000000000
216.80960682222212 1.0000000000000000
-934.11799141147060 1.0000000000000000
-4780.1620125894606 1.0000000000000000
-12868.539981497493 1.0000000000000000
-5283.9449742405122 1.0000000000000000
-2523.2989354769570 1.0000000000000000
-3827.5985643872737 1.0000000000000000
2648.6215727993758 1.0000000000000000
2776.6531887837968 1.0000000000000000
-648.32531617346137 1.0000000000000000
-16163.947743258475 1.0000000000000000
2949.0772788893987 1.0000000000000000
9538.7360094025044 1.0000000000000000
-10152.748870898920 1.0000000000000000
71724.504343657318 1.0000000000000000
-9059.2931209808994 1.0000000000000000
-5891.4960948856578 1.0000000000000000
58200.239289089841 1.0000000000000000
17926.658340014514 1.0000000000000000
-3622.8161689643048 1.0000000000000000
82201.908263668258 1.0000000000000000
7915.7572816944357 1.0000000000000000
-56866.451170371802 1.0000000000000000
-22351.728744615652 1.0000000000000000
8338.2302310958876 1.0000000000000000
48806.232335530520 1.0000000000000000
-598.70997637642313 1.0000000000000000
85864.170993172738 1.0000000000000000
-7146.9042742769161 1.0000000000000000
77599.228711127565 1.0000000000000000
-12685.463844601725 1.0000000000000000
-1637.4232657793625 1.0000000000000000
5699.0162618458153 1.0000000000000000
20066.475518770047 1.0000000000000000
9593.4625894697274 1.0000000000000000
43207.995319505950 1.0000000000000000
-99398.427458958482 1.0000000000000000
8831.5753336772850 1.0000000000000000
27437.904990838317 1.0000000000000000
35616.425154591088 1.0000000000000000
-13899.375987419913 1.0000000000000000
7762.4889921376807 1.0000000000000000
-14659.778686351608 1.0000000000000000
-21035.711223301038 1.0000000000000000
28258.707204927046 1.0000000000000000
-2429.4831751778047 1.0000000000000000
9123.4091845768307 1.0000000000000000
-3612.4533490962081 1.0000000000000000
10155.610515975679 1.0000000000000000
-6577.1324330093748 1.0000000000000000
-2077.6540452212112 1.0000000000000000
17394.063445693431 1.0000000000000000
1090.0136522266475 1.0000000000000000
4369.9382300124453 1.0000000000000000
-15232.842173244979 1.0000000000000000
-2384.9166120308737 1.0000000000000000
-95105.722664430927 1.0000000000000000
40937.731339240345 1.0000000000000000
-59684.172079347321 1.0000000000000000
-49821.314992704392 1.0000000000000000
9298.5174817495154 1.0000000000000000
7722.7976533394713 1.0000000000000000
-4472.0370685311582 1.0000000000000000
-53332.149592697962 1.0000000000000000
569594.01649468835 1.0000000000000000
-39171.530776769549 1.0000000000000000
36465.591527638368 1.0000000000000000
-37146.672736301516 1.0000000000000000
-24342.175174003714 1.0000000000000000
-3820.6199253989589 1.0000000000000000
-71651.405471645296 1.0000000000000000
56917.114106360445 1.0000000000000000
50064.178957936310 1.0000000000000000
-52543.178569411662 1.0000000000000000
157.13115740094105 1.0000000000000000
-13038.480396606530 1.0000000000000000
9029.6141785353830 1.0000000000000000
67968.329133838852 1.0000000000000000
30484.090627855450 1.0000000000000000
36655.171664732399 1.0000000000000000
-4066.9662566774236 1.0000000000000000
-79322.632920695876 1.0000000000000000
-1588.6286082539427 1.0000000000000000
20800.392063250689 1.0000000000000000
12859.166766536695 1.0000000000000000
428.03113136348816 1.0000000000000000
-1517.8831977507855 1.0000000000000000
-278.66861177411636 1.0000000000000000
-28499.192310048053 1.0000000000000000
-70249.867640897282 1.0000000000000000
7732.2558363798125 1.0000000000000000
6073.9186503337432 1.0000000000000000
-10034.717038320192 1.0000000000000000
-1754.7258448729126 1.0000000000000000
-742.38844915313769 1.0000000000000000
-45820.826306751725 1.0000000000000000
1141.3949224212963 1.0000000000000000
4269.7242952948354 1.0000000000000000
-20720.981162687342 1.0000000000000000
16606.722970325736 1.0000000000000000
-8714.0620344088584 1.0000000000000000
-1775.7151860235165 1.0000000000000000
6322.9228776854197 1.0000000000000000
66172.364094262739 1.0000000000000000
26794.614011567333 1.0000000000000000
-12142.998258678326 1.0000000000000000
72354.342215044831 1.0000000000000000
7691.7275573800071 1.0000000000000000
5253.4042949523409 1.0000000000000000
12145.672482436919 1.0000000000000000
24034.169314181388 1.0000000000000000
572767.55203034205 1.0000000000000000
2882.1438771286612 1.0000000000000000
-9707.9842832594550 1.0000000000000000
1198.2986327842298 1.0000000000000000
-1000.8665213612946 1.0000000000000000
-2053.2535303333166 1.0000000000000000
-149914.19363203613 1.0000000000000000
535.08607285964126 1.0000000000000000
-231.55284439525488 1.0000000000000000
-17588.255568869350 1.0000000000000000
6144.2223401278461 1.0000000000000000
7569.4338058333842 1.0000000000000000
4292.2629459728323 1.0000000000000000
-1255.4328950590304 1.0000000000000000
148322.03802626481 1.0000000000000000
-106644.49431914241 1.0000000000000000
-8741.3703912313249 1.0000000000000000
-59222.669205624938 1.0000000000000000
-45725.362048039846 1.0000000000000000
-15476.616657373637 1.0000000000000000
13159.005709188814 1.0000000000000000
11551.143855937726 1.0000000000000000
-5076.2545531840715 1.0000000000000000
117.89411410123337 1.0000000000000000
58065.018677694359 1.0000000000000000
-105798.25813127785 1.0000000000000000
-1229.3768494952785 1.0000000000000000
134.35059386878996 1.0000000000000000
241.87139368678538 1.0000000000000000
-8738.7668321080382 1.0000000000000000
-13222.971100375389 1.0000000000000000
3949.3076938041690 1.0000000000000000
10849.840367642846 1.0000000000000000
-986.77494567205304 1.0000000000000000
-3260.9461976545476 1.0000000000000000
-627.92883324640229 1.0000000000000000
-16810.688911060421 1.0000000000000000
-550.82086213242860 1.0000000000000000
-4229.0726850580995 1.0000000000000000
-1222.5888733651545 1.0000000000000000
1096.5417926790826 1.0000000000000000
141.36976516107401 1.0000000000000000
1740.7809174599661 1.0000000000000000
-29425.678207608958 1.0000000000000000
-26999.072114805087 1.0000000000000000
22260.159006045866 1.0000000000000000
-11844.410460807596 1.0000000000000000
476.37344096043546 1.0000000000000000
33015.275394265977 1.0000000000000000
-31271.341287342373 1.0000000000000000
3751.0387507145015 1.0000000000000000
12031.630877401845 1.0000000000000000
-6916.5141695099737 1.0000000000000000
275614.29156999255 1.0000000000000000
338736.23695226863 1.0000000000000000
202555.51119506723 1.0000000000000000
-15969.007588212749 1.0000000000000000
-1495.9345616044095 1.0000000000000000
3943.2609087062165 1.0000000000000000
223434.49940023726 1.0000000000000000
-65792.487543136784 1.0000000000000000
7308.3629727553216 1.0000000000000000
27248.378026439656 1.0000000000000000
143478.01291906860 1.0000000000000000
-95442.215609008897 1.0000000000000000
-15440.758980538707 1.0000000000000000
-12888.421756667136 1.0000000000000000
-11297.868556108484 1.0000000000000000
36092.637238045580 1.0000000000000000
-51635.987357432830 1.0000000000000000
-217672.99195173447 1.0000000000000000
10566.019245494474 1.0000000000000000
6253.4752589674499 1.0000000000000000
-92083.880017029558 1.0000000000000000
-2327.0983601387093 1.0000000000000000
10468.977306315719 1.0000000000000000
71435.990204782895 1.0000000000000000
30167.330348631145 1.0000000000000000
3872.3228527854612 1.0000000000000000
879.63207345038495 1.0000000000000000
1837.5706521416469 1.0000000000000000
2973.3554022107023 1.0000000000000000
-5196.2968839623509 1.0000000000000000
6723.8620871741341 1.0000000000000000
-8001.2689146335970 1.0000000000000000
3594.9490612596510 1.0000000000000000
-203182.56485472881 1.0000000000000000
-8055.0041579642129 1.0000000000000000
-10164.078931575041 1.0000000000000000
-10832.732548625052 1.0000000000000000
-13216.186954750430 1.0000000000000000
-75504.560513296194 1.0000000000000000
-193248.37546934767 1.0000000000000000
-24524.735314376445 1.0000000000000000
-3133.9738997191757 1.0000000000000000
76142.182861849724 1.0000000000000000
27877.950440353095 1.0000000000000000
1994.5092936476019 1.0000000000000000
3234.9878017044398 1.0000000000000000
-3245.1613978764562 1.0000000000000000
-17854.610728825417 1.0000000000000000
1163.3491176366967 1.0000000000000000
12347.578907970954 1.0000000000000000
23735.121665761722 1.0000000000000000
6003.1478459619548 1.0000000000000000
50687.453114053285 1.0000000000000000
-24474.180273652495 1.0000000000000000
10376.146642579870 1.0000000000000000
-144813.13642341096 1.0000000000000000
49487.926373240312 1.0000000000000000
149161.92296494430 1.0000000000000000
-16114.226103961346 1.0000000000000000
48005.098870612201 1.0000000000000000
4846.4398788766412 1.0000000000000000
13885.991754312385 1.0000000000000000
34438.139530972025 1.0000000000000000
2555.5744450351835 1.0000000000000000
23489.880284474242 1.0000000000000000
-6191.8481920074692 1.0000000000000000
-41018.897143291775 1.0000000000000000
-6810.8096833276359 1.0000000000000000
3939.2008938886133 1.0000000000000000
35403.858082748178 1.0000000000000000
5484.3760112294285 1.0000000000000000
-34258.029974132558 1.0000000000000000
308217.92729173601 1.0000000000000000
29261.576781665848 1.0000000000000000
-30518.619864893706 1.0000000000000000
112360.90084519690 1.0000000000000000
4091.1098991269932 1.0000000000000000
81066.587253532707 1.0000000000000000
