858498.83125038573 1.0000000000000000
-272927.11090890894 1.0000000000000000
332477.85695731925 1.0000000000000000
-344316.47456001601 1.0000000000000000
273036.50422323297 1.0000000000000000
-133337.21212843203 1.0000000000000000
-28948.734678275512 1.0000000000000000
163443.56212800412 1.0000000000000000
-237940.84685707590 1.0000000000000000
247387.31755248571 1.0000000000000000
-208795.66890532881 1.0000000000000000
148485.37031213104 1.0000000000000000
-89654.118683270630 1.0000000000000000
45507.891318622613 1.0000000000000000
-18888.847807137729 1.0000000000000000
6062.2437181092755 1.0000000000000000
-1474.0889950702883 .90450849718747439
400.70477215447681 .34549150281252422
-739066.65460778098 1.0000000000000000
44661.721213076707 .17174340948633571E-003
