1250 1.0e50 0.0
0.00200 1385468.692124777
0.00400 680277.894748886
0.00600 445464.733898161
0.00800 328238.27199547976
0.01000 258040.60698109807
0.01200 211352.66460855192
0.01400 178095.0263925446
0.01600 153228.1369929537
0.01800 133952.37367852486
0.02000 118588.07439972382
0.02200 106066.45988852924
0.02400 95675.09492500062
0.02600 86920.82920951849
0.02800 79451.47802923953
0.03000 73008.83080714701
0.03200 67399.28157823563
0.03400 62474.825299079355
0.03600 58120.388827866554
0.03800 54245.16274399673
0.04000 50776.53370892374
0.04200 47655.75051711595
0.04400 44834.772204785186
0.04600 42273.93845632877
0.04800 39940.222468604414
0.05000 37805.90318206236
0.05200 35847.543969727965
0.05400 34045.19832966896
0.05600 32381.785827938118
0.05800 30842.59719508586
0.06000 29414.89843860466
0.06200 28087.611611207347
0.06400 26851.055464944748
0.06600 25696.73328669369
0.06800 24617.15819990009
0.07000 23605.708438121655
0.07200 22656.506761406334
0.07400 21764.319446912075
0.07600 20924.471247031994
0.07800 20132.77344817748
0.08000 19385.462736783633
0.08200 18679.149026639996
0.08400 18010.77075328529
0.08600 17377.556419240707
0.08800 16776.991395019624
0.09000 16206.789157780471
0.09200 15664.866291800912
0.09400 15149.320690010032
0.09600 14658.412489299437
0.09800 14190.547348646425
0.10000 13744.261741657598
0.10200 13318.209986672675
0.10400 12911.152780179913
0.10600 12521.947034669454
0.10800 12149.536851529072
0.11000 11792.945484240623
0.11200 11451.268167826502
0.11400 11123.66570791836
0.11600 10809.35873753974
0.11800 10507.622562167251
0.12000 10217.782524236576
0.12200 9939.209827296854
0.12400 9671.317767741319
0.12600 9413.558328663255
0.12800 9165.41909607526
0.13000 8926.420462631238
0.13200 8696.1130882229
0.13400 8474.075590486173
0.13600 8259.91244143133
0.13800 8053.252049174189
0.14000 7853.745006153633
0.14200 7661.062487323249
0.14400 7474.894783644161
0.14600 7294.949957818647
0.14800 7120.9526106201965
0.15000 6952.642747421545
0.15200 6789.774735620563
0.15400 6632.116344633461
0.15600 6479.447860982442
0.15800 6331.561271764728
0.16000 6188.259510463987
0.16200 6049.355759664325
0.16400 5914.672805760245
0.16600 5784.042441231207
0.16800 5657.304910473731
0.17000 5534.308395563166
0.17200 5414.908538656686
0.17400 5298.967998053307
0.17600 5186.356035199753
0.17800 5076.948130176282
0.18000 4970.625623417364
0.18200 4867.275381620891
0.18400 4766.78948597885
0.18600 4669.064941024372
0.18800 4574.003402536272
0.19000 4481.5109230747075
0.19200 4391.497713841405
0.19400 4303.877921666757
0.19600 4218.569420024734
0.19800 4135.49361306631
0.20000 4054.5752517436295
0.20200 3975.742261171467
0.20400 3898.9255784401703
0.20600 3824.0590001560377
0.20800 3751.079039041413
0.21000 3679.9247889782932
0.21200 3610.5377979263235
0.21400 3542.861948189161
0.21600 3476.8433435426746
0.21800 3412.4302027746194
0.22000 3349.5727592187113
0.22200 3288.2231658964124
0.22400 3228.335405907873
0.22600 3169.8652077391853
0.22800 3112.7699651768494
0.23000 3057.008661542177
0.23200 3002.541797978532
0.23400 2949.3313255428425
0.23600 2897.340580869967
0.23800 2846.5342251943457
0.24000 2796.8781865279593
0.24200 2748.3396048072013
0.24400 2700.8867798337205
0.24600 2654.4891218459466
0.24800 2609.117104568711
0.25000 2564.7422205983466
0.25200 2521.3369389898858
0.25400 2478.874664921545
0.25600 2437.329701319663
0.25800 2396.677212334624
0.26000 2356.8931885652173
0.26200 2317.954413935261
0.26400 2279.8384341322694
0.26600 2242.523526523516
0.26800 2205.9886714699837
0.27000 2170.2135249635435
0.27200 2135.178392517161
0.27400 2100.8642042421684
0.27600 2067.2524910505203
0.27800 2034.3253619236186
0.28000 2002.0654821927349
0.28200 1970.456052779215
0.28400 1939.4807903456824
0.28600 1909.1239083122223
0.28800 1879.3700986941706
0.29000 1850.2045147205815
0.29200 1821.612754194744
0.29400 1793.5808435602712
0.29600 1766.0952226383342
0.29800 1739.142730003478
0.30000 1712.7105889672462
0.30200 1686.786394140552
0.30400 1661.3580985472483
0.30600 1636.4140012628673
0.30800 1611.9427355538849
0.31000 1587.9332574941554
0.31200 1564.3748350364115
0.31400 1541.2570375178734
0.31600 1518.5697255801035
0.31800 1496.3030414842665
0.32000 1474.4473998039368
0.32200 1452.9934784784903
0.32400 1431.93221021099
0.32600 1411.2547741952865
0.32800 1390.9525881578163
0.33000 1371.017300700314
0.33200 1351.4407839303249
0.33400 1332.2151263670598
0.33600 1313.3326261107509
0.33800 1294.785784264224
0.34000 1276.5672985959686
0.34200 1258.6700574344952
0.34400 1241.0871337842589
0.34600 1223.8117796538845
0.34800 1206.837420587887
0.35000 1190.157650393467
0.35200 1173.7662260543786
0.35400 1157.657062824228
0.35600 1141.8242294919148
0.35800 1126.261943812273
0.36000 1110.9645680952665
0.36200 1095.9266049474218
0.36400 1081.1426931594426
0.36600 1066.6076037342402
0.36800 1052.3162360498652
0.37000 1038.2636141520645
0.37200 1024.4448831714421
0.37400 1010.8553058603921
0.37600 997.4902592452171
0.37800 984.3452313890194
0.38000 971.4158182611566
0.38200 958.697720709228
0.38400 946.1867415297436
0.38600 933.878782633768
0.38800 921.7698423040147
0.39000 909.8560125400007
0.39200 898.1334764880115
0.39400 886.5985059527725
0.39600 875.2474589878454
0.39800 864.0767775618896
0.40000 853.0829852980523
0.40200 842.2626852838591
0.40400 831.612557949081
0.40600 821.1293590091677
0.40800 810.8099174719138
0.41000 800.6511337051421
0.41200 790.6499775632608
0.41400 780.8034865706333
0.41600 771.1087641598019
0.41800 761.562977962657
0.42000 752.1633581527383
0.42200 742.9071958369145
0.42400 733.7918414947621
0.42600 724.8147034640217
0.42800 715.9732464705792
0.43000 707.2649902014764
0.43200 698.6875079195098
0.43400 690.2384251180343
0.43600 681.9154182146407
0.43800 673.7162132824192
0.44000 665.6385848175819
0.44200 657.6803545422508
0.44400 649.839390241265
0.44600 642.1136046319101
0.44800 634.5009542655015
0.45000 626.9994384598025
0.45200 619.6070982612895
0.45400 612.322015436311
0.45600 605.1423114902288
0.45800 598.066146713655
0.46000 591.0917192549304
0.46200 584.2172642180278
0.46400 577.4410527850836
0.46600 570.7613913627943
0.46800 564.1766207519371
0.47000 557.6851153393087
0.47200 551.2852823113865
0.47400 544.9755608890554
0.47600 538.7544215827554
0.47800 532.6203654674324
0.48000 526.5719234766945
0.48200 520.6076557155957
0.48400 514.7261507914909
0.48600 508.92602516242056
0.48800 503.2059225025066
0.49000 497.56451308385505
0.49200 492.00049317447844
0.49400 486.5125844517674
0.49600 481.0995334310584
0.49800 475.7601109088547
0.50000 470.4931114202774
0.50200 465.2973527103331
0.50400 460.17167521860245
0.50600 455.11494157696063
0.50800 450.1260361199607
0.51000 445.2038644075166
0.51200 440.3473527595359
0.51400 435.5554478021676
0.51600 430.8271160253326
0.51800 426.1613433512246
0.52000 421.5571347134708
0.52200 417.01351364665663
0.52400 412.5295218859271
0.52600 408.10421897638344
0.52800 403.7366818920057
0.53000 399.4260046638422
0.53200 395.17129801720506
0.53400 390.97168901763314
0.53600 386.82632072537905
0.53800 382.7343518581896
0.54000 378.6949564621567
0.54200 374.70732359042114
0.54400 370.7706569895166
0.54600 366.8841747931503
0.54800 363.0471092232235
0.55000 359.2587062978961
0.55200 355.51822554651045
0.55400 351.82493973119375
0.55600 348.17813457496175
0.55800 344.5771084961532
0.56000 341.0211723490301
0.56200 337.5096491703823
0.56400 334.04187393198134
0.56600 330.6171932987291
0.56800 327.23496539235816
0.57000 323.8945595605381
0.57200 320.5953561512477
0.57400 317.33674629228307
0.57600 314.1181316757647
0.57800 310.9389243475213
0.58000 307.7985465012229
0.58200 304.69643027714466
0.58400 301.6320175654461
0.58600 298.60475981384883
0.58800 295.6141178396053
0.59000 292.6595616456499
0.59200 289.74057024082964
0.59400 286.8566314641103
0.59600 284.00724181266304
0.59800 281.19190627373246
0.60000 278.41013816019534
0.60200 275.6614589497173
0.60400 272.9453981274222
0.60600 270.26149303198395
0.60800 267.60928870506234
0.61000 264.9883377439984
0.61200 262.39820015769146
0.61400 259.83844322558053
0.61600 257.30864135965703
0.61800 254.80837596943255
0.62000 252.33723532979462
0.62200 249.89481445167942
0.62400 247.4807149554944
0.62600 245.09454494722618
0.62800 242.7359188971702
0.63000 240.4044575212184
0.63200 238.09978766464738
0.63400 235.8215421883461
0.63600 233.56935985742697
0.63800 231.34288523216415
0.64000 229.1417685612056
0.64200 226.9656656770038
0.64400 224.81423789341747
0.64600 222.6871519054298
0.64800 220.5840796909374
0.65000 218.50469841456183
0.65200 216.44869033343485
0.65400 214.41574270491597
0.65600 212.40554769619513
0.65800 210.41780229573914
0.66000 208.45220822653934
0.66200 206.5084718611199
0.66400 204.58630413826654
0.66600 202.6854204814375
0.66800 200.80554071881852
0.67000 198.9463890049848
0.67200 197.10769374413408
0.67400 195.28918751485645
0.67600 193.49060699640452
0.67800 191.7116928964337
0.68000 189.95218988017737
0.68200 188.21184650102612
0.68400 186.49041513248082
0.68600 184.78765190144765
0.68800 183.10331662284716
0.69000 181.4371727355078
0.69200 179.78898723931556
0.69400 178.15853063359333
0.69600 176.5455768566823
0.69800 174.94990322669935
0.70000 173.37129038344554
0.70200 171.80952223144067
0.70400 170.2643858840589
0.70600 168.73567160874282
0.70800 167.223172773272
0.71000 165.72668579306398
0.71200 164.246010079485
0.71400 162.78094798914995
0.71600 161.33130477418942
0.71800 159.89688853346397
0.72000 158.47751016470545
0.72200 157.07298331756556
0.72400 155.68312434755305
0.72600 154.30775227084007
0.72800 152.9466887199202
0.73000 151.5997579001
0.73200 150.26678654680657
0.73400 148.9476038836938
0.73600 147.6420415815322
0.73800 146.3499337178637
0.74000 145.07111673740746
0.74200 143.80542941320076
0.74400 142.5527128084587
0.74600 141.31281023913968
0.74800 140.08556723720076
0.75000 138.87083151452933
0.75200 137.66845292753743
0.75400 136.4782834424048
0.75600 135.3001771009574
0.75800 134.13398998716906
0.76000 132.97958019427318
0.76200 131.836807792472
0.76400 130.70553479723173
0.76600 129.5856251381519
0.76800 128.47694462839624
0.77000 127.37936093467559
0.77200 126.29274354777021
0.77400 125.2169637535817
0.77600 124.15189460470324
0.77800 123.09741089249871
0.78000 122.05338911967948
0.78200 121.01970747336999
0.78400 119.99624579865205
0.78600 118.98288557257818
0.78800 117.97950987864502
0.79000 116.98600338171788
0.79200 116.00225230339733
0.79400 115.02814439781909
0.79600 114.06356892787912
0.79800 113.10841664187525
0.80000 112.1625797505577
0.80200 111.22595190457959
0.80400 110.2984281723409
0.80600 109.37990501821768
0.80800 108.47028028116847
0.81000 107.56945315371219
0.81200 106.67732416126839
0.81400 105.79379514185482
0.81600 104.91876922613402
0.81800 104.05215081780304
0.82000 103.19384557431935
0.82200 102.34376038795706
0.82400 101.50180336718613
0.82600 100.66788381836977
0.82800 99.84191222777291
0.83000 99.02380024387651
0.83200 98.21346065999141
0.83400 97.4108073971669
0.83600 96.61575548738719
0.83800 95.82822105705164
0.84000 95.04812131073287
0.84200 94.27537451520749
0.84400 93.50989998375432
0.84600 92.75161806071561
0.84800 92.00045010631565
0.85000 91.25631848173256
0.85200 90.51914653441828
0.85400 89.78885858366249
0.85600 89.06537990639532
0.85800 88.34863672322514
0.86000 87.63855618470679
0.86200 86.93506635783595
0.86400 86.23809621276554
0.86600 85.54757560974056
0.86800 84.86343528624644
0.87000 84.18560684436774
0.87200 83.51402273835336
0.87400 82.84861626238417
0.87600 82.18932153853942
0.87800 81.53607350495865
0.88000 80.8888079041954
0.88200 80.24746127175906
0.88400 79.61197092484167
0.88600 78.9822749512266
0.88800 78.35831219837526
0.89000 77.74002226268905
0.89200 77.1273454789436
0.89400 76.5202229098915
0.89600 75.9185963360314
0.89800 75.32240824553986
0.90000 74.73160182436357
0.90200 74.14612094646849
0.90400 73.56591016424377
0.90600 72.99091469905743
0.90800 72.42108043196086
0.91000 71.85635389454018
0.91200 71.29668225991121
0.91400 70.74201333385594
0.91600 70.19229554609795
0.91800 69.64747794171419
0.92000 69.10751017268086
0.92200 68.57234248955133
0.92400 68.04192573326308
0.92600 67.5162113270724
0.92800 66.99515126861364
0.93000 66.47869812208164
0.93200 65.96680501053476
0.93400 65.45942560831669
0.93600 64.9565141335949
0.93800 64.45802534101345
0.94000 63.963914514458935
0.94200 63.474137459936756
0.94400 62.988650498556424
0.94600 62.5074104596238
0.94800 62.030374673838665
0.95000 61.55750096659537
0.95200 61.08874765138545
0.95400 60.624073523299906
0.95600 60.16343785262985
0.95800 59.70680037856363
0.96000 59.254121302979044
0.96200 58.80536128432863
0.96400 58.360481431617025
0.96600 57.919443298468344
0.96800 57.48220887728248
0.97000 57.04874059347846
0.97200 56.61900129982374
0.97400 56.19295427084779
0.97600 55.770563197338674
0.97800 55.35179218092121
0.98000 54.93660572871533
0.98200 54.524968748073476
0.98400 54.11684654139542
0.98600 53.71220480101954
0.98800 53.31100960418914
0.99000 52.91322740809261
0.99200 52.5188250449762
0.99400 52.127769717328285
0.99600 51.74002899313381
0.99800 51.35557080119793
1.00000 50.97436342653768
1.00200 50.59637430891633
1.00400 50.22156653754289
1.00600 49.84990259180694
1.00800 49.481345550013295
1.01000 49.11585907857073
1.01200 48.753407421383606
1.01400 48.393955389442574
1.01600 48.03746835061053
1.01800 47.683912219600145
1.02000 47.33325344813877
1.02200 46.98545901531776
1.02400 46.64049641812239
1.02600 46.29833366213851
1.02800 45.95893925243325
1.03000 45.62228218460571
1.03200 45.28833193600492
1.03400 44.95705845711152
1.03600 44.62843216308012
1.03800 44.30242392543925
1.04000 43.97900506394597
1.04200 43.65814733859198
1.04400 43.339822941758456
1.04600 43.02400449051701
1.04800 42.710665019073126
1.05000 42.399777971350666
1.05200 42.09131719371354
1.05400 41.785256927822644
1.05600 41.481571803625165
1.05800 41.180236832474016
1.06000 40.88122740037444
1.06200 40.58451926135602
1.06400 40.29008853096715
1.06600 39.99791167988986
1.06800 39.70796552767298
1.07000 39.420227236580715
1.07200 39.134674305555194
1.07400 38.85128456429042
1.07600 38.570036167415566
1.07800 38.29090758878567
1.08000 38.01387761587749
1.08200 37.738925344288845
1.08400 37.46603017233916
1.08600 37.19517179576958
1.08800 36.92633020254057
1.09000 36.65948566772527
1.09200 36.39461874849694
1.09400 36.131710279208285
1.09600 35.87074136656156
1.09800 35.61169338486721
1.10000 35.354547971389614
1.10200 35.09928702177838
1.10400 34.84589268558342
1.10600 34.59434736185228
1.10800 34.34463369480835
1.11000 34.09673456960806
1.11200 33.850633108176176
1.11400 33.60631266511705
1.11600 33.363756823700975
1.11800 33.122949391923875
1.12000 32.88387439863927
1.12200 32.64651608976085
1.12400 32.41085892453459
1.12600 32.176887571878936
1.12800 31.944586906792
1.13000 31.713942006824322
1.13200 31.484938148616017
1.13400 31.257560804497235
1.13600 31.031795639150616
1.13800 30.80762850633473
1.14000 30.585045445667124
1.14200 30.36403267946617
1.14400 30.144576609650507
1.14600 29.92666381469484
1.14800 29.71028104664139
1.15000 29.49541522816561
1.15200 29.282053449695447
1.15400 29.070182966583026
1.15600 28.859791196327752
1.15800 28.65086571584991
1.16000 28.443394258814045
1.16200 28.23736471300077
1.16400 28.03276511772648
1.16600 27.82958366130991
1.16800 27.627808678584785
1.17000 27.42742864845755
1.17200 27.228432191509544
1.17400 27.030808067642614
1.17600 26.834545173767538
1.17800 26.639632541534287
1.18000 26.44605933510359
1.18200 26.253814848958772
1.18400 26.062888505757364
1.18600 25.873269854221544
1.18800 25.68494856706693
1.19000 25.497914438968785
1.19200 25.312157384565094
1.19400 25.12766743649579
1.19600 24.944434743477476
1.19800 24.762449568412965
1.20000 24.581702286535023
1.20200 24.402183383583704
1.20400 24.22388345401658
1.20600 24.046793199251454
1.20800 23.870903425940618
1.21000 23.696205044276486
1.21200 23.522689066327715
1.21400 23.350346604405406
1.21600 23.179168869458774
1.21800 23.009147169499812
1.22000 22.840272908056317
1.22200 22.672537582652858
1.22400 22.50593278331911
1.22600 22.34045019112509
1.22800 22.176081576742753
1.23000 22.012818799033585
1.23200 21.850653803661512
1.23400 21.689578621730863
1.23600 21.52958536844882
1.23800 21.37066624181198
1.24000 21.21281352131641
1.24200 21.056019566691116
1.24400 20.900276816654017
1.24600 20.745577787690507
1.24800 20.591915072853812
1.25000 20.439281340586906
1.25200 20.28766933356572
1.25400 20.137071867562852
1.25600 19.987481830331888
1.25800 19.838892180511632
1.26000 19.691295946550003
1.26200 19.54468622564717
1.26400 19.39905618271769
1.26600 19.25439904937118
1.26800 19.11070812291128
1.27000 18.967976765352418
1.27200 18.82619840245433
1.27400 18.685366522773684
1.27600 18.54547467673278
1.27800 18.40651647570474
1.28000 18.268485591115176
1.28200 18.131375753559805
1.28400 17.995180751937845
1.28600 17.859894432600814
1.28800 17.725510698516583
1.29000 17.592023508448207
1.29200 17.45942687614751
1.29400 17.32771486956288
1.29600 17.19688161006126
1.29800 17.066921271663976
1.30000 16.937828080296043
1.30200 16.809596313048857
1.30400 16.682220297456052
1.30600 16.555694410782035
1.30800 16.430013079323327
1.31000 16.3051707777221
1.31200 16.18116202829201
1.31400 16.057981400355878
1.31600 15.935623509595136
1.31800 15.814083017410674
1.32000 15.693354630295179
1.32200 15.57343309921628
1.32400 15.454313219010816
1.32600 15.3359898277896
1.32800 15.21845780635283
1.33000 15.10171207761561
1.33200 14.98574760604375
1.33400 14.87055939709933
1.33600 14.756142496696134
1.33800 14.642491990664489
1.34000 14.529603004225665
1.34200 14.417470701475292
1.34400 14.306090284875973
1.34600 14.195456994758695
1.34800 14.085566108832927
1.35000 13.976412941705314
1.35200 13.867992844406803
1.35400 13.760301203927868
1.35600 13.653333442761982
1.35800 13.547085018456906
1.36000 13.441551423173863
1.36200 13.336728183254257
1.36400 13.232610858794033
1.36600 13.129195043225275
1.36800 13.026476362905115
1.37000 12.924450476711728
1.37200 12.823113075647285
1.37400 12.722459882447776
1.37600 12.622486651199498
1.37800 12.523189166962196
1.38000 12.424563245398605
1.38200 12.326604732410445
1.38400 12.229309503780502
1.38600 12.132673464820991
1.38800 12.036692550027798
1.39000 11.941362722740685
1.39200 11.84667997480923
1.39400 11.752640326264535
1.39600 11.65923982499638
1.39800 11.566474546435979
1.40000 11.474340593243992
1.40200 11.38283409500391
1.40400 11.291951207920517
1.40600 11.201688114523513
1.40800 11.112041023376046
1.41000 11.02300616878823
1.41200 10.934579810535315
1.41400 10.846758233580758
1.41600 10.759537747803746
1.41800 10.67291468773138
1.42000 10.586885412275212
1.42200 10.501446304472275
1.42400 10.416593771230259
1.42600 10.33232424307703
1.42800 10.248634173914208
1.43000 10.1655200407748
1.43200 10.082978343584871
1.43400 10.001005604929038
1.43600 9.919598369819886
1.43800 9.838753205471074
1.44000 9.758466701074177
1.44200 9.678735467579147
1.44400 9.599556137478293
1.44600 9.520925364593838
1.44800 9.442839823868772
1.45000 9.365296211161219
1.45200 9.288291243041959
1.45400 9.211821656595298
1.45600 9.135884209223047
1.45800 9.06047567845168
1.46000 8.98559286174245
1.46200 8.911232576304641
1.46400 8.837391658911672
1.46600 8.764066965720119
1.46800 8.69125537209158
1.47000 8.618953772417346
1.47200 8.547159079945729
1.47400 8.475868226612205
1.47600 8.405078162872025
1.47800 8.334785857535564
1.48000 8.264988297606083
1.48200 8.195682488120081
1.48400 8.126865451989982
1.48600 8.05853422984932
1.48800 7.990685879900196
1.49000 7.923317477763087
1.49200 7.856426116328907
1.49400 7.790008905613276
1.49600 7.724062972612979
1.49800 7.658585461164588
1.50000 7.593573531805122
1.50200 7.529024361634823
1.50400 7.464935144181954
1.50600 7.401303089269519
1.50800 7.33812542288399
1.51000 7.275399387045933
1.51200 7.213122239682484
1.51400 7.151291254501685
1.51600 7.089903720868625
1.51800 7.028956943683333
1.52000 6.968448243260423
1.52200 6.90837495521046
1.52400 6.8487344303229545
1.52600 6.789524034451044
1.52800 6.730741148397768
1.53000 6.672383167803922
1.53200 6.614447503037445
1.53400 6.556931579084391
1.53600 6.49983283544131
1.53800 6.443148726009175
1.54000 6.386876718988681
1.54200 6.331014296777016
1.54400 6.275558955865953
1.54600 6.220508206741376
1.54800 6.165859573784065
1.55000 6.111610595171852
1.55200 6.057758822783026
1.55400 6.004301822101008
1.55600 5.951237172120266
1.55800 5.898562465253447
1.56000 5.846275307239697
1.56200 5.794373317054142
1.56400 5.742854126818541
1.56600 5.691715381713038
1.56800 5.640954739889033
1.57000 5.590569872383153
1.57200 5.540558463032238
1.57400 5.4909182083894486
1.57600 5.441646817641325
1.57800 5.392742012525898
1.58000 5.34420152725177
1.58200 5.296023108418177
1.58400 5.248204514935989
1.58600 5.200743517949657
1.58800 5.15363790076007
1.59000 5.106885458748309
1.59200 5.060483999300305
1.59400 5.014431341732326
1.59600 4.968725317217369
1.59800 4.923363768712319
1.60000 4.878344550886002
1.60200 4.8336655300479805
1.60400 4.789324584078191
1.60600 4.745319602357306
1.60800 4.701648485697917
1.61000 4.658309146276401
1.61200 4.6152995075655845
1.61400 4.572617504268071
1.61600 4.53026108225033
1.61800 4.488228198477431
1.62000 4.4465168209485055
1.62200 4.405124928632834
1.62400 4.364050511406638
1.62600 4.323291569990473
1.62800 4.282846115887302
1.63000 4.24271217132114
1.63200 4.202887769176366
1.63400 4.163370952937584
1.63600 4.124159776630118
1.63800 4.085252304761053
1.64000 4.0466466122608695
1.64200 4.008340784425624
1.64400 3.97033291685968
1.64600 3.9326211154189834
1.64800 3.8952034961548714
1.65000 3.858078185258383
1.65200 3.8212433190051116
1.65400 3.7846970437005285
1.65600 3.7484375156258247
1.65800 3.7124629009842276
1.66000 3.6767713758477916
1.66200 3.6413611261046643
1.66400 3.606230347406816
1.66600 3.571377245118201
1.66800 3.5368000342633996
1.67000 3.5024969394766536
1.67200 3.4684661949513735
1.67400 3.434706044390042
1.67600 3.4012147409545443
1.67800 3.3679905472168876
1.68000 3.3350317351103596
1.68200 3.3023365858810405
1.68400 3.2699033900397256
1.68600 3.2377304473142297
1.68800 3.2058160666020683
1.69000 3.1741585659234763
1.69200 3.1427562723748457
1.69400 3.1116075220824704
1.69600 3.0807106601566643
1.69800 3.0500640406462303
1.70000 3.019666026493252
1.70200 2.989514989488228
1.70400 2.9596093102255514
1.70600 2.929947378059271
1.70800 2.90052759105922
1.71000 2.8713483559674318
1.71200 2.842408088154856
1.71400 2.8137052115784016
1.71600 2.7852381587382733
1.71800 2.7570053706355813
1.72000 2.7290052967302674
1.72200 2.7012363948993103
1.72400 2.6736971313951963
1.72600 2.646385980804683
1.72800 2.619301426007836
1.73000 2.592441958137322
1.73200 2.5658060765379775
1.73400 2.539392288726635
1.73600 2.5131991103521973
1.73800 2.4872250651559877
1.74000 2.461468684932318
1.74200 2.4359285094893317
1.74400 2.41060308661007
1.74600 2.3854909720137853
1.74800 2.360590729317488
1.75000 2.335900929997727
1.75200 2.311420153352595
1.75400 2.287146986463963
1.75600 2.2630800241599416
1.75800 2.239217868977548
1.76000 2.2155591311256058
1.76200 2.192102428447852
1.76400 2.1688463863862446
1.76600 2.1457896379444996
1.76800 2.122930823651819
1.77000 2.100268591526817
1.77200 2.077801597041661
1.77400 2.0555285030864052
1.77600 2.0334479799335052
1.77800 2.0115587052025474
1.78000 1.9898593638251556
1.78200 1.9683486480100887
1.78400 1.9470252572085134
1.78600 1.9258878980794891
1.78800 1.904935284455597
1.79000 1.884166137308773
1.79200 1.8635791847163152
1.79400 1.8431731618270557
1.79600 1.822946810827708
1.79800 1.8028988809094022
1.80000 1.7830281282343567
1.80200 1.7633333159027533
1.80400 1.743813213919748
1.80600 1.7244665991626622
1.80800 1.7052922553483274
1.81000 1.6862889730005994
1.81200 1.6674555494180114
1.81400 1.6487907886416115
1.81600 1.630293501422932
1.81800 1.6119625051921185
1.82000 1.5937966240262125
1.82200 1.575794688617596
1.82400 1.5579555362425528
1.82600 1.5402780107300158
1.82800 1.5227609624304315
1.83000 1.5054032481847843
1.83200 1.4882037312937533
1.83400 1.4711612814870267
1.83600 1.4542747748927376
1.83800 1.437543094007051
1.84000 1.4209651276638893
1.84200 1.4045397710047878
1.84400 1.3882659254488903
1.84600 1.3721424986630801
1.84800 1.3561684045322415
1.85000 1.3403425631296522
1.85200 1.3246639006875145
1.85400 1.309131349567606
1.85600 1.2937438482320633
1.85800 1.2785003412143048
1.86000 1.263399779090057
1.86200 1.2484411184485293
1.86400 1.2336233218637025
1.86600 1.2189453578657408
1.86800 1.20440620091253
1.87000 1.1900048313613434
1.87200 1.175740235440615
1.87400 1.161611405221843
1.87600 1.1476173385916206
1.87800 1.1337570392237588
1.88000 1.1200295165515601
1.88200 1.1064337857401858
1.88400 1.0929688676591516
1.88600 1.0796337888549292
1.88800 1.066427581523676
1.89000 1.0533492834840625
1.89200 1.0403979381502304
1.89400 1.0275725945048508
1.89600 1.0148723070722994
1.89800 1.0022961358919387
1.90000 0.9898431464915226
1.90200 0.9775124098606922
1.90400 0.9653030024246025
1.90600 0.953214006017638
1.90800 0.9412445078572483
1.91000 0.9293936005178935
1.91200 0.9176603819050838
1.91400 0.9060439552295356
1.91600 0.8945434289814311
1.91800 0.8831579169047872
1.92000 0.8718865379719162
1.92200 0.860728416358007
1.92400 0.8496826814157964
1.92600 0.8387484676503546
1.92800 0.8279249146939665
1.93000 0.8172111672811125
1.93200 0.8066063752235615
1.93400 0.7961096933855538
1.93600 0.7857202816590926
1.93800 0.775437304939333
1.94000 0.7652599331000657
1.94200 0.7551873409693102
1.94400 0.7452187083049997
1.94600 0.7353532197707645
1.94800 0.7255900649118149
1.95000 0.715928438130929
1.95200 0.7063675386645191
1.95400 0.6969065705588157
1.95600 0.6875447426461313
1.95800 0.6782812685212375
1.96000 0.6691153665178136
1.96200 0.6600462596850184
1.96400 0.651073175764134
1.96600 0.6421953471653123
1.96800 0.6334120109444258
1.97000 0.6247224087799922
1.97200 0.6161257869502058
1.97400 0.6076213963100631
1.97600 0.5992084922685741
1.97800 0.5908863347660643
1.98000 0.5826541882515828
1.98200 0.5745113216603833
1.98400 0.5664570083915131
1.98600 0.5584905262854825
1.98800 0.5506111576020255
1.99000 0.5428181889979581
1.99200 0.535110911505121
1.99400 0.5274886205084128
1.99600 0.5199506157239145
1.99800 0.5124962011771009
2.00000 0.5051246851811418
2.00200 0.49783538031529223
2.00400 0.49062760340336864
2.00600 0.48350067549232933
2.00800 0.4764539218309
2.01000 0.4694866718483494
2.01200 0.46259825913328895
2.01400 0.4557880214126088
2.01600 0.4490553005304669
2.01800 0.44239944242738877
2.02000 0.435819797119433
2.02200 0.42931571867745955
2.02400 0.4228865652064682
2.02600 0.4165316988250427
2.02800 0.41025048564484995
2.03000 0.40404229575025763
2.03200 0.3979065031780142
2.03400 0.3918424858970188
2.03600 0.3858496257881716
2.03800 0.3799273086243226
2.04000 0.3740749240502826
2.04200 0.36829186556293764
2.04400 0.36257753049142843
2.04600 0.3569313199774302
2.04800 0.351352638955496
2.05000 0.34584089613350405
2.05200 0.3403955039731658
2.05400 0.33501587867063
2.05600 0.3297014401371674
2.05800 0.3244516119799277
2.06000 0.31926582148278576
2.06200 0.31414349958726806
2.06400 0.3090840808735558
2.06600 0.3040870035415699
2.06800 0.29915170939214664
2.07000 0.29427764380826504
2.07200 0.28946425573639556
2.07400 0.28471099766788505
2.07600 0.2800173256204569
2.07800 0.27538269911976265
2.08000 0.2708065811810403
2.08200 0.26628843829081156
2.08400 0.2618277403887091
2.08600 0.2574239608493331
2.08800 0.2530765764642175
2.09000 0.24878506742385958
2.09200 0.24454891729983438
2.09400 0.2403676130269778
2.09600 0.23624064488565805
2.09800 0.23216750648411089
2.10000 0.2281476947408666
2.10200 0.22418070986723534
2.10400 0.22026605534988672
2.10600 0.2164032379334952
2.10800 0.21259176760345966
2.11000 0.20883115756870274
2.11200 0.20512092424454859
2.11400 0.20146058723566673
2.11600 0.1978496693191007
2.11800 0.19428769642735969
2.12000 0.19077419763159742
2.12200 0.18730870512485634
2.12400 0.18389075420538997
2.12600 0.1805198832600518
2.12800 0.17719563374777855
2.13000 0.17391755018310612
2.13200 0.17068518011981348
2.13400 0.16749807413458823
2.13600 0.16435578581079502
2.13800 0.1612578717223102
2.14000 0.1582038914174224
2.14200 0.1551934074028118
2.14400 0.15222598512759766
2.14600 0.14930119296745897
2.14800 0.14641860220882683
2.15000 0.1435777870331454
2.15200 0.14077832450120734
2.15400 0.138019794537559
2.15600 0.13530177991497178
2.15800 0.13262386623899008
2.16000 0.12998564193254816
2.16200 0.12738669822064952
2.16400 0.12482662911512649
2.16600 0.12230503139946551
2.16800 0.1198215046136968
2.17000 0.11737565103935428
2.17200 0.11496707568451806
2.17400 0.1125953862688974
2.17600 0.11026019320902047
2.17800 0.1079611096034396
2.18000 0.10569775121807164
2.18200 0.1034697364715417
2.18400 0.10127668642063402
2.18600 0.09911822474579565
2.18800 0.09699397773671083
2.19000 0.09490357427794181
2.19200 0.09284664583463395
2.19400 0.09082282643829183
2.19600 0.08883175267261104
2.19800 0.08687306365939569
2.20000 0.08494640104451615
2.20200 0.083051408983959
2.20400 0.08118773412991695
2.20600 0.07935502561695998
2.20800 0.07755293504826907
2.21000 0.07578111648193364
2.21200 0.0740392264173051
2.21400 0.07232692378142902
2.21600 0.070643869915532
2.21800 0.06898972856157064
2.22000 0.06736416584885416
2.22200 0.06576685028071774
2.22400 0.06419745272127293
2.22600 0.06265564638220127
2.22800 0.061141106809637524
2.23000 0.05965351187108587
2.23200 0.05819254174242254
2.23400 0.05675787889494717
2.23600 0.05534920808250037
2.23800 0.053966216328637365
2.24000 0.0526085929138801
2.24200 0.051276029363002455
2.24400 0.04996821943240442
2.24600 0.048684859097523715
2.24800 0.047425646540327666
2.25000 0.04619028213685629
2.25200 0.044978468444819744
2.25400 0.04378991019126218
2.25600 0.04262431426029076
2.25800 0.041481389680849245
2.26000 0.04036084761456565
2.26200 0.03926240134365312
2.26400 0.03818576625886194
2.26600 0.037130659847503814
2.26800 0.03609680168152615
2.27000 0.03508391340564379
2.27200 0.034091718725538005
2.27400 0.03311994339608949
2.27600 0.032168315209709315
2.27800 0.03123656398468241
2.28000 0.030324421553600826
2.28200 0.02943162175183427
2.28400 0.02855790040607201
2.28600 0.027702995322907292
2.28800 0.02686664627749066
2.29000 0.026048595002228545
2.29200 0.02524858517554176
2.29400 0.02446636241068535
2.29600 0.023701674244611236
2.29800 0.022954270126900718
2.30000 0.02222390140873463
2.30200 0.021510321331935273
2.30400 0.0208132850180543
2.30600 0.020132549457510123
2.30800 0.019467873498791557
2.31000 0.018819017837704843
2.31200 0.018185745006677755
2.31400 0.01756781936412001
2.31600 0.016965007083832518
2.31800 0.01637707614446617
2.32000 0.015803796319052044
2.32200 0.01524493916455394
2.32400 0.014700278011502978
2.32600 0.014169587953660167
2.32800 0.013652645837749867
2.33000 0.01314923025323424
2.33200 0.012659121522142623
2.33400 0.012182101688943963
2.33600 0.011717954510490687
2.33800 0.01126646544599117
2.34000 0.010827421647039903
2.34200 0.010400611947709868
2.34400 0.009985826854672385
2.34600 0.009582858537399147
2.34800 0.009191500818368899
2.35000 0.0088115491633721
2.35200 0.008442800671832215
2.35400 0.008085054067184454
2.35600 0.007738109687314199
2.35800 0.007401769475026959
2.36000 0.007075836968579537
2.36200 0.006760117292252107
2.36400 0.006454417146976351
2.36600 0.006158544801004504
2.36800 0.0058723100806251875
2.37000 0.005595524360933986
2.37200 0.005328000556649543
2.37400 0.005069553112965284
2.37600 0.004819997996466771
2.37800 0.004579152686083427
2.38000 0.004346836164086911
2.38200 0.004122868907138974
2.38400 0.003907072877388741
2.38600 0.0036992715136113965
2.38800 0.0034992897223859727
2.39000 0.003306953869337669
2.39200 0.00312209177040289
2.39400 0.00294453268315839
2.39600 0.002774107298176676
2.39800 0.002610647730452683
2.40000 0.002453987510845785
2.40200 0.002303961577576297
2.40400 0.0021604062677853192
2.40600 0.0020231593091043936
2.40800 0.0018920598112986424
2.41000 0.0017669482579332856
2.41200 0.0016476664980990352
2.41400 0.0015340577381655388
2.41600 0.001425966533589605
2.41800 0.0013232387807618757
2.42000 0.0012257217088955156
2.42200 0.0011332638719539002
2.42400 0.001045715140632686
2.42600 0.0009629266943661667
2.42800 0.0008847510133917723
2.43000 0.0008110418708427643
2.43200 0.0007416543248961916
2.43400 0.0006764447109461119
2.43600 0.0006152706338362487
2.43800 0.0005579909601093741
2.44000 0.0005044658103238309
2.44200 0.000454556551398778
2.44400 0.00040812578898012755
2.44600 0.000365037359895319
2.44800 0.0003251563245879836
2.45000 0.0002883489596410277
2.45200 0.0002544827503208041
2.45400 0.00022342638314339303
2.45600 0.00019504973851833027
2.45800 0.000169223883395453
2.46000 0.00014582106397054994
2.46200 0.00012471469842415092
2.46400 0.00010577936969352215
2.46600 8.889081829539818e-05
2.46800 7.392593518018697e-05
2.47000 6.076275460924824e-05
2.47200 4.9280447098179405e-05
2.47400 3.9359312382672715e-05
2.47600 3.0880772411512114e-05
2.47800 2.372736439741458e-05
2.48000 1.7782733890729475e-05
2.48200 1.2931627894532434e-05
2.48400 9.05988802138425e-06
2.48600 6.054443668195993e-06
2.48800 3.8033052535857736e-06
2.49000 2.1955574742746694e-06
2.49200 1.12135259121692e-06
2.49400 4.719037793340418e-07
2.49600 1.394784810279019e-07
2.49800 1.739181056672667e-08
2.50000 0.0
