-7742.6206127300484 1.0000000000000000
-133353.26091280041 1.0000000000000000
121467.07628298206 1.0000000000000000
-63799.190149369373 1.0000000000000000
7842.1825155372044 1.0000000000000000
-25035.377235969776 1.0000000000000000
-22313.408188302561 1.0000000000000000
114733.80071284945 1.0000000000000000
2025.7489252070854 1.0000000000000000
-22981.250127006730 1.0000000000000000
3789.5142640288609 1.0000000000000000
-9198.9326738315049 1.0000000000000000
85473.599343176305 1.0000000000000000
14443.723430473607 1.0000000000000000
112516.21397132039 1.0000000000000000
8318.5872993340618 1.0000000000000000
-19335.581933800677 1.0000000000000000
-8351.2987292236030 1.0000000000000000
25891.348356501239 1.0000000000000000
-775.39170887526836 1.0000000000000000
247776.92973629234 1.0000000000000000
-31390.976927688869 1.0000000000000000
-19207.961394090180 1.0000000000000000
-17493.427058916310 1.0000000000000000
3563.4676302072885 1.0000000000000000
10153.026424801239 1.0000000000000000
-4208.1766690138893 1.0000000000000000
165.07475773665004 1.0000000000000000
-55417.376288151318 1.0000000000000000
33110.658638780733 1.0000000000000000
10416.484545620502 1.0000000000000000
38763.407656432209 1.0000000000000000
8453.6611643083979 1.0000000000000000
-3118.1174609924560 1.0000000000000000
-3119.1882491858923 1.0000000000000000
356.70761680782988 1.0000000000000000
-77166.263357490912 1.0000000000000000
-38908.008579813883 1.0000000000000000
-116687.15198337338 1.0000000000000000
-25072.604588759812 1.0000000000000000
-23139.681927821548 1.0000000000000000
-6033.2731795753762 1.0000000000000000
18409.730642313079 1.0000000000000000
-43983.583854176883 1.0000000000000000
-41903.121178071560 1.0000000000000000
-10249.916946761730 1.0000000000000000
-23290.479886523070 1.0000000000000000
25060.526549597394 1.0000000000000000
6916.7707792487190 1.0000000000000000
-3326.8387808334091 1.0000000000000000
20.755800819284204 1.0000000000000000
11978.386504536255 1.0000000000000000
3724.6392908673820 1.0000000000000000
-13948.631513163047 1.0000000000000000
14635.821666350081 1.0000000000000000
-17470.788264765721 1.0000000000000000
15494.649937497263 1.0000000000000000
-19632.198185573070 1.0000000000000000
-179.28792846327170 1.0000000000000000
6279.8972213402576 1.0000000000000000
20046.404270577030 1.0000000000000000
32936.164926033460 1.0000000000000000
53079.382282813065 1.0000000000000000
-242565.69696475496 1.0000000000000000
-17072.688580510279 1.0000000000000000
-15188.867430352288 1.0000000000000000
2888.4383995355665 1.0000000000000000
6433.7604393909551 1.0000000000000000
502040.45096133027 1.0000000000000000
127598.94063808971 1.0000000000000000
-2544.1352078517498 1.0000000000000000
-11249.254063904436 1.0000000000000000
2910.7098351259015 1.0000000000000000
-1290.6148300341845 1.0000000000000000
-42111.091224358563 1.0000000000000000
-39520.451610505748 1.0000000000000000
18666.191116092239 1.0000000000000000
62479.591085136955 1.0000000000000000
8918.2250557278494 1.0000000000000000
32333.735111408252 1.0000000000000000
87723.259649731888 1.0000000000000000
-128187.27777335864 1.0000000000000000
71384.709349703262 1.0000000000000000
897.65964815853476 1.0000000000000000
2223.1604873546044 1.0000000000000000
-24067.857685483377 1.0000000000000000
-14148.054306376738 1.0000000000000000
-57022.703064776280 1.0000000000000000
117.88531105122384 1.0000000000000000
1917.0717208773176 1.0000000000000000
-56559.426254167091 1.0000000000000000
-5752.1352754556137 1.0000000000000000
-5334.8571487858162 1.0000000000000000
4514.8379433023483 1.0000000000000000
16338.821248917067 1.0000000000000000
21360.620982026299 1.0000000000000000
-67125.408300449897 1.0000000000000000
-37042.302053757812 1.0000000000000000
-19777.992113025386 1.0000000000000000
-1485.5683672545686 1.0000000000000000
-35255.049474237734 1.0000000000000000
-756.68654279652787 1.0000000000000000
-85740.157721451527 1.0000000000000000
-72832.230869474355 1.0000000000000000
24420.589078810746 1.0000000000000000
3114.1705153825724 1.0000000000000000
-2586.4205790704600 1.0000000000000000
-405.15108932423794 1.0000000000000000
-19.318991582473878 1.0000000000000000
-1194.7727445035684 1.0000000000000000
2581.8872030458156 1.0000000000000000
31943.826051408538 1.0000000000000000
-147921.97869888146 1.0000000000000000
-8593.0696216136421 1.0000000000000000
-980.37332315154890 1.0000000000000000
34180.509190920093 1.0000000000000000
106312.21312907794 1.0000000000000000
81685.088962432987 1.0000000000000000
-2169.2112898959072 1.0000000000000000
4660.6405323882791 1.0000000000000000
12014.596396225958 1.0000000000000000
79430.896748207000 1.0000000000000000
-93037.607432188684 1.0000000000000000
-15002.457683422910 1.0000000000000000
30106.586062757491 1.0000000000000000
66010.506601474161 1.0000000000000000
5023.7130201460441 1.0000000000000000
-987.75119771365303 1.0000000000000000
-30068.867943769215 1.0000000000000000
-40647.795270606301 1.0000000000000000
14580.529900849971 1.0000000000000000
-28445.512828975319 1.0000000000000000
-66593.087642482817 1.0000000000000000
-91040.418700106529 1.0000000000000000
47194.278475532788 1.0000000000000000
-94625.808297031865 1.0000000000000000
-90037.346888739630 1.0000000000000000
10739.706724353520 1.0000000000000000
-44362.594077549846 1.0000000000000000
9628.1532195649615 1.0000000000000000
18505.710476646876 1.0000000000000000
-3440.1864701760719 1.0000000000000000
-275.64465200327817 1.0000000000000000
-9674.3602212156093 1.0000000000000000
-1060.9947171475326 1.0000000000000000
-17170.122290572835 1.0000000000000000
28711.610441170746 1.0000000000000000
-12553.618420923793 1.0000000000000000
-8429.1902238132297 1.0000000000000000
8420.7293672129217 1.0000000000000000
-19595.898127278695 1.0000000000000000
53498.869916419244 1.0000000000000000
6086.4323812378716 1.0000000000000000
-4590.2172158439262 1.0000000000000000
-730.16571097463645 1.0000000000000000
-15436.141382220760 1.0000000000000000
30804.671334677427 1.0000000000000000
18986.951136872278 1.0000000000000000
-46451.469749594886 1.0000000000000000
9555.0754485759844 1.0000000000000000
4126.7346279486810 1.0000000000000000
16350.123316850861 1.0000000000000000
13765.180026994773 1.0000000000000000
13430.737345367146 1.0000000000000000
6208.4631519372633 1.0000000000000000
-2263.4127581024163 1.0000000000000000
132752.34814703974 1.0000000000000000
-15283.157986017673 1.0000000000000000
-36578.703834481843 1.0000000000000000
22945.946735197540 1.0000000000000000
18230.180198317725 1.0000000000000000
-14800.065216096358 1.0000000000000000
-2734.0705849800988 1.0000000000000000
-22328.032787572556 1.0000000000000000
7855.1954696686735 1.0000000000000000
22038.695604970762 1.0000000000000000
20397.087747137510 1.0000000000000000
1192.8750489612244 1.0000000000000000
-51926.986646646532 1.0000000000000000
-1874.4631800653610 1.0000000000000000
-527.09089057679796 1.0000000000000000
-579.74456495824938 1.0000000000000000
-10004.830722955014 1.0000000000000000
-12158.177332922307 1.0000000000000000
-81421.738224083500 1.0000000000000000
20944.783934686173 1.0000000000000000
48115.915977812481 1.0000000000000000
-271577.86698574451 1.0000000000000000
13800.595128518509 1.0000000000000000
-2152.0818344927952 1.0000000000000000
-1864.4458458218467 1.0000000000000000
3019.7988184060137 1.0000000000000000
-57320.042305436560 1.0000000000000000
-18578.687578841211 1.0000000000000000
80909.255433120692 1.0000000000000000
-25641.130195799422 1.0000000000000000
35665.721540178958 1.0000000000000000
-39948.624398621847 1.0000000000000000
-28097.842353631193 1.0000000000000000
-121891.38617593441 1.0000000000000000
4371.8689783188829 1.0000000000000000
1953.4468025408637 1.0000000000000000
28470.117371799235 1.0000000000000000
7075.4484511349756 1.0000000000000000
-903.15689369934591 1.0000000000000000
2925.7146960182372 1.0000000000000000
-43361.251672404491 1.0000000000000000
40496.519179905408 1.0000000000000000
-15263.050208305704 1.0000000000000000
-11750.136114597926 1.0000000000000000
-8630.7739348632149 1.0000000000000000
-21462.104818431115 1.0000000000000000
-3875.5830161334161 1.0000000000000000
19939.308382855445 1.0000000000000000
42245.673810706212 1.0000000000000000
89786.207345493080 1.0000000000000000
83685.624835740964 1.0000000000000000
-72.938444864063371 1.0000000000000000
81436.149304942519 1.0000000000000000
-71513.556049875886 1.0000000000000000
-139937.66438044075 1.0000000000000000
-2829.7129921915125 1.0000000000000000
6621.5924688652585 1.0000000000000000
27558.780073482314 1.0000000000000000
-9770.5756758619573 1.0000000000000000
-1261.6080721014428 1.0000000000000000
777.94913530986003 1.0000000000000000
-916.62977235328003 1.0000000000000000
4142.3725639764734 1.0000000000000000
-30299.314296926750 1.0000000000000000
4709.6792558454699 1.0000000000000000
-65622.361549087451 1.0000000000000000
25295.974771027053 1.0000000000000000
10244.161685240158 1.0000000000000000
9620.1760438166384 1.0000000000000000
-245.53341409127771 1.0000000000000000
-1612.6494037442137 1.0000000000000000
43806.655079330536 1.0000000000000000
-56797.840892695654 1.0000000000000000
20304.671533316661 1.0000000000000000
19508.995440355837 1.0000000000000000
36191.145149834767 1.0000000000000000
-6654.3133752550602 1.0000000000000000
21372.684127694938 1.0000000000000000
19548.937286819593 1.0000000000000000
-26109.991596654636 1.0000000000000000
-1602.7890998644129 1.0000000000000000
13167.790999929073 1.0000000000000000
-2565.2643422413043 1.0000000000000000
32449.935488403091 1.0000000000000000
11133.690992976462 1.0000000000000000
-19264.117440968756 1.0000000000000000
34629.391250467539 1.0000000000000000
78924.329221020264 1.0000000000000000
7326.3070214821255 1.0000000000000000
40204.440821394011 1.0000000000000000
13738.500953462461 1.0000000000000000
-384.69314837134056 1.0000000000000000
17259.232560548207 1.0000000000000000
98075.988933977671 1.0000000000000000
11348.677218081270 1.0000000000000000
12009.538101420403 1.0000000000000000
6076.0736759184183 1.0000000000000000
-66104.166679138318 1.0000000000000000
3929.3468068412385 1.0000000000000000
43114.137242279328 1.0000000000000000
1288.5450857318049 1.0000000000000000
-33360.970458974618 1.0000000000000000
-13746.204393315127 1.0000000000000000
-4733.8168967505089 1.0000000000000000
-177940.79117469638 1.0000000000000000
-202338.88487605038 1.0000000000000000
-6476.4751140192857 1.0000000000000000
-17639.592993040933 1.0000000000000000
-3308.4951008820917 1.0000000000000000
-36687.890923869134 1.0000000000000000
20534.521336859194 1.0000000000000000
-122586.88933517343 1.0000000000000000
-22094.419738348468 1.0000000000000000
6454.8349374343825 1.0000000000000000
7018.8306806912633 1.0000000000000000
-624.97161090817326 1.0000000000000000
-23225.277819012194 1.0000000000000000
219143.77519991790 1.0000000000000000
-7638.3061334237709 1.0000000000000000
-6698.5662594234063 1.0000000000000000
-14957.738647929504 1.0000000000000000
1428.6425678998380 1.0000000000000000
66245.770989940283 1.0000000000000000
-43243.804936423665 1.0000000000000000
-9036.5599853588938 1.0000000000000000
6725.9795267941836 1.0000000000000000
9994.1898178108058 1.0000000000000000
327.28993358332895 1.0000000000000000
36038.025746469335 1.0000000000000000
-6685.1290173703019 1.0000000000000000
-35005.121181953407 1.0000000000000000
19124.025478528118 1.0000000000000000
-35092.454083321856 1.0000000000000000
17103.602116833481 1.0000000000000000
-1220.9035093418677 1.0000000000000000
1673.6330052287510 1.0000000000000000
25670.884075396811 1.0000000000000000
-757.98230614017336 1.0000000000000000
-1273.7979268531587 1.0000000000000000
-50812.121313279247 1.0000000000000000
11010.001221951279 1.0000000000000000
-99923.700918824718 1.0000000000000000
573.70050167605064 1.0000000000000000
-152614.96480455110 1.0000000000000000
-101119.75405877977 1.0000000000000000
-15223.714618608095 1.0000000000000000
3814.0798343459487 1.0000000000000000
-8675.8029527236995 1.0000000000000000
-751.07958179309207 1.0000000000000000
-13569.820430511896 1.0000000000000000
-12356.348482075458 1.0000000000000000
-357.33960326024089 1.0000000000000000
813.28088624227178 1.0000000000000000
30208.585322138217 1.0000000000000000
63006.229578604871 1.0000000000000000
54345.999327835343 1.0000000000000000
8613.0126042257161 1.0000000000000000
-44699.125214303720 1.0000000000000000
-1924.2688230846347 1.0000000000000000
14058.803767912641 1.0000000000000000
49057.842920508592 1.0000000000000000
4545.3813986991463 1.0000000000000000
-1234.0656914335889 1.0000000000000000
-1190.5113165973489 1.0000000000000000
-4660.9942738033815 1.0000000000000000
-5735.2074829352123 1.0000000000000000
67395.516458239756 1.0000000000000000
-39296.376203735708 1.0000000000000000
-7081.6865571969311 1.0000000000000000
-3534.9869937090252 1.0000000000000000
4513.2139643799101 1.0000000000000000
17076.898770950680 1.0000000000000000
-73132.104128334089 1.0000000000000000
-8374.3713052025360 1.0000000000000000
143.58159804070687 1.0000000000000000
-3675.1089469071767 1.0000000000000000
81317.185572873976 1.0000000000000000
7258.9694562562890 1.0000000000000000
29777.733689542198 1.0000000000000000
-28673.749693621965 1.0000000000000000
52726.524601716068 1.0000000000000000
5110.9373537971051 1.0000000000000000
-109.66974872837226 1.0000000000000000
50433.580281777613 1.0000000000000000
48227.008319770714 1.0000000000000000
39215.719683249103 1.0000000000000000
10656.702474498672 1.0000000000000000
4032.9550939165219 1.0000000000000000
-70619.768346915807 1.0000000000000000
1123.4591381487537 1.0000000000000000
25966.872672676840 1.0000000000000000
30356.197674823852 1.0000000000000000
61829.784818734544 1.0000000000000000
-16588.572363327719 1.0000000000000000
-25157.026956301219 1.0000000000000000
-15433.045601799038 1.0000000000000000
39631.087513037055 1.0000000000000000
66047.197830900011 1.0000000000000000
-2161.7133575007756 1.0000000000000000
54494.454023784150 1.0000000000000000
-9577.8765945261421 1.0000000000000000
39511.023220025258 1.0000000000000000
-10066.415090095941 1.0000000000000000
-21566.850692842065 1.0000000000000000
132404.32847840938 1.0000000000000000
40545.864344100642 1.0000000000000000
6781.6995716350602 1.0000000000000000
-26425.887997698363 1.0000000000000000
26447.835575365076 1.0000000000000000
15108.796455315975 1.0000000000000000
-45954.801118581046 1.0000000000000000
-8.5309467732569644 1.0000000000000000
-1169.2984406801088 1.0000000000000000
-5226.5843028878826 1.0000000000000000
511.01746794578298 1.0000000000000000
2678.7439078547827 1.0000000000000000
-15497.214725381438 1.0000000000000000
83270.314460542577 1.0000000000000000
-33359.564653507688 1.0000000000000000
88651.442905388889 1.0000000000000000
-38313.173594762477 1.0000000000000000
858.75934952671446 1.0000000000000000
-9650.3326041737873 1.0000000000000000
2477.3853815864468 1.0000000000000000
1743.7179399771019 1.0000000000000000
2511.2651258070032 1.0000000000000000
-1175.2996035274546 1.0000000000000000
3968.3121300625116 1.0000000000000000
-67958.352595215809 1.0000000000000000
88763.653773433893 1.0000000000000000
26461.896990016870 1.0000000000000000
28570.735686348660 1.0000000000000000
-41143.200444624184 1.0000000000000000
11619.323588117122 1.0000000000000000
3256.1106951562551 1.0000000000000000
1330.7239433641528 1.0000000000000000
7515.1190287068466 1.0000000000000000
4100.7180158723149 1.0000000000000000
17267.103257785893 1.0000000000000000
-29135.745902447023 1.0000000000000000
-961.40043208040197 1.0000000000000000
5718.0083206932613 1.0000000000000000
79304.931577259704 1.0000000000000000
6232.6950921759626 1.0000000000000000
-30886.336655443138 1.0000000000000000
12308.881015718891 1.0000000000000000
-23660.613089664581 1.0000000000000000
12020.263601007220 1.0000000000000000
-347080.57712015294 1.0000000000000000
76472.121881529019 1.0000000000000000
-122224.50602233529 1.0000000000000000
-3617.4816406790092 1.0000000000000000
-266897.76024517429 1.0000000000000000
-1869.2377652340369 1.0000000000000000
-68194.840259304881 1.0000000000000000
-174823.33170649590 1.0000000000000000
1819.0141638850505 1.0000000000000000
-30230.027609132063 1.0000000000000000
-80531.677021528260 1.0000000000000000
-10570.504908459128 1.0000000000000000
-22151.597480529905 1.0000000000000000
1185.6968004816051 1.0000000000000000
-197855.83330144134 1.0000000000000000
19064.534196518227 1.0000000000000000
-50284.264822251636 1.0000000000000000
-32006.491808225172 1.0000000000000000
163631.28342449054 1.0000000000000000
70364.092268677545 1.0000000000000000
35858.156865998892 1.0000000000000000
-8075.5300105615397 1.0000000000000000
-18480.464106894298 1.0000000000000000
205250.83955426040 1.0000000000000000
3436.1631642174120 1.0000000000000000
11692.072237447141 1.0000000000000000
6880.3970223300284 1.0000000000000000
41157.527497894487 1.0000000000000000
-17389.004315527429 1.0000000000000000
5343.6509520749933 1.0000000000000000
18673.612690741236 1.0000000000000000
-46238.014782071426 1.0000000000000000
46856.194793332768 1.0000000000000000
16134.327339324025 1.0000000000000000
14899.967398532430 1.0000000000000000
-8927.4719939725856 1.0000000000000000
9913.4551825464787 1.0000000000000000
-41482.608280656292 1.0000000000000000
18144.219006908854 1.0000000000000000
-217.80717254115834 1.0000000000000000
-11628.321823452381 1.0000000000000000
-3646.6668452840458 1.0000000000000000
-4004.2134278710769 1.0000000000000000
31870.704673585151 1.0000000000000000
-33226.801437380440 1.0000000000000000
1790.4090535633022 1.0000000000000000
-17107.772773813889 1.0000000000000000
-711.79803028592642 1.0000000000000000
16006.596588655941 1.0000000000000000
-1865.8513684310444 1.0000000000000000
21472.323052270196 1.0000000000000000
-463.79225974910287 1.0000000000000000
-15128.109607636130 1.0000000000000000
-5038.2823554299084 1.0000000000000000
46060.111480884443 1.0000000000000000
-99633.593385750835 1.0000000000000000
-243408.18735218304 1.0000000000000000
-32237.738646924263 1.0000000000000000
-88775.427662719274 1.0000000000000000
40969.380284732528 1.0000000000000000
-3704.6895414394608 1.0000000000000000
-260351.63612438450 1.0000000000000000
10092.456189258719 1.0000000000000000
-6044.3770835246669 1.0000000000000000
-5797.6033591703163 1.0000000000000000
6269.1943290025338 1.0000000000000000
-4181.4370073419195 1.0000000000000000
55574.190490346933 1.0000000000000000
10715.878975163725 1.0000000000000000
-28496.588064982494 1.0000000000000000
12105.636118226377 1.0000000000000000
-44082.967797540390 1.0000000000000000
2652.2407723075366 1.0000000000000000
339.19591924252558 1.0000000000000000
-2912.5944782973284 1.0000000000000000
-3623.6590077763494 1.0000000000000000
76230.247464173866 1.0000000000000000
-13922.210838459205 1.0000000000000000
54610.891637877583 1.0000000000000000
17541.788982878763 1.0000000000000000
6653.0290710437512 1.0000000000000000
-8852.2552730682164 1.0000000000000000
-14019.490207341647 1.0000000000000000
-268.69998733991162 1.0000000000000000
-63531.483770712002 1.0000000000000000
-3837.6379800858053 1.0000000000000000
52722.490294030533 1.0000000000000000
21535.059945644378 1.0000000000000000
18041.822889864416 1.0000000000000000
9435.2530744471933 1.0000000000000000
46899.314030023452 1.0000000000000000
664.19716941235072 1.0000000000000000
7844.2485654190823 1.0000000000000000
-21595.036829201417 1.0000000000000000
6170.2444784137997 1.0000000000000000
74775.335581713080 1.0000000000000000
-37887.622383098067 1.0000000000000000
-43204.217866353174 1.0000000000000000
-3158.8869409238473 1.0000000000000000
113821.34408972161 1.0000000000000000
16200.173241086222 1.0000000000000000
-5185.8087372081300 1.0000000000000000
-7589.8502667689718 1.0000000000000000
-203679.31715346652 1.0000000000000000
-88343.621309032358 1.0000000000000000
150707.01178646789 1.0000000000000000
-106688.83024402297 1.0000000000000000
-3892.4789032174308 1.0000000000000000
72892.658037469213 1.0000000000000000
2283.3248731935719 1.0000000000000000
132676.34846924088 1.0000000000000000
35884.491317730353 1.0000000000000000
5120.6042447110149 1.0000000000000000
-8165.8544788266927 1.0000000000000000
365.24465175825424 1.0000000000000000
-4944.6682942589086 1.0000000000000000
-74624.430793746142 1.0000000000000000
37996.196895333858 1.0000000000000000
68541.606540555891 1.0000000000000000
-54238.637174316049 1.0000000000000000
-3538.9312334947995 1.0000000000000000
5791.7306373809906 1.0000000000000000
-857.96217805851745 1.0000000000000000
16724.061955903991 1.0000000000000000
-56723.072801990551 1.0000000000000000
-5621.8984235384578 1.0000000000000000
10517.346378472042 1.0000000000000000
76388.303938483325 1.0000000000000000
12355.089690620740 1.0000000000000000
19030.746068473818 1.0000000000000000
-9391.5904480655881 1.0000000000000000
-45862.314839569677 1.0000000000000000
-18341.915589428296 1.0000000000000000
-11662.246970895190 1.0000000000000000
-14322.110030627033 1.0000000000000000
-24306.878229270256 1.0000000000000000
-11204.461622428451 1.0000000000000000
-10294.813669009125 1.0000000000000000
1067.2809878498911 1.0000000000000000
-57774.766054162588 1.0000000000000000
-1257.8353760789146 1.0000000000000000
36991.777927112853 1.0000000000000000
26790.549077986096 1.0000000000000000
52457.478524073485 1.0000000000000000
-102047.51782427961 1.0000000000000000
2890.3176433111198 1.0000000000000000
8697.2724723458159 1.0000000000000000
-434.20767321348137 1.0000000000000000
-10208.794033140646 1.0000000000000000
20930.685102335709 1.0000000000000000
-85207.186213581357 1.0000000000000000
2281.7864109994402 1.0000000000000000
-23081.692323913241 1.0000000000000000
-73921.684739066040 1.0000000000000000
62502.574671811235 1.0000000000000000
-18116.238352384542 1.0000000000000000
-89878.086416008766 1.0000000000000000
5070.1287975024807 1.0000000000000000
-68122.524177833402 1.0000000000000000
16483.299064382736 1.0000000000000000
-13875.968630953324 1.0000000000000000
12466.117953416146 1.0000000000000000
3446.6453165326820 1.0000000000000000
15551.996534562770 1.0000000000000000
-14269.510555074370 1.0000000000000000
51059.535830679961 1.0000000000000000
-13119.545671055892 1.0000000000000000
-3352.7309708592516 1.0000000000000000
-8326.8433392916377 1.0000000000000000
-7163.5446397615588 1.0000000000000000
14769.429949207335 1.0000000000000000
63256.449369979418 1.0000000000000000
-30434.596515156765 1.0000000000000000
49615.311313168262 1.0000000000000000
5946.3841569612068 1.0000000000000000
-6905.7763034999789 1.0000000000000000
13804.520492838379 1.0000000000000000
50483.624657779357 1.0000000000000000
-33376.052801275655 1.0000000000000000
18223.172241581011 1.0000000000000000
351850.95781143539 1.0000000000000000
-21837.061641868342 1.0000000000000000
4287.5893156013017 1.0000000000000000
-26645.583961331402 1.0000000000000000
-120413.47249514656 1.0000000000000000
-763.03276900956189 1.0000000000000000
-51264.816475635598 1.0000000000000000
-3722.1206189396121 1.0000000000000000
901.46398352764083 1.0000000000000000
-81956.946232222777 1.0000000000000000
35718.201246094446 1.0000000000000000
-52195.940727670008 1.0000000000000000
38650.174615652330 1.0000000000000000
60752.805734941183 1.0000000000000000
-7657.2997209428040 1.0000000000000000
-3740.1188760879122 1.0000000000000000
-87686.916584761304 1.0000000000000000
1071.7604006544109 1.0000000000000000
38581.924357543023 1.0000000000000000
48590.511587549350 1.0000000000000000
245670.89695736513 1.0000000000000000
21511.600992588032 1.0000000000000000
777.31015752569101 1.0000000000000000
51635.452691948063 1.0000000000000000
-11659.255817237825 1.0000000000000000
-10517.674293928372 1.0000000000000000
9367.9558587050124 1.0000000000000000
-48297.809157521129 1.0000000000000000
-69572.145953027124 1.0000000000000000
4783.4708522752107 1.0000000000000000
6893.2665704358851 1.0000000000000000
15278.533278066581 1.0000000000000000
-99538.820228457480 1.0000000000000000
-1414.2891763402852 1.0000000000000000
-50041.107659079156 1.0000000000000000
55109.630443184506 1.0000000000000000
22626.830838525693 1.0000000000000000
-3748.1682770792613 1.0000000000000000
-7453.8962584229548 1.0000000000000000
2129.8514800542421 1.0000000000000000
-37913.795170475882 1.0000000000000000
50181.415475133304 1.0000000000000000
39688.322554135309 1.0000000000000000
-9823.4196155421942 1.0000000000000000
-21329.300476690652 1.0000000000000000
-49734.135756934906 1.0000000000000000
-35758.531681259505 1.0000000000000000
-152471.66834777608 1.0000000000000000
30518.874404225164 1.0000000000000000
-55677.774734042694 1.0000000000000000
-6868.6469806665182 1.0000000000000000
34228.610120521749 1.0000000000000000
41207.567837326584 1.0000000000000000
-6019.8907024420268 1.0000000000000000
-3224.3667626258207 1.0000000000000000
78492.219654963337 1.0000000000000000
15000.152123406058 1.0000000000000000
2970.0684654024622 1.0000000000000000
-6714.9789830614345 1.0000000000000000
16108.139123671457 1.0000000000000000
-25506.639849405361 1.0000000000000000
77122.326725771811 1.0000000000000000
57713.399414815984 1.0000000000000000
-1864.1887485819952 1.0000000000000000
-5100.9366183285647 1.0000000000000000
-79419.567376909195 1.0000000000000000
12230.814978257202 1.0000000000000000
-20778.859162143330 1.0000000000000000
10689.125259679769 1.0000000000000000
-66961.534556996150 1.0000000000000000
-99992.345510661311 1.0000000000000000
28327.480532630740 1.0000000000000000
7591.5776118534204 1.0000000000000000
-17345.087630128710 1.0000000000000000
5591.9182032331437 1.0000000000000000
-114712.04230972598 1.0000000000000000
30027.794164315714 1.0000000000000000
29177.096590917787 1.0000000000000000
2400.4419044280921 1.0000000000000000
1001.8808363578005 1.0000000000000000
-15817.334877071060 1.0000000000000000
539953.37324205448 1.0000000000000000
3826.2887494300512 1.0000000000000000
72420.701418378827 1.0000000000000000
55633.252224541007 1.0000000000000000
-48435.906132375589 1.0000000000000000
22960.153884421044 1.0000000000000000
2248.0875945401544 1.0000000000000000
9916.7917056970291 1.0000000000000000
6833.8299153170592 1.0000000000000000
-979.87799780192506 1.0000000000000000
3268.9455967590288 1.0000000000000000
55182.754191257605 1.0000000000000000
17713.008657756411 1.0000000000000000
-14114.723537415224 1.0000000000000000
20851.882833710501 1.0000000000000000
74314.229958651194 1.0000000000000000
-2341.5815378283137 1.0000000000000000
7309.9728409759673 1.0000000000000000
-1112.1155187176141 1.0000000000000000
-6712.7240966891650 1.0000000000000000
4810.8033726966496 1.0000000000000000
-18950.876861206481 1.0000000000000000
2872.4616778313871 1.0000000000000000
86471.506788405939 1.0000000000000000
-5998.3582566562054 1.0000000000000000
72586.129871596073 1.0000000000000000
-24346.853790061250 1.0000000000000000
279.95564138758209 1.0000000000000000
7707.0527655424985 1.0000000000000000
-14284.487439114417 1.0000000000000000
73046.568265799549 1.0000000000000000
-78577.045092600252 1.0000000000000000
-22968.725447840039 1.0000000000000000
1116.1108708030310 1.0000000000000000
818.25914219968104 1.0000000000000000
-40924.081596257449 1.0000000000000000
3406.7093324936814 1.0000000000000000
-40939.641433920537 1.0000000000000000
80550.944862781616 1.0000000000000000
6184.7365673357253 1.0000000000000000
-1551.5049035076215 1.0000000000000000
-3729.7169902636761 1.0000000000000000
4094.6485033237568 1.0000000000000000
-20769.616409438968 1.0000000000000000
3131.2814906541157 1.0000000000000000
-7038.7616386920190 1.0000000000000000
-509.62465296652277 1.0000000000000000
10306.760212166662 1.0000000000000000
-100156.60456270442 1.0000000000000000
61464.749259165852 1.0000000000000000
7954.1358139661461 1.0000000000000000
31403.996737002257 1.0000000000000000
14043.954495357168 1.0000000000000000
-53926.778097759154 1.0000000000000000
15056.385619195973 1.0000000000000000
13527.475207946947 1.0000000000000000
23199.340526827247 1.0000000000000000
9292.5415757059800 1.0000000000000000
4532.3394647452342 1.0000000000000000
6151.4753170389404 1.0000000000000000
3034.5979963929608 1.0000000000000000
-10578.082217296855 1.0000000000000000
-6858.8803851665762 1.0000000000000000
-19714.257877816039 1.0000000000000000
151359.28668806324 1.0000000000000000
-13914.464576387723 1.0000000000000000
-32282.641024984510 1.0000000000000000
-61759.456275018136 1.0000000000000000
-38126.336083422728 1.0000000000000000
-36474.771815244843 1.0000000000000000
21864.636905917479 1.0000000000000000
15133.319773449319 1.0000000000000000
-9295.0128753602476 1.0000000000000000
8357.6926974659418 1.0000000000000000
-11026.007931631015 1.0000000000000000
41268.680263985436 1.0000000000000000
3629.1416466446481 1.0000000000000000
274509.44167506677 1.0000000000000000
19474.728441740248 1.0000000000000000
-7233.6584389358022 1.0000000000000000
4060.8079850165018 1.0000000000000000
32269.869906484295 1.0000000000000000
-5661.2649640436384 1.0000000000000000
-22485.953137212829 1.0000000000000000
3668.3580752184380 1.0000000000000000
121702.80273028123 1.0000000000000000
4318.2904105707184 1.0000000000000000
25498.695780460454 1.0000000000000000
11542.110090196606 1.0000000000000000
-71784.545409122788 1.0000000000000000
67295.675743643573 1.0000000000000000
9000.5947589737552 1.0000000000000000
11560.209080705295 1.0000000000000000
34138.217216440884 1.0000000000000000
-77227.649789205170 1.0000000000000000
74645.998146382743 1.0000000000000000
96927.715918299145 1.0000000000000000
23109.601760635389 1.0000000000000000
918.34177807199330 1.0000000000000000
40752.592787524532 1.0000000000000000
9295.0689726356650 1.0000000000000000
-2862.5721824037664 1.0000000000000000
-53491.181427494448 1.0000000000000000
-2842.0915092771488 1.0000000000000000
-70497.334687623152 1.0000000000000000
-10955.876934057858 1.0000000000000000
-11497.372842778625 1.0000000000000000
451.98373890914797 1.0000000000000000
10941.702751852819 1.0000000000000000
3490.1272321800457 1.0000000000000000
9435.1529628033932 1.0000000000000000
-8032.5928139590605 1.0000000000000000
-10024.973758144784 1.0000000000000000
-10112.859935269555 1.0000000000000000
-54452.613485338166 1.0000000000000000
188484.35144715395 1.0000000000000000
-8917.6676585030455 1.0000000000000000
-13721.087366948226 1.0000000000000000
-5085.1004016251118 1.0000000000000000
7186.8835056414227 1.0000000000000000
-745.11093200134678 1.0000000000000000
1620.5325854168786 1.0000000000000000
-1328.5644733099064 1.0000000000000000
189024.38271777489 1.0000000000000000
-113416.79478266662 1.0000000000000000
5374.6569433840932 1.0000000000000000
6458.5582907817061 1.0000000000000000
44897.084805960760 1.0000000000000000
-4736.7072203363996 1.0000000000000000
2587.1725102283949 1.0000000000000000
3566.7925455078562 1.0000000000000000
-7349.2186180855097 1.0000000000000000
344.04070702425236 1.0000000000000000
-68413.500967859320 1.0000000000000000
28589.165097547258 1.0000000000000000
14532.015109963995 1.0000000000000000
56686.214368451256 1.0000000000000000
-5893.5860722623966 1.0000000000000000
19040.218888108640 1.0000000000000000
2190.2466054837760 1.0000000000000000
59624.129090151233 1.0000000000000000
-18779.878110585403 1.0000000000000000
13899.168815209558 1.0000000000000000
-170309.11643764222 1.0000000000000000
43329.302568665502 1.0000000000000000
68218.465729899952 1.0000000000000000
63753.751247843262 1.0000000000000000
4403.1917615251841 1.0000000000000000
3564.8243971842644 1.0000000000000000
-10020.493346336465 1.0000000000000000
-30239.718778645460 1.0000000000000000
-19049.138223975646 1.0000000000000000
-9910.7157330490700 1.0000000000000000
-4431.5442851281332 1.0000000000000000
2074.5693829344223 1.0000000000000000
-24935.197862065088 1.0000000000000000
-45704.039139642562 1.0000000000000000
12303.312327550630 1.0000000000000000
-2150.4320083554903 1.0000000000000000
30772.387454467102 1.0000000000000000
-7886.7929584551002 1.0000000000000000
10370.753429589058 1.0000000000000000
-18343.443240176770 1.0000000000000000
-2622.3389607806957 1.0000000000000000
-2106.5613385057086 1.0000000000000000
-97295.555813331652 1.0000000000000000
8664.5189706757283 1.0000000000000000
-137565.74292121534 1.0000000000000000
2732.8964499720560 1.0000000000000000
-578.98712306196569 1.0000000000000000
2460.0252248709976 1.0000000000000000
3551.4946687302840 1.0000000000000000
-3317.1660680446134 1.0000000000000000
-48822.365194712555 1.0000000000000000
3263.8107454030874 1.0000000000000000
-234.46534738850625 1.0000000000000000
-12604.729063509956 1.0000000000000000
18710.788535905740 1.0000000000000000
1702.4806382662398 1.0000000000000000
-914.31616138276411 1.0000000000000000
435896.33579232352 1.0000000000000000
417.55610946430755 1.0000000000000000
14356.935015610467 1.0000000000000000
13566.249633653117 1.0000000000000000
-5658.4222822318779 1.0000000000000000
-26370.848338212549 1.0000000000000000
55172.619820565145 1.0000000000000000
-8341.9029902562997 1.0000000000000000
-68819.986327844439 1.0000000000000000
4586.3012736066285 1.0000000000000000
238.90977588687485 1.0000000000000000
-893.15616208254607 1.0000000000000000
-8251.3356012641907 1.0000000000000000
-95047.314855473698 1.0000000000000000
36498.368724319596 1.0000000000000000
-812.70436120732711 1.0000000000000000
-4952.6555036432301 1.0000000000000000
-5503.7080319709212 1.0000000000000000
-95330.674179788402 1.0000000000000000
-3240.5925738475144 1.0000000000000000
28586.810972147210 1.0000000000000000
-27780.396988021526 1.0000000000000000
6626.1741208661015 1.0000000000000000
-1970.4543541098442 1.0000000000000000
-31171.659907785343 1.0000000000000000
188886.22090479304 1.0000000000000000
-7005.8189072133137 1.0000000000000000
61631.890842750276 1.0000000000000000
-45934.227709693325 1.0000000000000000
2079.6869980976139 1.0000000000000000
-14691.234552924725 1.0000000000000000
-153286.36415179694 1.0000000000000000
-41177.042910587392 1.0000000000000000
139484.01055622555 1.0000000000000000
5773.1756073977522 1.0000000000000000
-91719.549916509015 1.0000000000000000
36888.563526015510 1.0000000000000000
49590.862940163795 1.0000000000000000
149049.67753936784 1.0000000000000000
-4218.1582376948818 1.0000000000000000
340038.55055620469 1.0000000000000000
-11360.233123770906 1.0000000000000000
-4722.9083443566160 1.0000000000000000
2050.9025103048352 1.0000000000000000
-8152.4164755202637 1.0000000000000000
-318030.59790972545 1.0000000000000000
48291.974627942371 1.0000000000000000
-116518.18217132745 1.0000000000000000
-1906.6042832958790 1.0000000000000000
289.65430804519946 1.0000000000000000
-7860.5100992694297 1.0000000000000000
-1044.5628883707075 1.0000000000000000
-38586.843681122795 1.0000000000000000
-9862.0875438528674 1.0000000000000000
-61755.900062930792 1.0000000000000000
23681.635123995333 1.0000000000000000
7408.7440365186230 1.0000000000000000
54390.801597370686 1.0000000000000000
55797.109267115113 1.0000000000000000
-27309.728319997499 1.0000000000000000
-83988.054773166674 1.0000000000000000
-43773.000545820993 1.0000000000000000
-5920.7324256357033 1.0000000000000000
10852.431092923269 1.0000000000000000
-21765.363194669095 1.0000000000000000
-27529.199773304637 1.0000000000000000
72632.203107077949 1.0000000000000000
-42230.888227883326 1.0000000000000000
44955.355796727461 1.0000000000000000
1834.7511180765396 1.0000000000000000
-29212.134434133786 1.0000000000000000
-26687.802589494502 1.0000000000000000
-7207.1624807416538 1.0000000000000000
6927.6766720476453 1.0000000000000000
-8277.5406787203156 1.0000000000000000
-80286.045054476883 1.0000000000000000
20099.513698763727 1.0000000000000000
3870.7260347258898 1.0000000000000000
-20201.006429664485 1.0000000000000000
-331.47909068204393 1.0000000000000000
-40965.435024683371 1.0000000000000000
69942.245476345299 1.0000000000000000
-63124.447561566289 1.0000000000000000
-219879.60336864367 1.0000000000000000
-192.25566773215158 1.0000000000000000
-21792.196208023241 1.0000000000000000
25304.573893630295 1.0000000000000000
-24688.606409450691 1.0000000000000000
-37464.087161058691 1.0000000000000000
37219.333291281000 1.0000000000000000
-11056.958400218982 1.0000000000000000
37323.173021007642 1.0000000000000000
6304.9206862700048 1.0000000000000000
36775.066150678627 1.0000000000000000
-5480.2661933144063 1.0000000000000000
38070.552190726346 1.0000000000000000
-30199.776726499262 1.0000000000000000
-10963.480597717300 1.0000000000000000
24674.352193620758 1.0000000000000000
7782.2174637731032 1.0000000000000000
5461.7463222038668 1.0000000000000000
8049.7239649769417 1.0000000000000000
-40004.407133069668 1.0000000000000000
-9067.9626181229196 1.0000000000000000
5777.1501764281411 1.0000000000000000
-2146.5352651368644 1.0000000000000000
-36335.869993717723 1.0000000000000000
-14225.882040444038 1.0000000000000000
37481.207688942348 1.0000000000000000
-66505.336766769949 1.0000000000000000
46116.664852757662 1.0000000000000000
-3255.1989378095423 1.0000000000000000
-81833.633713142306 1.0000000000000000
177633.15361313114 1.0000000000000000
2143.9453412634261 1.0000000000000000
39139.379086394496 1.0000000000000000
-39410.750847997602 1.0000000000000000
43789.446732272787 1.0000000000000000
2116.0307105926577 1.0000000000000000
-75892.417157893258 1.0000000000000000
20496.144847663960 1.0000000000000000
30111.206584559597 1.0000000000000000
-24587.760040769175 1.0000000000000000
-8407.4051815941493 1.0000000000000000
46825.815336490996 1.0000000000000000
806.64553179920711 1.0000000000000000
77676.117862564424 1.0000000000000000
-102994.66804523850 1.0000000000000000
42351.394549224831 1.0000000000000000
-20921.518448367489 1.0000000000000000
-31512.530484503637 1.0000000000000000
-6081.7424486654099 1.0000000000000000
-238161.94352853508 1.0000000000000000
-49753.634915823946 1.0000000000000000
67314.593568491036 1.0000000000000000
33446.591850716322 1.0000000000000000
-16468.082444557404 1.0000000000000000
68963.039095813438 1.0000000000000000
-16610.525563376428 1.0000000000000000
-24284.283667558473 1.0000000000000000
-2655.2848767253827 1.0000000000000000
-12316.343654207099 1.0000000000000000
-81100.637036574321 1.0000000000000000
37500.164091954037 1.0000000000000000
-6815.2532498948394 1.0000000000000000
